chr	rs	ps	n_miss	allele1	allele0	af	beta	se	logl_H1	l_remle	l_mle	p_wald	p_lrt	p_score
0	cP1	0	0	2	1	0.013	6.818777e-01	1.520164e-01	6.398540e+03	1.000000e+05	1.000000e+05	7.791623e-06	7.665230e-06	8.753165e-06
0	cP15	0	0	2	1	0.050	-1.579682e+00	8.813749e-02	6.535068e+03	1.000000e+05	1.000000e+05	1.336610e-65	1.063009e-65	9.049870e-56
0	cP29	0	0	2	1	0.013	-5.122926e-02	1.507417e-01	6.388588e+03	1.000000e+05	1.000000e+05	7.340157e-01	7.338155e-01	7.338649e-01
0	cP40	0	0	2	1	0.100	-1.270480e-03	4.876240e-02	6.388531e+03	1.000000e+05	1.000000e+05	9.792171e-01	9.792009e-01	9.792041e-01
0	cP49	0	0	2	1	0.013	3.416514e-01	1.498239e-01	6.391130e+03	1.000000e+05	1.000000e+05	2.271793e-02	2.261202e-02	2.285354e-02
0	cP61	0	0	2	1	0.013	-4.205763e-01	1.630931e-01	6.391853e+03	1.000000e+05	1.000000e+05	1.000463e-02	9.946498e-03	1.011297e-02
0	cP74	0	0	2	1	0.037	-9.751874e-02	7.425786e-02	6.389394e+03	1.000000e+05	1.000000e+05	1.892890e-01	1.889431e-01	1.892509e-01
0	cP92	0	0	2	1	0.013	1.389930e-01	1.598159e-01	6.388909e+03	1.000000e+05	1.000000e+05	3.845914e-01	3.842197e-01	3.844066e-01
0	cP104	0	0	2	1	0.013	5.887639e-01	1.453864e-01	6.396699e+03	1.000000e+05	1.000000e+05	5.375188e-05	5.303286e-05	5.801967e-05
0	cP115	0	0	2	1	0.013	-9.265971e-01	1.673466e-01	6.403734e+03	1.000000e+05	1.000000e+05	3.591406e-08	3.504544e-08	4.718313e-08
0	nP1	0	0	2	1	0.013	9.963912e-01	1.604559e-01	6.407606e+03	1.000000e+05	1.000000e+05	6.751326e-10	6.548273e-10	1.039097e-09
0	nP6	0	0	2	1	0.013	-1.362134e+00	1.587149e-01	6.424580e+03	1.000000e+05	1.000000e+05	2.167389e-17	2.047213e-17	1.001819e-16
0	nP7	0	0	2	1	0.013	-4.796726e-01	1.700878e-01	6.392502e+03	1.000000e+05	1.000000e+05	4.859442e-03	4.826229e-03	4.938859e-03
0	nP10	0	0	2	1	0.037	5.656973e-01	7.972540e-02	6.413347e+03	1.000000e+05	1.000000e+05	1.929059e-12	1.854334e-12	4.003016e-12
0	nP15	0	0	2	1	0.013	-7.595791e-01	1.515183e-01	6.401014e+03	1.000000e+05	1.000000e+05	5.951258e-07	5.832082e-07	7.145660e-07
0	nP19	0	0	2	1	0.025	-6.256128e-01	7.530911e-02	6.422354e+03	1.000000e+05	1.000000e+05	2.063475e-16	1.955844e-16	7.958520e-16
0	nP22	0	0	2	1	0.013	9.963912e-01	1.604559e-01	6.407606e+03	1.000000e+05	1.000000e+05	6.751326e-10	6.548273e-10	1.039097e-09
0	nP25	0	0	2	1	0.013	1.495128e+00	1.593894e-01	6.431411e+03	1.000000e+05	1.000000e+05	2.172738e-20	2.030507e-20	1.872556e-19
0	nP26	0	0	2	1	0.013	-4.796726e-01	1.700878e-01	6.392502e+03	1.000000e+05	1.000000e+05	4.859442e-03	4.826229e-03	4.938859e-03
0	nP28	0	0	2	1	0.013	7.636221e-01	1.400899e-01	6.403269e+03	1.000000e+05	1.000000e+05	5.795157e-08	5.659106e-08	7.488069e-08
0	nP29	0	0	2	1	0.013	1.997942e-01	1.618480e-01	6.389293e+03	1.000000e+05	1.000000e+05	2.172147e-01	2.168553e-01	2.171463e-01
0	nP31	0	0	2	1	0.013	-8.211283e-01	1.554159e-01	6.402385e+03	1.000000e+05	1.000000e+05	1.442549e-07	1.410632e-07	1.808468e-07
0	nP34	0	0	2	1	0.013	-8.211283e-01	1.554159e-01	6.402385e+03	1.000000e+05	1.000000e+05	1.442549e-07	1.410632e-07	1.808468e-07
0	nP36	0	0	2	1	0.013	1.564223e+00	1.438892e-01	6.445609e+03	1.000000e+05	1.000000e+05	1.317622e-26	1.204404e-26	5.690367e-25
0	nP37	0	0	2	1	0.025	-3.601614e-01	1.191001e-01	6.393096e+03	1.000000e+05	1.000000e+05	2.534122e-03	2.514440e-03	2.590735e-03
0	nP39	0	0	2	1	0.013	-7.309509e-01	1.527756e-01	6.399909e+03	1.000000e+05	1.000000e+05	1.872436e-06	1.838117e-06	2.178443e-06
0	nP44	0	0	2	1	0.013	-9.263970e-01	1.496126e-01	6.407498e+03	1.000000e+05	1.000000e+05	7.538868e-10	7.313360e-10	1.154657e-09
0	nP45	0	0	2	1	0.013	-7.595791e-01	1.515183e-01	6.401014e+03	1.000000e+05	1.000000e+05	5.951258e-07	5.832082e-07	7.145660e-07
0	nP49	0	0	2	1	0.037	4.436148e-02	7.253389e-02	6.388718e+03	1.000000e+05	1.000000e+05	5.408917e-01	5.405752e-01	5.406859e-01
0	nP54	0	0	2	1	0.013	5.887639e-01	1.453864e-01	6.396699e+03	1.000000e+05	1.000000e+05	5.375188e-05	5.303286e-05	5.801967e-05
0	nP57	0	0	2	1	0.025	-6.810672e-01	7.935744e-02	6.424580e+03	1.000000e+05	1.000000e+05	2.167389e-17	2.047213e-17	1.001819e-16
0	nP62	0	0	2	1	0.013	5.887639e-01	1.453864e-01	6.396699e+03	1.000000e+05	1.000000e+05	5.375188e-05	5.303286e-05	5.801967e-05
0	nP65	0	0	2	1	0.013	-5.122926e-02	1.507417e-01	6.388588e+03	1.000000e+05	1.000000e+05	7.340157e-01	7.338155e-01	7.338649e-01
0	nP67	0	0	2	1	0.013	7.636221e-01	1.400899e-01	6.403269e+03	1.000000e+05	1.000000e+05	5.795157e-08	5.659106e-08	7.488069e-08
0	nP68	0	0	2	1	0.013	-2.671675e-01	1.499405e-01	6.390119e+03	1.000000e+05	1.000000e+05	7.496797e-02	7.474060e-02	7.507473e-02
0	nP72	0	0	2	1	0.013	-9.101030e-01	1.522990e-01	6.406211e+03	1.000000e+05	1.000000e+05	2.818242e-09	2.739447e-09	4.080568e-09
0	nP76	0	0	2	1	0.013	1.034055e+00	1.578623e-01	6.409728e+03	1.000000e+05	1.000000e+05	7.717535e-11	7.460645e-11	1.314805e-10
0	nP77	0	0	2	1	0.013	-4.796726e-01	1.700878e-01	6.392502e+03	1.000000e+05	1.000000e+05	4.859442e-03	4.826229e-03	4.938859e-03
0	nP80	0	0	2	1	0.013	1.084155e+00	1.563653e-01	6.412242e+03	1.000000e+05	1.000000e+05	5.939708e-12	5.719483e-12	1.156862e-11
0	nP84	0	0	2	1	0.062	2.832208e-01	6.502042e-02	6.397973e+03	1.000000e+05	1.000000e+05	1.409674e-05	1.388040e-05	1.562904e-05
0	nP86	0	0	2	1	0.025	-2.784135e-01	1.108258e-01	6.391684e+03	1.000000e+05	1.000000e+05	1.209690e-02	1.202985e-02	1.221271e-02
0	nP90	0	0	2	1	0.037	7.490295e-01	6.730704e-02	6.448245e+03	1.000000e+05	1.000000e+05	9.266040e-28	8.435110e-28	5.650945e-26
0	nP91	0	0	2	1	0.013	-1.362134e+00	1.587149e-01	6.424580e+03	1.000000e+05	1.000000e+05	2.167389e-17	2.047213e-17	1.001819e-16
0	nP93	0	0	2	1	0.050	-1.836488e-01	7.518019e-02	6.391512e+03	1.000000e+05	1.000000e+05	1.468220e-02	1.460482e-02	1.480515e-02
0	nP96	0	0	2	1	0.013	-4.891961e-01	1.481742e-01	6.393969e+03	1.000000e+05	1.000000e+05	9.829305e-04	9.739534e-04	1.015232e-03
0	nP97	0	0	2	1	0.013	-4.419054e-01	1.641987e-01	6.392149e+03	1.000000e+05	1.000000e+05	7.191977e-03	7.146832e-03	7.286935e-03
0	nP102	0	0	2	1	0.025	-4.550515e-01	7.614952e-02	6.406211e+03	1.000000e+05	1.000000e+05	2.818242e-09	2.739447e-09	4.080568e-09
0	nP107	0	0	2	1	0.013	7.636221e-01	1.400899e-01	6.403269e+03	1.000000e+05	1.000000e+05	5.795157e-08	5.659106e-08	7.488069e-08
0	nP112	0	0	2	1	0.062	-3.417270e-01	6.630471e-02	6.401719e+03	1.000000e+05	1.000000e+05	2.868937e-07	2.808385e-07	3.520110e-07
0	nP114	0	0	2	1	0.025	-9.020671e-01	1.181673e-01	6.417185e+03	1.000000e+05	1.000000e+05	3.897176e-14	3.723825e-14	1.029981e-13
0	nP116	0	0	2	1	0.025	-1.450906e+00	1.271082e-01	6.451237e+03	1.000000e+05	1.000000e+05	4.561601e-29	4.133221e-29	4.186009e-27
0	nP118	0	0	2	1	0.013	-7.309509e-01	1.527756e-01	6.399909e+03	1.000000e+05	1.000000e+05	1.872436e-06	1.838117e-06	2.178443e-06
0	nP119	0	0	2	1	0.013	6.694866e-01	1.623169e-01	6.397002e+03	1.000000e+05	1.000000e+05	3.905381e-05	3.851306e-05	4.240909e-05
0	nP123	0	0	2	1	0.025	1.345540e+00	1.148228e-01	6.454482e+03	1.000000e+05	1.000000e+05	1.742578e-30	1.570967e-30	2.541742e-28
0	nP124	0	0	2	1	0.013	-4.774822e-01	1.653601e-01	6.392694e+03	1.000000e+05	1.000000e+05	3.935032e-03	3.906952e-03	4.006565e-03
0	nP126	0	0	2	1	0.013	-1.251226e+00	1.506182e-01	6.422354e+03	1.000000e+05	1.000000e+05	2.063475e-16	1.955844e-16	7.958520e-16
0	nP127	0	0	2	1	0.013	-7.595791e-01	1.515183e-01	6.401014e+03	1.000000e+05	1.000000e+05	5.951258e-07	5.832082e-07	7.145660e-07
0	nP131	0	0	2	1	0.050	-1.006760e-01	7.339309e-02	6.389472e+03	1.000000e+05	1.000000e+05	1.703380e-01	1.700040e-01	1.703222e-01
0	nP136	0	0	2	1	0.025	-5.514548e-01	1.110442e-01	6.400783e+03	1.000000e+05	1.000000e+05	7.563319e-07	7.414545e-07	9.019314e-07
0	nP138	0	0	2	1	0.013	4.724479e-01	1.648036e-01	6.392634e+03	1.000000e+05	1.000000e+05	4.201687e-03	4.172097e-03	4.275624e-03
0	nP142	0	0	2	1	0.013	1.564223e+00	1.438892e-01	6.445609e+03	1.000000e+05	1.000000e+05	1.317622e-26	1.204404e-26	5.690367e-25
0	nP144	0	0	2	1	0.013	-1.251226e+00	1.506182e-01	6.422354e+03	1.000000e+05	1.000000e+05	2.063475e-16	1.955844e-16	7.958520e-16
0	nP147	0	0	2	1	0.025	7.499355e-01	1.175098e-01	6.408665e+03	1.000000e+05	1.000000e+05	2.285845e-10	2.213430e-10	3.696262e-10
0	nP149	0	0	2	1	0.025	-4.550515e-01	7.614952e-02	6.406211e+03	1.000000e+05	1.000000e+05	2.818242e-09	2.739447e-09	4.080568e-09
0	nP150	0	0	2	1	0.013	-4.205763e-01	1.630931e-01	6.391853e+03	1.000000e+05	1.000000e+05	1.000463e-02	9.946498e-03	1.011297e-02
0	nP156	0	0	2	1	0.013	1.389930e-01	1.598159e-01	6.388909e+03	1.000000e+05	1.000000e+05	3.845914e-01	3.842197e-01	3.844066e-01
0	nP160	0	0	2	1	0.013	9.963912e-01	1.604559e-01	6.407606e+03	1.000000e+05	1.000000e+05	6.751326e-10	6.548273e-10	1.039097e-09
0	nP163	0	0	2	1	0.025	-2.784135e-01	1.108258e-01	6.391684e+03	1.000000e+05	1.000000e+05	1.209690e-02	1.202985e-02	1.221271e-02
0	nP166	0	0	2	1	0.013	5.887639e-01	1.453864e-01	6.396699e+03	1.000000e+05	1.000000e+05	5.375188e-05	5.303286e-05	5.801967e-05
0	nP167	0	0	2	1	0.013	4.724479e-01	1.648036e-01	6.392634e+03	1.000000e+05	1.000000e+05	4.201687e-03	4.172097e-03	4.275624e-03
0	nP171	0	0	2	1	0.013	1.997942e-01	1.618480e-01	6.389293e+03	1.000000e+05	1.000000e+05	2.172147e-01	2.168553e-01	2.171463e-01
0	nP173	0	0	2	1	0.013	-7.309509e-01	1.527756e-01	6.399909e+03	1.000000e+05	1.000000e+05	1.872436e-06	1.838117e-06	2.178443e-06
0	nP175	0	0	2	1	0.013	-9.265971e-01	1.673466e-01	6.403734e+03	1.000000e+05	1.000000e+05	3.591406e-08	3.504544e-08	4.718313e-08
0	nP176	0	0	2	1	0.013	1.084155e+00	1.563653e-01	6.412242e+03	1.000000e+05	1.000000e+05	5.939708e-12	5.719483e-12	1.156862e-11
0	nP177	0	0	2	1	0.025	-2.387411e-01	8.268004e-02	6.392694e+03	1.000000e+05	1.000000e+05	3.935032e-03	3.906952e-03	4.006565e-03
0	nP181	0	0	2	1	0.037	-2.953215e-01	8.591800e-02	6.394424e+03	1.000000e+05	1.000000e+05	6.027261e-04	5.967937e-04	6.263268e-04
0	nP185	0	0	2	1	0.013	7.636221e-01	1.400899e-01	6.403269e+03	1.000000e+05	1.000000e+05	5.795157e-08	5.659106e-08	7.488069e-08
0	nP186	0	0	2	1	0.025	1.708257e-01	7.491193e-02	6.391130e+03	1.000000e+05	1.000000e+05	2.271793e-02	2.261202e-02	2.285354e-02
0	nP191	0	0	2	1	0.025	-3.484034e-01	1.196054e-01	6.392767e+03	1.000000e+05	1.000000e+05	3.630156e-03	3.603833e-03	3.698792e-03
0	nP194	0	0	2	1	0.037	-7.406826e-01	1.031922e-01	6.413916e+03	1.000000e+05	1.000000e+05	1.081444e-12	1.038629e-12	2.321086e-12
0	nP196	0	0	2	1	0.025	7.340798e-02	1.254005e-01	6.388702e+03	1.000000e+05	1.000000e+05	5.583693e-01	5.580615e-01	5.581654e-01
0	nP197	0	0	2	1	0.013	-4.774822e-01	1.653601e-01	6.392694e+03	1.000000e+05	1.000000e+05	3.935032e-03	3.906952e-03	4.006565e-03
0	nP199	0	0	2	1	0.013	-1.251226e+00	1.506182e-01	6.422354e+03	1.000000e+05	1.000000e+05	2.063475e-16	1.955844e-16	7.958520e-16
0	nP201	0	0	2	1	0.037	-1.069485e+00	9.314805e-02	6.451945e+03	1.000000e+05	1.000000e+05	2.237271e-29	2.024934e-29	2.267431e-27
0	nP204	0	0	2	1	0.013	9.963912e-01	1.604559e-01	6.407606e+03	1.000000e+05	1.000000e+05	6.751326e-10	6.548273e-10	1.039097e-09
0	nP208	0	0	2	1	0.013	-5.202240e-01	1.928372e-01	6.392166e+03	1.000000e+05	1.000000e+05	7.054687e-03	7.010211e-03	7.148864e-03
0	nP210	0	0	2	1	0.013	-7.595791e-01	1.515183e-01	6.401014e+03	1.000000e+05	1.000000e+05	5.951258e-07	5.832082e-07	7.145660e-07
0	nP213	0	0	2	1	0.025	7.499355e-01	1.175098e-01	6.408665e+03	1.000000e+05	1.000000e+05	2.285845e-10	2.213430e-10	3.696262e-10
0	nP218	0	0	2	1	0.013	-5.122926e-02	1.507417e-01	6.388588e+03	1.000000e+05	1.000000e+05	7.340157e-01	7.338155e-01	7.338649e-01
0	nP220	0	0	2	1	0.025	3.284917e-01	1.227567e-01	6.392108e+03	1.000000e+05	1.000000e+05	7.527745e-03	7.480980e-03	7.624556e-03
0	nP223	0	0	2	1	0.013	-5.434928e-01	1.566885e-01	6.394531e+03	1.000000e+05	1.000000e+05	5.370214e-04	5.316456e-04	5.588940e-04
0	nP226	0	0	2	1	0.013	2.960767e-01	1.522050e-01	6.390423e+03	1.000000e+05	1.000000e+05	5.192018e-02	5.173705e-02	5.205078e-02
0	nP230	0	0	2	1	0.013	-7.595791e-01	1.515183e-01	6.401014e+03	1.000000e+05	1.000000e+05	5.951258e-07	5.832082e-07	7.145660e-07
0	nP234	0	0	2	1	0.050	-9.507651e-02	9.128372e-02	6.389074e+03	1.000000e+05	1.000000e+05	2.977781e-01	2.974004e-01	2.976400e-01
0	nP237	0	0	2	1	0.013	-8.211283e-01	1.554159e-01	6.402385e+03	1.000000e+05	1.000000e+05	1.442549e-07	1.410632e-07	1.808468e-07
0	nP243	0	0	2	1	0.013	6.694866e-01	1.623169e-01	6.397002e+03	1.000000e+05	1.000000e+05	3.905381e-05	3.851306e-05	4.240909e-05
0	nP247	0	0	2	1	0.013	-1.469209e+00	1.666309e-01	6.426533e+03	1.000000e+05	1.000000e+05	3.004537e-18	2.829306e-18	1.642512e-17
0	nP250	0	0	2	1	0.013	-4.891961e-01	1.481742e-01	6.393969e+03	1.000000e+05	1.000000e+05	9.829305e-04	9.739534e-04	1.015232e-03
0	nP253	0	0	2	1	0.025	-3.797895e-01	7.575917e-02	6.401014e+03	1.000000e+05	1.000000e+05	5.951258e-07	5.832082e-07	7.145660e-07
0	nP254	0	0	2	1	0.013	-1.362134e+00	1.587149e-01	6.424580e+03	1.000000e+05	1.000000e+05	2.167389e-17	2.047213e-17	1.001819e-16
0	nP259	0	0	2	1	0.013	1.389930e-01	1.598159e-01	6.388909e+03	1.000000e+05	1.000000e+05	3.845914e-01	3.842197e-01	3.844066e-01
0	nP262	0	0	2	1	0.025	2.943819e-01	7.269322e-02	6.396699e+03	1.000000e+05	1.000000e+05	5.375188e-05	5.303286e-05	5.801967e-05
0	nP266	0	0	2	1	0.025	7.821114e-01	7.194458e-02	6.445609e+03	1.000000e+05	1.000000e+05	1.317622e-26	1.204404e-26	5.690367e-25
0	nP272	0	0	2	1	0.013	-4.796726e-01	1.700878e-01	6.392502e+03	1.000000e+05	1.000000e+05	4.859442e-03	4.826229e-03	4.938859e-03
0	cM1	0	0	2	1	0.025	2.821057e-02	1.419722e-01	6.388550e+03	1.000000e+05	1.000000e+05	8.425189e-01	8.423973e-01	8.424236e-01
0	cM7	0	0	2	1	0.050	4.126085e-02	9.268823e-02	6.388630e+03	1.000000e+05	1.000000e+05	6.562663e-01	6.560147e-01	6.560850e-01
0	cM9	0	0	2	1	0.050	-6.391728e-04	1.002237e-01	6.388531e+03	1.000000e+05	1.000000e+05	9.949124e-01	9.949084e-01	9.949092e-01
0	cM10	0	0	2	1	0.075	-2.609527e-02	8.724135e-02	6.388575e+03	1.000000e+05	1.000000e+05	7.648905e-01	7.647121e-01	7.647542e-01
0	cM11	0	0	2	1	0.025	5.870626e-02	1.342361e-01	6.388626e+03	1.000000e+05	1.000000e+05	6.619270e-01	6.616790e-01	6.617476e-01
0	cM12	0	0	2	1	0.050	2.937769e-02	1.071010e-01	6.388568e+03	1.000000e+05	1.000000e+05	7.838904e-01	7.837256e-01	7.837635e-01
0	cM13	0	0	2	1	0.025	3.838793e-02	1.282119e-01	6.388576e+03	1.000000e+05	1.000000e+05	7.646662e-01	7.644875e-01	7.645297e-01
0	cM14	0	0	2	1	0.025	5.870626e-02	1.342361e-01	6.388626e+03	1.000000e+05	1.000000e+05	6.619270e-01	6.616790e-01	6.617476e-01
0	cM16	0	0	2	1	0.025	-2.756996e-02	1.239018e-01	6.388555e+03	1.000000e+05	1.000000e+05	8.239418e-01	8.238063e-01	8.238361e-01
0	cM17	0	0	2	1	0.075	-2.237692e-02	9.658583e-02	6.388558e+03	1.000000e+05	1.000000e+05	8.168169e-01	8.166762e-01	8.167074e-01
0	cM22	0	0	2	1	0.025	3.838793e-02	1.282119e-01	6.388576e+03	1.000000e+05	1.000000e+05	7.646662e-01	7.644875e-01	7.645297e-01
0	cM24	0	0	2	1	0.100	5.068231e-02	7.587074e-02	6.388754e+03	1.000000e+05	1.000000e+05	5.042245e-01	5.038911e-01	5.040174e-01
0	cM26	0	0	2	1	0.050	-2.671683e-02	1.127289e-01	6.388559e+03	1.000000e+05	1.000000e+05	8.126866e-01	8.125429e-01	8.125749e-01
0	cM27	0	0	2	1	0.025	6.276259e-02	1.171975e-01	6.388674e+03	1.000000e+05	1.000000e+05	5.923591e-01	5.920696e-01	5.921608e-01
0	cM28	0	0	2	1	0.025	-2.491544e-02	1.217665e-01	6.388552e+03	1.000000e+05	1.000000e+05	8.378978e-01	8.377728e-01	8.377999e-01
0	nM2	0	0	2	1	0.025	-3.478758e-02	1.225262e-01	6.388571e+03	1.000000e+05	1.000000e+05	7.765088e-01	7.763386e-01	7.763782e-01
0	nM4	0	0	2	1	0.025	-9.480451e-03	1.391682e-01	6.388533e+03	1.000000e+05	1.000000e+05	9.456968e-01	9.456544e-01	9.456630e-01
0	nM7	0	0	2	1	0.025	-6.460034e-02	1.179048e-01	6.388681e+03	1.000000e+05	1.000000e+05	5.838352e-01	5.835410e-01	5.836353e-01
0	nM8	0	0	2	1	0.025	6.281045e-03	1.491024e-01	6.388532e+03	1.000000e+05	1.000000e+05	9.664038e-01	9.663775e-01	9.663828e-01
0	nM13	0	0	2	1	0.025	1.378002e-01	1.262230e-01	6.389127e+03	1.000000e+05	1.000000e+05	2.751207e-01	2.747455e-01	2.749995e-01
0	nM15	0	0	2	1	0.025	-2.756996e-02	1.239018e-01	6.388555e+03	1.000000e+05	1.000000e+05	8.239418e-01	8.238063e-01	8.238361e-01
0	nM16	0	0	2	1	0.050	-6.391728e-04	1.002237e-01	6.388531e+03	1.000000e+05	1.000000e+05	9.949124e-01	9.949084e-01	9.949092e-01
0	nM17	0	0	2	1	0.025	-2.491544e-02	1.217665e-01	6.388552e+03	1.000000e+05	1.000000e+05	8.378978e-01	8.377728e-01	8.377999e-01
0	nM19	0	0	2	1	0.100	5.068231e-02	7.587074e-02	6.388754e+03	1.000000e+05	1.000000e+05	5.042245e-01	5.038911e-01	5.040174e-01
0	nM21	0	0	2	1	0.050	-6.010972e-03	1.045614e-01	6.388532e+03	1.000000e+05	1.000000e+05	9.541641e-01	9.541282e-01	9.541355e-01
0	nM24	0	0	2	1	0.025	5.908769e-02	1.316306e-01	6.388632e+03	1.000000e+05	1.000000e+05	6.535717e-01	6.533184e-01	6.533895e-01
0	nM25	0	0	2	1	0.025	-2.491544e-02	1.217665e-01	6.388552e+03	1.000000e+05	1.000000e+05	8.378978e-01	8.377728e-01	8.377999e-01
0	nM28	0	0	2	1	0.025	5.870626e-02	1.342361e-01	6.388626e+03	1.000000e+05	1.000000e+05	6.619270e-01	6.616790e-01	6.617476e-01
0	nM30	0	0	2	1	0.025	-2.491544e-02	1.217665e-01	6.388552e+03	1.000000e+05	1.000000e+05	8.378978e-01	8.377728e-01	8.377999e-01
0	nM32	0	0	2	1	0.075	-2.237692e-02	9.658583e-02	6.388558e+03	1.000000e+05	1.000000e+05	8.168169e-01	8.166762e-01	8.167074e-01
0	nM34	0	0	2	1	0.025	-1.602065e-02	1.163718e-01	6.388540e+03	1.000000e+05	1.000000e+05	8.905202e-01	8.904352e-01	8.904528e-01
0	nM35	0	0	2	1	0.100	3.282612e-02	6.848720e-02	6.388646e+03	1.000000e+05	1.000000e+05	6.317887e-01	6.315221e-01	6.315999e-01
0	nM38	0	0	2	1	0.025	2.821057e-02	1.419722e-01	6.388550e+03	1.000000e+05	1.000000e+05	8.425189e-01	8.423973e-01	8.424236e-01
0	nM39	0	0	2	1	0.025	1.378002e-01	1.262230e-01	6.389127e+03	1.000000e+05	1.000000e+05	2.751207e-01	2.747455e-01	2.749995e-01
0	nM40	0	0	2	1	0.100	-3.058351e-02	8.099361e-02	6.388602e+03	1.000000e+05	1.000000e+05	7.057750e-01	7.055556e-01	7.056120e-01
0	nM42	0	0	2	1	0.025	-6.707186e-03	1.212896e-01	6.388532e+03	1.000000e+05	1.000000e+05	9.559072e-01	9.558728e-01	9.558797e-01
0	nM44	0	0	2	1	0.100	-6.673881e-03	7.340682e-02	6.388535e+03	1.000000e+05	1.000000e+05	9.275704e-01	9.275139e-01	9.275254e-01
0	nM46	0	0	2	1	0.100	-2.035317e-03	8.759413e-02	6.388531e+03	1.000000e+05	1.000000e+05	9.814651e-01	9.814506e-01	9.814535e-01
0	nM48	0	0	2	1	0.025	5.870626e-02	1.342361e-01	6.388626e+03	1.000000e+05	1.000000e+05	6.619270e-01	6.616790e-01	6.617476e-01
0	nM49	0	0	2	1	0.025	-6.707186e-03	1.212896e-01	6.388532e+03	1.000000e+05	1.000000e+05	9.559072e-01	9.558728e-01	9.558797e-01
0	nM51	0	0	2	1	0.050	2.065643e-03	9.455087e-02	6.388531e+03	1.000000e+05	1.000000e+05	9.825728e-01	9.825592e-01	9.825619e-01
0	nM54	0	0	2	1	0.050	-2.863572e-02	1.058686e-01	6.388567e+03	1.000000e+05	1.000000e+05	7.868231e-01	7.866604e-01	7.866977e-01
0	nM56	0	0	2	1	0.025	3.414181e-02	1.065931e-01	6.388582e+03	1.000000e+05	1.000000e+05	7.487825e-01	7.485926e-01	7.486384e-01
0	nM58	0	0	2	1	0.025	-8.610370e-03	1.310743e-01	6.388533e+03	1.000000e+05	1.000000e+05	9.476322e-01	9.475913e-01	9.475996e-01
0	nM60	0	0	2	1	0.075	-2.342764e-02	7.973510e-02	6.388574e+03	1.000000e+05	1.000000e+05	7.689348e-01	7.687592e-01	7.688005e-01
0	nM64	0	0	2	1	0.075	-4.496363e-02	7.188144e-02	6.388727e+03	1.000000e+05	1.000000e+05	5.317160e-01	5.313950e-01	5.315095e-01
0	nM65	0	0	2	1	0.050	-1.197819e-02	1.040129e-01	6.388537e+03	1.000000e+05	1.000000e+05	9.083323e-01	9.082610e-01	9.082756e-01
0	nM67	0	0	2	1	0.050	-1.643897e-02	1.020756e-01	6.388544e+03	1.000000e+05	1.000000e+05	8.720768e-01	8.719776e-01	8.719985e-01
0	nM68	0	0	2	1	0.025	-3.478758e-02	1.225262e-01	6.388571e+03	1.000000e+05	1.000000e+05	7.765088e-01	7.763386e-01	7.763782e-01
0	nM70	0	0	2	1	0.025	-1.602065e-02	1.163718e-01	6.388540e+03	1.000000e+05	1.000000e+05	8.905202e-01	8.904352e-01	8.904528e-01
0	nM71	0	0	2	1	0.025	-8.610370e-03	1.310743e-01	6.388533e+03	1.000000e+05	1.000000e+05	9.476322e-01	9.475913e-01	9.475996e-01
0	nM73	0	0	2	1	0.025	-2.601838e-02	1.331931e-01	6.388550e+03	1.000000e+05	1.000000e+05	8.451491e-01	8.450295e-01	8.450552e-01
0	nM75	0	0	2	1	0.050	2.252764e-02	1.108296e-01	6.388551e+03	1.000000e+05	1.000000e+05	8.389548e-01	8.388305e-01	8.388575e-01
0	nM77	0	0	2	1	0.025	5.870626e-02	1.342361e-01	6.388626e+03	1.000000e+05	1.000000e+05	6.619270e-01	6.616790e-01	6.617476e-01
0	nM79	0	0	2	1	0.075	-5.347069e-02	7.166052e-02	6.388809e+03	1.000000e+05	1.000000e+05	4.556765e-01	4.553241e-01	4.554732e-01
0	nM83	0	0	2	1	0.100	-3.608837e-02	6.871209e-02	6.388669e+03	1.000000e+05	1.000000e+05	5.995091e-01	5.992236e-01	5.993123e-01
0	nM85	0	0	2	1	0.025	-5.556527e-03	1.346252e-01	6.388532e+03	1.000000e+05	1.000000e+05	9.670826e-01	9.670569e-01	9.670620e-01
0	nM89	0	0	2	1	0.025	-1.888492e-02	1.317346e-01	6.388541e+03	1.000000e+05	1.000000e+05	8.860273e-01	8.859388e-01	8.859572e-01
0	nM93	0	0	2	1	0.050	-1.197819e-02	1.040129e-01	6.388537e+03	1.000000e+05	1.000000e+05	9.083323e-01	9.082610e-01	9.082756e-01
0	nM95	0	0	2	1	0.025	-3.478758e-02	1.225262e-01	6.388571e+03	1.000000e+05	1.000000e+05	7.765088e-01	7.763386e-01	7.763782e-01
0	nM96	0	0	2	1	0.025	-2.854605e-02	1.282001e-01	6.388555e+03	1.000000e+05	1.000000e+05	8.238224e-01	8.236869e-01	8.237167e-01
0	nM98	0	0	2	1	0.100	-1.045747e-02	7.708704e-02	6.388540e+03	1.000000e+05	1.000000e+05	8.921088e-01	8.920249e-01	8.920423e-01
0	nM99	0	0	2	1	0.025	-2.756996e-02	1.239018e-01	6.388555e+03	1.000000e+05	1.000000e+05	8.239418e-01	8.238063e-01	8.238361e-01
0	nM100	0	0	2	1	0.075	1.681115e-02	8.993060e-02	6.388548e+03	1.000000e+05	1.000000e+05	8.517356e-01	8.516209e-01	8.516455e-01
0	nM102	0	0	2	1	0.025	9.028161e-03	1.302718e-01	6.388533e+03	1.000000e+05	1.000000e+05	9.447575e-01	9.447144e-01	9.447231e-01
0	nM106	0	0	2	1	0.075	2.835602e-03	9.919947e-02	6.388531e+03	1.000000e+05	1.000000e+05	9.771993e-01	9.771814e-01	9.771850e-01
0	nM107	0	0	2	1	0.025	-2.754905e-02	1.220117e-01	6.388556e+03	1.000000e+05	1.000000e+05	8.213934e-01	8.212561e-01	8.212864e-01
0	nM110	0	0	2	1	0.025	1.378002e-01	1.262230e-01	6.389127e+03	1.000000e+05	1.000000e+05	2.751207e-01	2.747455e-01	2.749995e-01
0	nM111	0	0	2	1	0.025	-2.854605e-02	1.282001e-01	6.388555e+03	1.000000e+05	1.000000e+05	8.238224e-01	8.236869e-01	8.237167e-01
0	nM116	0	0	2	1	0.025	-3.478758e-02	1.225262e-01	6.388571e+03	1.000000e+05	1.000000e+05	7.765088e-01	7.763386e-01	7.763782e-01
0	nM117	0	0	2	1	0.025	3.414181e-02	1.065931e-01	6.388582e+03	1.000000e+05	1.000000e+05	7.487825e-01	7.485926e-01	7.486384e-01
0	nM119	0	0	2	1	0.025	5.908769e-02	1.316306e-01	6.388632e+03	1.000000e+05	1.000000e+05	6.535717e-01	6.533184e-01	6.533895e-01
0	nM121	0	0	2	1	0.050	-6.416950e-03	9.877756e-02	6.388533e+03	1.000000e+05	1.000000e+05	9.482111e-01	9.481706e-01	9.481788e-01
0	nM123	0	0	2	1	0.025	4.708726e-02	9.793000e-02	6.388646e+03	1.000000e+05	1.000000e+05	6.307062e-01	6.304390e-01	6.305172e-01
0	nM124	0	0	2	1	0.025	-1.330345e-02	1.429255e-01	6.388535e+03	1.000000e+05	1.000000e+05	9.258520e-01	9.257942e-01	9.258059e-01
0	nM125	0	0	2	1	0.025	3.838793e-02	1.282119e-01	6.388576e+03	1.000000e+05	1.000000e+05	7.646662e-01	7.644875e-01	7.645297e-01
0	nM126	0	0	2	1	0.025	4.708726e-02	9.793000e-02	6.388646e+03	1.000000e+05	1.000000e+05	6.307062e-01	6.304390e-01	6.305172e-01
0	nM129	0	0	2	1	0.100	6.715853e-04	8.664854e-02	6.388531e+03	1.000000e+05	1.000000e+05	9.938169e-01	9.938120e-01	9.938130e-01
0	nM131	0	0	2	1	0.025	9.810204e-03	1.243133e-01	6.388534e+03	1.000000e+05	1.000000e+05	9.371100e-01	9.370609e-01	9.370708e-01
0	nM134	0	0	2	1	0.050	-1.382459e-02	1.019070e-01	6.388540e+03	1.000000e+05	1.000000e+05	8.921080e-01	8.920241e-01	8.920415e-01
0	nM135	0	0	2	1	0.050	-6.483992e-03	1.132793e-01	6.388532e+03	1.000000e+05	1.000000e+05	9.543620e-01	9.543263e-01	9.543335e-01
0	nM139	0	0	2	1	0.025	-4.626537e-03	1.228641e-01	6.388531e+03	1.000000e+05	1.000000e+05	9.699669e-01	9.699434e-01	9.699481e-01
0	nM142	0	0	2	1	0.025	-2.854605e-02	1.282001e-01	6.388555e+03	1.000000e+05	1.000000e+05	8.238224e-01	8.236869e-01	8.237167e-01
0	nM143	0	0	2	1	0.025	-2.491544e-02	1.217665e-01	6.388552e+03	1.000000e+05	1.000000e+05	8.378978e-01	8.377728e-01	8.377999e-01
0	nM146	0	0	2	1	0.025	-2.740687e-02	1.365838e-01	6.388551e+03	1.000000e+05	1.000000e+05	8.409902e-01	8.408675e-01	8.408940e-01
0	nM150	0	0	2	1	0.025	-1.157210e-02	1.195268e-01	6.388535e+03	1.000000e+05	1.000000e+05	9.228847e-01	9.228246e-01	9.228369e-01
0	nM153	0	0	2	1	0.025	-2.754905e-02	1.220117e-01	6.388556e+03	1.000000e+05	1.000000e+05	8.213934e-01	8.212561e-01	8.212864e-01
0	nM154	0	0	2	1	0.125	5.090912e-02	7.063038e-02	6.388791e+03	1.000000e+05	1.000000e+05	4.711489e-01	4.708021e-01	4.709437e-01
0	nM155	0	0	2	1	0.050	2.137778e-02	1.142431e-01	6.388548e+03	1.000000e+05	1.000000e+05	8.515861e-01	8.514714e-01	8.514960e-01
0	nM157	0	0	2	1	0.025	5.908769e-02	1.316306e-01	6.388632e+03	1.000000e+05	1.000000e+05	6.535717e-01	6.533184e-01	6.533895e-01
0	nM158	0	0	2	1	0.025	2.834008e-02	1.292025e-01	6.388555e+03	1.000000e+05	1.000000e+05	8.264084e-01	8.262748e-01	8.263041e-01
0	nM160	0	0	2	1	0.025	-9.480451e-03	1.391682e-01	6.388533e+03	1.000000e+05	1.000000e+05	9.456968e-01	9.456544e-01	9.456630e-01
0	nM161	0	0	2	1	0.025	-5.556527e-03	1.346252e-01	6.388532e+03	1.000000e+05	1.000000e+05	9.670826e-01	9.670569e-01	9.670620e-01
0	nM163	0	0	2	1	0.025	-1.330345e-02	1.429255e-01	6.388535e+03	1.000000e+05	1.000000e+05	9.258520e-01	9.257942e-01	9.258059e-01
0	nM166	0	0	2	1	0.025	4.708726e-02	9.793000e-02	6.388646e+03	1.000000e+05	1.000000e+05	6.307062e-01	6.304390e-01	6.305172e-01
0	nM167	0	0	2	1	0.050	-4.360673e-02	1.042581e-01	6.388618e+03	1.000000e+05	1.000000e+05	6.758149e-01	6.755758e-01	6.756404e-01
0	nM169	0	0	2	1	0.025	2.129096e-02	1.353933e-01	6.388543e+03	1.000000e+05	1.000000e+05	8.750656e-01	8.749687e-01	8.749890e-01
0	nM171	0	0	2	1	0.075	-2.237692e-02	9.658583e-02	6.388558e+03	1.000000e+05	1.000000e+05	8.168169e-01	8.166762e-01	8.167074e-01
0	nM174	0	0	2	1	0.050	-6.391728e-04	1.002237e-01	6.388531e+03	1.000000e+05	1.000000e+05	9.949124e-01	9.949084e-01	9.949092e-01
0	nM178	0	0	2	1	0.050	9.404715e-03	1.028987e-01	6.388535e+03	1.000000e+05	1.000000e+05	9.271880e-01	9.271312e-01	9.271427e-01
0	nM182	0	0	2	1	0.050	6.324408e-02	9.529555e-02	6.388751e+03	1.000000e+05	1.000000e+05	5.070021e-01	5.066699e-01	5.067950e-01
0	nM183	0	0	2	1	0.025	-2.754905e-02	1.220117e-01	6.388556e+03	1.000000e+05	1.000000e+05	8.213934e-01	8.212561e-01	8.212864e-01
0	nM186	0	0	2	1	0.025	-1.023834e-02	1.400234e-01	6.388533e+03	1.000000e+05	1.000000e+05	9.417208e-01	9.416753e-01	9.416845e-01
0	nM187	0	0	2	1	0.050	3.526582e-02	9.646393e-02	6.388598e+03	1.000000e+05	1.000000e+05	7.147227e-01	7.145094e-01	7.145635e-01
0	nM188	0	0	2	1	0.125	3.914234e-02	6.861365e-02	6.388694e+03	1.000000e+05	1.000000e+05	5.684360e-01	5.681336e-01	5.682335e-01
0	nM189	0	0	2	1	0.100	-2.902742e-02	8.815570e-02	6.388585e+03	1.000000e+05	1.000000e+05	7.419914e-01	7.417968e-01	7.418442e-01
0	nM191	0	0	2	1	0.050	6.324408e-02	9.529555e-02	6.388751e+03	1.000000e+05	1.000000e+05	5.070021e-01	5.066699e-01	5.067950e-01
0	nM193	0	0	2	1	0.050	-1.197819e-02	1.040129e-01	6.388537e+03	1.000000e+05	1.000000e+05	9.083323e-01	9.082610e-01	9.082756e-01
0	nM194	0	0	2	1	0.050	3.606839e-02	9.049093e-02	6.388610e+03	1.000000e+05	1.000000e+05	6.902517e-01	6.900220e-01	6.900826e-01
0	nM197	0	0	2	1	0.025	5.265355e-02	1.302254e-01	6.388613e+03	1.000000e+05	1.000000e+05	6.860268e-01	6.857944e-01	6.858561e-01
0	nM199	0	0	2	1	0.050	-2.671683e-02	1.127289e-01	6.388559e+03	1.000000e+05	1.000000e+05	8.126866e-01	8.125429e-01	8.125749e-01
0	nM200	0	0	2	1	0.025	-1.186851e-02	1.321173e-01	6.388535e+03	1.000000e+05	1.000000e+05	9.284311e-01	9.283753e-01	9.283866e-01
0	nM202	0	0	2	1	0.050	-2.139240e-02	9.038624e-02	6.388559e+03	1.000000e+05	1.000000e+05	8.129373e-01	8.127937e-01	8.128256e-01
0	nM204	0	0	2	1	0.025	-2.740687e-02	1.365838e-01	6.388551e+03	1.000000e+05	1.000000e+05	8.409902e-01	8.408675e-01	8.408940e-01
0	nM207	0	0	2	1	0.025	5.870626e-02	1.342361e-01	6.388626e+03	1.000000e+05	1.000000e+05	6.619270e-01	6.616790e-01	6.617476e-01
0	nM208	0	0	2	1	0.025	-5.556527e-03	1.346252e-01	6.388532e+03	1.000000e+05	1.000000e+05	9.670826e-01	9.670569e-01	9.670620e-01
0	nM210	0	0	2	1	0.025	-2.740687e-02	1.365838e-01	6.388551e+03	1.000000e+05	1.000000e+05	8.409902e-01	8.408675e-01	8.408940e-01
0	nM211	0	0	2	1	0.050	2.797866e-02	9.732093e-02	6.388572e+03	1.000000e+05	1.000000e+05	7.737755e-01	7.736034e-01	7.736435e-01
0	nM212	0	0	2	1	0.025	-5.556527e-03	1.346252e-01	6.388532e+03	1.000000e+05	1.000000e+05	9.670826e-01	9.670569e-01	9.670620e-01
0	nM213	0	0	2	1	0.025	3.414181e-02	1.065931e-01	6.388582e+03	1.000000e+05	1.000000e+05	7.487825e-01	7.485926e-01	7.486384e-01
0	nM215	0	0	2	1	0.050	-2.354411e-02	1.142717e-01	6.388552e+03	1.000000e+05	1.000000e+05	8.367888e-01	8.366630e-01	8.366903e-01
0	nM216	0	0	2	1	0.050	2.931484e-02	1.030841e-01	6.388571e+03	1.000000e+05	1.000000e+05	7.761577e-01	7.759873e-01	7.760270e-01
0	nM220	0	0	2	1	0.025	-3.478758e-02	1.225262e-01	6.388571e+03	1.000000e+05	1.000000e+05	7.765088e-01	7.763386e-01	7.763782e-01
0	nM222	0	0	2	1	0.050	2.252764e-02	1.108296e-01	6.388551e+03	1.000000e+05	1.000000e+05	8.389548e-01	8.388305e-01	8.388575e-01
0	nM223	0	0	2	1	0.050	-6.391728e-04	1.002237e-01	6.388531e+03	1.000000e+05	1.000000e+05	9.949124e-01	9.949084e-01	9.949092e-01
0	nM225	0	0	2	1	0.100	-1.045747e-02	7.708704e-02	6.388540e+03	1.000000e+05	1.000000e+05	8.921088e-01	8.920249e-01	8.920423e-01
0	nM227	0	0	2	1	0.025	5.870626e-02	1.342361e-01	6.388626e+03	1.000000e+05	1.000000e+05	6.619270e-01	6.616790e-01	6.617476e-01
0	nM231	0	0	2	1	0.025	-5.556527e-03	1.346252e-01	6.388532e+03	1.000000e+05	1.000000e+05	9.670826e-01	9.670569e-01	9.670620e-01
0	nM233	0	0	2	1	0.025	-2.491544e-02	1.217665e-01	6.388552e+03	1.000000e+05	1.000000e+05	8.378978e-01	8.377728e-01	8.377999e-01
0	nM234	0	0	2	1	0.025	-6.479987e-03	1.358556e-01	6.388532e+03	1.000000e+05	1.000000e+05	9.619632e-01	9.619335e-01	9.619394e-01
0	nM235	0	0	2	1	0.050	6.324408e-02	9.529555e-02	6.388751e+03	1.000000e+05	1.000000e+05	5.070021e-01	5.066699e-01	5.067950e-01
0	nM236	0	0	2	1	0.025	3.838793e-02	1.282119e-01	6.388576e+03	1.000000e+05	1.000000e+05	7.646662e-01	7.644875e-01	7.645297e-01
0	nM238	0	0	2	1	0.025	-1.888492e-02	1.317346e-01	6.388541e+03	1.000000e+05	1.000000e+05	8.860273e-01	8.859388e-01	8.859572e-01
0	nM239	0	0	2	1	0.025	2.821057e-02	1.419722e-01	6.388550e+03	1.000000e+05	1.000000e+05	8.425189e-01	8.423973e-01	8.424236e-01
0	nM242	0	0	2	1	0.050	-1.488554e-02	9.406502e-02	6.388543e+03	1.000000e+05	1.000000e+05	8.742819e-01	8.741844e-01	8.742049e-01
0	nM243	0	0	2	1	0.050	6.702806e-02	9.201562e-02	6.388796e+03	1.000000e+05	1.000000e+05	4.664497e-01	4.661011e-01	4.662449e-01
0	nM245	0	0	2	1	0.025	-3.763898e-02	1.269597e-01	6.388575e+03	1.000000e+05	1.000000e+05	7.669143e-01	7.667373e-01	7.667790e-01
0	nM246	0	0	2	1	0.025	-2.491544e-02	1.217665e-01	6.388552e+03	1.000000e+05	1.000000e+05	8.378978e-01	8.377728e-01	8.377999e-01
0	nM247	0	0	2	1	0.075	3.152807e-02	7.374065e-02	6.388622e+03	1.000000e+05	1.000000e+05	6.690339e-01	6.687904e-01	6.688570e-01
0	nM249	0	0	2	1	0.025	-9.480451e-03	1.391682e-01	6.388533e+03	1.000000e+05	1.000000e+05	9.456968e-01	9.456544e-01	9.456630e-01
0	nM252	0	0	2	1	0.025	-1.252483e-02	1.233942e-01	6.388536e+03	1.000000e+05	1.000000e+05	9.191642e-01	9.191012e-01	9.191141e-01
0	nM253	0	0	2	1	0.025	-5.556527e-03	1.346252e-01	6.388532e+03	1.000000e+05	1.000000e+05	9.670826e-01	9.670569e-01	9.670620e-01
0	nM256	0	0	2	1	0.050	1.599703e-02	1.150687e-01	6.388540e+03	1.000000e+05	1.000000e+05	8.894506e-01	8.893647e-01	8.893826e-01
0	nM261	0	0	2	1	0.025	-2.740687e-02	1.365838e-01	6.388551e+03	1.000000e+05	1.000000e+05	8.409902e-01	8.408675e-01	8.408940e-01
0	nM262	0	0	2	1	0.050	-3.507289e-02	9.963636e-02	6.388593e+03	1.000000e+05	1.000000e+05	7.248780e-01	7.246715e-01	7.247231e-01
0	nM264	0	0	2	1	0.025	-5.556527e-03	1.346252e-01	6.388532e+03	1.000000e+05	1.000000e+05	9.670826e-01	9.670569e-01	9.670620e-01
0	nM265	0	0	2	1	0.025	-1.888492e-02	1.317346e-01	6.388541e+03	1.000000e+05	1.000000e+05	8.860273e-01	8.859388e-01	8.859572e-01
0	nM267	0	0	2	1	0.100	2.991480e-03	8.621333e-02	6.388531e+03	1.000000e+05	1.000000e+05	9.723244e-01	9.723028e-01	9.723071e-01
0	nM269	0	0	2	1	0.025	-2.491544e-02	1.217665e-01	6.388552e+03	1.000000e+05	1.000000e+05	8.378978e-01	8.377728e-01	8.377999e-01
0	nM271	0	0	2	1	0.025	-1.888492e-02	1.317346e-01	6.388541e+03	1.000000e+05	1.000000e+05	8.860273e-01	8.859388e-01	8.859572e-01
0	nM272	0	0	2	1	0.050	6.324408e-02	9.529555e-02	6.388751e+03	1.000000e+05	1.000000e+05	5.070021e-01	5.066699e-01	5.067950e-01
0	nM275	0	0	2	1	0.075	-4.909115e-03	9.898791e-02	6.388532e+03	1.000000e+05	1.000000e+05	9.604529e-01	9.604220e-01	9.604282e-01
0	nM277	0	0	2	1	0.025	-8.610370e-03	1.310743e-01	6.388533e+03	1.000000e+05	1.000000e+05	9.476322e-01	9.475913e-01	9.475996e-01
0	nM281	0	0	2	1	0.075	-9.944484e-03	8.061446e-02	6.388538e+03	1.000000e+05	1.000000e+05	9.018387e-01	9.017623e-01	9.017781e-01
0	cP75	6	0	2	1	0.013	2.960767e-01	1.522050e-01	6.390423e+03	1.000000e+05	1.000000e+05	5.192018e-02	5.173705e-02	5.205078e-02
0	cP2	8	0	2	1	0.025	6.205364e-01	1.252313e-01	6.400729e+03	1.000000e+05	1.000000e+05	7.995633e-07	7.839014e-07	9.519911e-07
0	cP16	8	0	2	1	0.075	3.543385e-01	6.360136e-02	6.403920e+03	1.000000e+05	1.000000e+05	2.963107e-08	2.890596e-08	3.919536e-08
0	cP62	8	0	2	1	0.037	3.702731e-01	9.473200e-02	6.396143e+03	1.000000e+05	1.000000e+05	9.669686e-05	9.548672e-05	1.032888e-04
0	cP50	9	0	2	1	0.013	4.724479e-01	1.648036e-01	6.392634e+03	1.000000e+05	1.000000e+05	4.201687e-03	4.172097e-03	4.275624e-03
0	cP93	9	0	2	1	0.025	-1.342421e-01	1.283324e-01	6.389078e+03	1.000000e+05	1.000000e+05	2.956963e-01	2.953188e-01	2.955596e-01
0	cP30	10	0	2	1	0.062	-9.651750e-01	7.351420e-02	6.470481e+03	1.000000e+05	1.000000e+05	1.809056e-37	1.590757e-37	3.498351e-34
0	cP105	10	0	2	1	0.062	2.911798e-01	6.635089e-02	6.398114e+03	1.000000e+05	1.000000e+05	1.216200e-05	1.197270e-05	1.352729e-05
0	cP41	12	0	2	1	0.138	-5.733705e-01	4.316089e-02	6.472333e+03	1.000000e+05	1.000000e+05	2.814002e-38	2.467307e-38	7.575070e-35
0	cP76	12	0	2	1	0.037	-1.499231e-01	9.905328e-02	6.389677e+03	1.000000e+05	1.000000e+05	1.303351e-01	1.300348e-01	1.303700e-01
0	cP3	15	0	2	1	0.025	-2.939872e-02	1.161968e-01	6.388563e+03	1.000000e+05	1.000000e+05	8.002946e-01	8.001417e-01	8.001762e-01
0	cP17	15	0	2	1	0.037	1.080431e-01	6.913665e-02	6.389752e+03	1.000000e+05	1.000000e+05	1.183102e-01	1.180226e-01	1.183610e-01
0	cP63	17	0	2	1	0.025	-1.450906e+00	1.271082e-01	6.451237e+03	1.000000e+05	1.000000e+05	4.561601e-29	4.133221e-29	4.186009e-27
0	cP51	18	0	2	1	0.062	7.255913e-03	6.292902e-02	6.388537e+03	1.000000e+05	1.000000e+05	9.082194e-01	9.081479e-01	9.081626e-01
0	cP77	18	0	2	1	0.025	9.989711e-02	8.092402e-02	6.389293e+03	1.000000e+05	1.000000e+05	2.172147e-01	2.168553e-01	2.171463e-01
0	cP94	18	0	2	1	0.138	-7.217313e-02	4.662812e-02	6.389729e+03	1.000000e+05	1.000000e+05	1.218574e-01	1.215660e-01	1.219035e-01
0	cP31	20	0	2	1	0.013	6.694866e-01	1.623169e-01	6.397002e+03	1.000000e+05	1.000000e+05	3.905381e-05	3.851306e-05	4.240909e-05
0	cP106	20	0	2	1	0.013	-9.265971e-01	1.673466e-01	6.403734e+03	1.000000e+05	1.000000e+05	3.591406e-08	3.504544e-08	4.718313e-08
0	cP116	20	0	2	1	0.037	1.238839e+00	1.018875e-01	6.459316e+03	1.000000e+05	1.000000e+05	1.348483e-32	1.206561e-32	4.076899e-30
0	nP151	20	0	2	1	0.025	-2.939872e-02	1.161968e-01	6.388563e+03	1.000000e+05	1.000000e+05	8.002946e-01	8.001417e-01	8.001762e-01
0	nP238	20	0	2	1	0.013	-7.309509e-01	1.527756e-01	6.399909e+03	1.000000e+05	1.000000e+05	1.872436e-06	1.838117e-06	2.178443e-06
0	nP267	20	0	2	1	0.013	6.694866e-01	1.623169e-01	6.397002e+03	1.000000e+05	1.000000e+05	3.905381e-05	3.851306e-05	4.240909e-05
0	cP4	23	0	2	1	0.025	3.234179e-01	1.151448e-01	6.392471e+03	1.000000e+05	1.000000e+05	5.033258e-03	4.999109e-03	5.114026e-03
0	cP18	23	0	2	1	0.013	1.034055e+00	1.578623e-01	6.409728e+03	1.000000e+05	1.000000e+05	7.717535e-11	7.460645e-11	1.314805e-10
0	cP78	24	0	2	1	0.025	-2.717464e-01	7.834423e-02	6.394531e+03	1.000000e+05	1.000000e+05	5.370214e-04	5.316456e-04	5.588940e-04
0	cP42	25	0	2	1	0.075	1.128847e-01	6.095993e-02	6.390246e+03	1.000000e+05	1.000000e+05	6.424100e-02	6.403288e-02	6.435989e-02
0	cP64	25	0	2	1	0.013	-9.265971e-01	1.673466e-01	6.403734e+03	1.000000e+05	1.000000e+05	3.591406e-08	3.504544e-08	4.718313e-08
0	nP2	25	0	2	1	0.013	-5.202240e-01	1.928372e-01	6.392166e+03	1.000000e+05	1.000000e+05	7.054687e-03	7.010211e-03	7.148864e-03
0	nP40	25	0	2	1	0.025	-2.650512e-01	1.130101e-01	6.391280e+03	1.000000e+05	1.000000e+05	1.912968e-02	1.903593e-02	1.926106e-02
0	nP50	25	0	2	1	0.013	4.104063e-01	1.719826e-01	6.391376e+03	1.000000e+05	1.000000e+05	1.713355e-02	1.704694e-02	1.726165e-02
0	nP58	25	0	2	1	0.013	-4.796726e-01	1.700878e-01	6.392502e+03	1.000000e+05	1.000000e+05	4.859442e-03	4.826229e-03	4.938859e-03
0	nP98	25	0	2	1	0.013	-9.265971e-01	1.673466e-01	6.403734e+03	1.000000e+05	1.000000e+05	3.591406e-08	3.504544e-08	4.718313e-08
0	nP103	25	0	2	1	0.013	6.694866e-01	1.623169e-01	6.397002e+03	1.000000e+05	1.000000e+05	3.905381e-05	3.851306e-05	4.240909e-05
0	nP108	25	0	2	1	0.013	-1.251226e+00	1.506182e-01	6.422354e+03	1.000000e+05	1.000000e+05	2.063475e-16	1.955844e-16	7.958520e-16
0	nP132	25	0	2	1	0.050	9.667030e-01	7.261956e-02	6.472662e+03	1.000000e+05	1.000000e+05	2.023487e-38	1.773279e-38	5.779812e-35
0	nP187	25	0	2	1	0.013	-5.122926e-02	1.507417e-01	6.388588e+03	1.000000e+05	1.000000e+05	7.340157e-01	7.338155e-01	7.338649e-01
0	nP214	25	0	2	1	0.013	-5.122926e-02	1.507417e-01	6.388588e+03	1.000000e+05	1.000000e+05	7.340157e-01	7.338155e-01	7.338649e-01
0	cM2	25	0	2	1	0.075	3.432785e-02	8.921361e-02	6.388605e+03	1.000000e+05	1.000000e+05	7.004496e-01	7.002267e-01	7.002845e-01
0	nM257	25	0	2	1	0.025	-4.626537e-03	1.228641e-01	6.388531e+03	1.000000e+05	1.000000e+05	9.699669e-01	9.699434e-01	9.699481e-01
0	cP52	27	0	2	1	0.013	1.084155e+00	1.563653e-01	6.412242e+03	1.000000e+05	1.000000e+05	5.939708e-12	5.719483e-12	1.156862e-11
0	cP95	27	0	2	1	0.013	6.818777e-01	1.520164e-01	6.398540e+03	1.000000e+05	1.000000e+05	7.791623e-06	7.665230e-06	8.753165e-06
0	cP79	29	0	2	1	0.100	4.909428e-01	5.729920e-02	6.424463e+03	1.000000e+05	1.000000e+05	2.439065e-17	2.304245e-17	1.116443e-16
0	cP32	30	0	2	1	0.175	-2.218270e-01	4.230924e-02	6.402175e+03	1.000000e+05	1.000000e+05	1.790798e-07	1.751750e-07	2.229650e-07
0	cP107	30	0	2	1	0.013	1.997942e-01	1.618480e-01	6.389293e+03	1.000000e+05	1.000000e+05	2.172147e-01	2.168553e-01	2.171463e-01
0	cP5	31	0	2	1	0.037	-6.058570e-01	1.031686e-01	6.405612e+03	1.000000e+05	1.000000e+05	5.211785e-09	5.070818e-09	7.361048e-09
0	cP19	31	0	2	1	0.013	1.997942e-01	1.618480e-01	6.389293e+03	1.000000e+05	1.000000e+05	2.172147e-01	2.168553e-01	2.171463e-01
0	cP65	33	0	2	1	0.075	5.751940e-01	6.221661e-02	6.430214e+03	1.000000e+05	1.000000e+05	7.277667e-20	6.813969e-20	5.582785e-19
0	nP11	33	0	2	1	0.013	-7.309509e-01	1.527756e-01	6.399909e+03	1.000000e+05	1.000000e+05	1.872436e-06	1.838117e-06	2.178443e-06
0	nP16	33	0	2	1	0.087	-1.084631e-01	6.635512e-02	6.389867e+03	1.000000e+05	1.000000e+05	1.023329e-01	1.020648e-01	1.024049e-01
0	nP46	33	0	2	1	0.025	9.989711e-02	8.092402e-02	6.389293e+03	1.000000e+05	1.000000e+05	2.172147e-01	2.168553e-01	2.171463e-01
0	nP69	33	0	2	1	0.013	-1.161605e+00	1.583701e-01	6.415020e+03	1.000000e+05	1.000000e+05	3.516467e-13	3.371430e-13	8.075204e-13
0	nP73	33	0	2	1	0.013	-4.205763e-01	1.630931e-01	6.391853e+03	1.000000e+05	1.000000e+05	1.000463e-02	9.946498e-03	1.011297e-02
0	nP87	33	0	2	1	0.037	3.305142e-01	1.008752e-01	6.393887e+03	1.000000e+05	1.000000e+05	1.073684e-03	1.064015e-03	1.107815e-03
0	nP120	33	0	2	1	0.013	-9.101030e-01	1.522990e-01	6.406211e+03	1.000000e+05	1.000000e+05	2.818242e-09	2.739447e-09	4.080568e-09
0	nP128	33	0	2	1	0.013	3.416514e-01	1.498239e-01	6.391130e+03	1.000000e+05	1.000000e+05	2.271793e-02	2.261202e-02	2.285354e-02
0	nP139	33	0	2	1	0.013	2.960767e-01	1.522050e-01	6.390423e+03	1.000000e+05	1.000000e+05	5.192018e-02	5.173705e-02	5.205078e-02
0	nP168	33	0	2	1	0.013	1.188122e+00	1.560705e-01	6.417030e+03	1.000000e+05	1.000000e+05	4.562978e-14	4.361068e-14	1.193427e-13
0	nP178	33	0	2	1	0.013	-2.671675e-01	1.499405e-01	6.390119e+03	1.000000e+05	1.000000e+05	7.496797e-02	7.474060e-02	7.507473e-02
0	nP182	33	0	2	1	0.013	-7.595791e-01	1.515183e-01	6.401014e+03	1.000000e+05	1.000000e+05	5.951258e-07	5.832082e-07	7.145660e-07
0	nP227	33	0	2	1	0.013	1.034055e+00	1.578623e-01	6.409728e+03	1.000000e+05	1.000000e+05	7.717535e-11	7.460645e-11	1.314805e-10
0	nP231	33	0	2	1	0.013	-1.469209e+00	1.666309e-01	6.426533e+03	1.000000e+05	1.000000e+05	3.004537e-18	2.829306e-18	1.642512e-17
0	nP244	33	0	2	1	0.013	-5.202240e-01	1.928372e-01	6.392166e+03	1.000000e+05	1.000000e+05	7.054687e-03	7.010211e-03	7.148864e-03
0	nP255	33	0	2	1	0.013	1.034055e+00	1.578623e-01	6.409728e+03	1.000000e+05	1.000000e+05	7.717535e-11	7.460645e-11	1.314805e-10
0	nP263	33	0	2	1	0.013	1.034055e+00	1.578623e-01	6.409728e+03	1.000000e+05	1.000000e+05	7.717535e-11	7.460645e-11	1.314805e-10
0	nM147	33	0	2	1	0.075	6.724688e-03	1.106026e-01	6.388533e+03	1.000000e+05	1.000000e+05	9.515257e-01	9.514879e-01	9.514955e-01
0	nM179	33	0	2	1	0.075	2.438632e-02	9.113409e-02	6.388567e+03	1.000000e+05	1.000000e+05	7.890516e-01	7.888905e-01	7.889274e-01
0	cP80	35	0	2	1	0.062	-9.426945e-01	7.970432e-02	6.455665e+03	1.000000e+05	1.000000e+05	5.305637e-31	4.774330e-31	9.209822e-29
0	cP53	36	0	2	1	0.050	4.256921e-04	7.449948e-02	6.388531e+03	1.000000e+05	1.000000e+05	9.954416e-01	9.954380e-01	9.954388e-01
0	cP96	36	0	2	1	0.013	6.818777e-01	1.520164e-01	6.398540e+03	1.000000e+05	1.000000e+05	7.791623e-06	7.665230e-06	8.753165e-06
0	cP6	38	0	2	1	0.013	-9.265971e-01	1.673466e-01	6.403734e+03	1.000000e+05	1.000000e+05	3.591406e-08	3.504544e-08	4.718313e-08
0	cP20	38	0	2	1	0.025	-3.527058e-01	1.228381e-01	6.392647e+03	1.000000e+05	1.000000e+05	4.141681e-03	4.112428e-03	4.215086e-03
0	cP43	38	0	2	1	0.013	-4.205763e-01	1.630931e-01	6.391853e+03	1.000000e+05	1.000000e+05	1.000463e-02	9.946498e-03	1.011297e-02
0	cP33	40	0	2	1	0.075	-4.622124e-01	6.254649e-02	6.415413e+03	1.000000e+05	1.000000e+05	2.357756e-13	2.259122e-13	5.549941e-13
0	cP108	40	0	2	1	0.013	4.724479e-01	1.648036e-01	6.392634e+03	1.000000e+05	1.000000e+05	4.201687e-03	4.172097e-03	4.275624e-03
0	cP117	40	0	2	1	0.037	5.057916e-01	9.778193e-02	6.401815e+03	1.000000e+05	1.000000e+05	2.599510e-07	2.544265e-07	3.199176e-07
0	nP152	40	0	2	1	0.037	1.819863e-01	1.025813e-01	6.390105e+03	1.000000e+05	1.000000e+05	7.624205e-02	7.601253e-02	7.634730e-02
0	nP239	40	0	2	1	0.013	1.084155e+00	1.563653e-01	6.412242e+03	1.000000e+05	1.000000e+05	5.939708e-12	5.719483e-12	1.156862e-11
0	nP268	40	0	2	1	0.037	1.144573e-01	8.674605e-02	6.389402e+03	1.000000e+05	1.000000e+05	1.872069e-01	1.868622e-01	1.871712e-01
0	cP81	41	0	2	1	0.150	6.304937e-01	4.202371e-02	6.493958e+03	1.000000e+05	1.000000e+05	1.054219e-47	8.937431e-48	2.141537e-42
0	cP66	42	0	2	1	0.025	-9.060008e-01	1.112857e-01	6.421042e+03	1.000000e+05	1.000000e+05	7.794110e-16	7.402710e-16	2.715758e-15
0	cP54	45	0	2	1	0.250	-1.491391e-01	3.934222e-02	6.395693e+03	1.000000e+05	1.000000e+05	1.557345e-04	1.538942e-04	1.650412e-04
0	cP97	45	0	2	1	0.062	-7.527503e-03	8.663350e-02	6.388534e+03	1.000000e+05	1.000000e+05	9.307706e-01	9.307166e-01	9.307275e-01
0	cP7	46	0	2	1	0.125	8.216542e-02	5.095118e-02	6.389832e+03	1.000000e+05	1.000000e+05	1.070223e-01	1.067482e-01	1.070881e-01
0	cP21	46	0	2	1	0.200	7.421106e-02	3.693987e-02	6.390549e+03	1.000000e+05	1.000000e+05	4.470833e-02	4.454155e-02	4.484409e-02
0	cP82	47	0	2	1	0.013	-1.362134e+00	1.587149e-01	6.424580e+03	1.000000e+05	1.000000e+05	2.167389e-17	2.047213e-17	1.001819e-16
0	cP34	50	0	2	1	0.013	-4.796726e-01	1.700878e-01	6.392502e+03	1.000000e+05	1.000000e+05	4.859442e-03	4.826229e-03	4.938859e-03
0	cP44	50	0	2	1	0.263	1.487120e-01	4.112957e-02	6.395049e+03	1.000000e+05	1.000000e+05	3.088428e-04	3.055023e-04	3.238959e-04
0	cP67	50	0	2	1	0.013	5.887639e-01	1.453864e-01	6.396699e+03	1.000000e+05	1.000000e+05	5.375188e-05	5.303286e-05	5.801967e-05
0	cP109	50	0	2	1	0.037	-1.336129e+00	1.017703e-01	6.470478e+03	1.000000e+05	1.000000e+05	1.813973e-37	1.595087e-37	3.506184e-34
0	nP3	50	0	2	1	0.025	-1.914087e-02	1.275759e-01	6.388542e+03	1.000000e+05	1.000000e+05	8.807558e-01	8.806632e-01	8.806826e-01
0	nP8	50	0	2	1	0.013	-2.671675e-01	1.499405e-01	6.390119e+03	1.000000e+05	1.000000e+05	7.496797e-02	7.474060e-02	7.507473e-02
0	nP20	50	0	2	1	0.013	-8.211283e-01	1.554159e-01	6.402385e+03	1.000000e+05	1.000000e+05	1.442549e-07	1.410632e-07	1.808468e-07
0	nP23	50	0	2	1	0.013	-1.161605e+00	1.583701e-01	6.415020e+03	1.000000e+05	1.000000e+05	3.516467e-13	3.371430e-13	8.075204e-13
0	nP32	50	0	2	1	0.013	2.960767e-01	1.522050e-01	6.390423e+03	1.000000e+05	1.000000e+05	5.192018e-02	5.173705e-02	5.205078e-02
0	nP41	50	0	2	1	0.013	5.887639e-01	1.453864e-01	6.396699e+03	1.000000e+05	1.000000e+05	5.375188e-05	5.303286e-05	5.801967e-05
0	nP51	50	0	2	1	0.013	1.799393e-01	1.472049e-01	6.389278e+03	1.000000e+05	1.000000e+05	2.217469e-01	2.213856e-01	2.216738e-01
0	nP55	50	0	2	1	0.013	-4.419054e-01	1.641987e-01	6.392149e+03	1.000000e+05	1.000000e+05	7.191977e-03	7.146832e-03	7.286935e-03
0	nP59	50	0	2	1	0.013	1.389930e-01	1.598159e-01	6.388909e+03	1.000000e+05	1.000000e+05	3.845914e-01	3.842197e-01	3.844066e-01
0	nP63	50	0	2	1	0.025	-2.239973e-01	1.114122e-01	6.390552e+03	1.000000e+05	1.000000e+05	4.454305e-02	4.437666e-02	4.467890e-02
0	nP78	50	0	2	1	0.013	1.997942e-01	1.618480e-01	6.389293e+03	1.000000e+05	1.000000e+05	2.172147e-01	2.168553e-01	2.171463e-01
0	nP81	50	0	2	1	0.025	3.113786e-01	1.167441e-01	6.392084e+03	1.000000e+05	1.000000e+05	7.726105e-03	7.678391e-03	7.823973e-03
0	nP94	50	0	2	1	0.025	7.401041e-01	1.256965e-01	6.405701e+03	1.000000e+05	1.000000e+05	4.754472e-09	4.625228e-09	6.739742e-09
0	nP99	50	0	2	1	0.013	-5.434928e-01	1.566885e-01	6.394531e+03	1.000000e+05	1.000000e+05	5.370214e-04	5.316456e-04	5.588940e-04
0	nP104	50	0	2	1	0.037	2.391833e-01	1.013094e-01	6.391316e+03	1.000000e+05	1.000000e+05	1.834925e-02	1.825826e-02	1.847944e-02
0	nP109	50	0	2	1	0.013	6.694866e-01	1.623169e-01	6.397002e+03	1.000000e+05	1.000000e+05	3.905381e-05	3.851306e-05	4.240909e-05
0	nP133	50	0	2	1	0.037	2.272627e-01	1.038869e-01	6.390923e+03	1.000000e+05	1.000000e+05	2.884336e-02	2.871843e-02	2.898257e-02
0	nP145	50	0	2	1	0.013	1.389930e-01	1.598159e-01	6.388909e+03	1.000000e+05	1.000000e+05	3.845914e-01	3.842197e-01	3.844066e-01
0	nP157	50	0	2	1	0.037	1.020836e-01	7.668807e-02	6.389417e+03	1.000000e+05	1.000000e+05	1.833283e-01	1.829859e-01	1.832971e-01
0	nP161	50	0	2	1	0.013	-7.595791e-01	1.515183e-01	6.401014e+03	1.000000e+05	1.000000e+05	5.951258e-07	5.832082e-07	7.145660e-07
0	nP164	50	0	2	1	0.050	6.288168e-01	7.384349e-02	6.424034e+03	1.000000e+05	1.000000e+05	3.767343e-17	3.561489e-17	1.664007e-16
0	nP188	50	0	2	1	0.013	1.495128e+00	1.593894e-01	6.431411e+03	1.000000e+05	1.000000e+05	2.172738e-20	2.030507e-20	1.872556e-19
0	nP192	50	0	2	1	0.013	4.724479e-01	1.648036e-01	6.392634e+03	1.000000e+05	1.000000e+05	4.201687e-03	4.172097e-03	4.275624e-03
0	nP202	50	0	2	1	0.013	7.636221e-01	1.400899e-01	6.403269e+03	1.000000e+05	1.000000e+05	5.795157e-08	5.659106e-08	7.488069e-08
0	nP205	50	0	2	1	0.013	5.887639e-01	1.453864e-01	6.396699e+03	1.000000e+05	1.000000e+05	5.375188e-05	5.303286e-05	5.801967e-05
0	nP211	50	0	2	1	0.013	6.694866e-01	1.623169e-01	6.397002e+03	1.000000e+05	1.000000e+05	3.905381e-05	3.851306e-05	4.240909e-05
0	nP215	50	0	2	1	0.013	-9.265971e-01	1.673466e-01	6.403734e+03	1.000000e+05	1.000000e+05	3.591406e-08	3.504544e-08	4.718313e-08
0	nP221	50	0	2	1	0.013	1.188122e+00	1.560705e-01	6.417030e+03	1.000000e+05	1.000000e+05	4.562978e-14	4.361068e-14	1.193427e-13
0	nP224	50	0	2	1	0.025	3.399178e-01	1.159254e-01	6.392823e+03	1.000000e+05	1.000000e+05	3.413467e-03	3.388414e-03	3.479939e-03
0	nP235	50	0	2	1	0.025	-1.342421e-01	1.283324e-01	6.389078e+03	1.000000e+05	1.000000e+05	2.956963e-01	2.953188e-01	2.955596e-01
0	nP248	50	0	2	1	0.013	2.960767e-01	1.522050e-01	6.390423e+03	1.000000e+05	1.000000e+05	5.192018e-02	5.173705e-02	5.205078e-02
0	nP251	50	0	2	1	0.013	1.084155e+00	1.563653e-01	6.412242e+03	1.000000e+05	1.000000e+05	5.939708e-12	5.719483e-12	1.156862e-11
0	nP260	50	0	2	1	0.013	9.978870e-01	1.600253e-01	6.407765e+03	1.000000e+05	1.000000e+05	5.740515e-10	5.566484e-10	8.899308e-10
0	cM3	50	0	2	1	0.025	9.810204e-03	1.243133e-01	6.388534e+03	1.000000e+05	1.000000e+05	9.371100e-01	9.370609e-01	9.370708e-01
0	cM18	50	0	2	1	0.025	5.908769e-02	1.316306e-01	6.388632e+03	1.000000e+05	1.000000e+05	6.535717e-01	6.533184e-01	6.533895e-01
0	nM5	50	0	2	1	0.025	-1.186851e-02	1.321173e-01	6.388535e+03	1.000000e+05	1.000000e+05	9.284311e-01	9.283753e-01	9.283866e-01
0	nM9	50	0	2	1	0.125	9.346161e-03	7.922544e-02	6.388538e+03	1.000000e+05	1.000000e+05	9.061069e-01	9.060338e-01	9.060488e-01
0	nM22	50	0	2	1	0.025	2.834008e-02	1.292025e-01	6.388555e+03	1.000000e+05	1.000000e+05	8.264084e-01	8.262748e-01	8.263041e-01
0	nM108	50	0	2	1	0.025	-5.556527e-03	1.346252e-01	6.388532e+03	1.000000e+05	1.000000e+05	9.670826e-01	9.670569e-01	9.670620e-01
0	nM112	50	0	2	1	0.025	2.834008e-02	1.292025e-01	6.388555e+03	1.000000e+05	1.000000e+05	8.264084e-01	8.262748e-01	8.263041e-01
0	nM127	50	0	2	1	0.025	-3.718448e-03	1.367968e-01	6.388531e+03	1.000000e+05	1.000000e+05	9.783177e-01	9.783008e-01	9.783042e-01
0	nM132	50	0	2	1	0.100	6.715853e-04	8.664854e-02	6.388531e+03	1.000000e+05	1.000000e+05	9.938169e-01	9.938120e-01	9.938130e-01
0	nM136	50	0	2	1	0.025	-1.186851e-02	1.321173e-01	6.388535e+03	1.000000e+05	1.000000e+05	9.284311e-01	9.283753e-01	9.283866e-01
0	nM151	50	0	2	1	0.100	3.078226e-02	8.991383e-02	6.388589e+03	1.000000e+05	1.000000e+05	7.321303e-01	7.319289e-01	7.319787e-01
0	nM175	50	0	2	1	0.025	-2.756996e-02	1.239018e-01	6.388555e+03	1.000000e+05	1.000000e+05	8.239418e-01	8.238063e-01	8.238361e-01
0	nM184	50	0	2	1	0.025	-1.330345e-02	1.429255e-01	6.388535e+03	1.000000e+05	1.000000e+05	9.258520e-01	9.257942e-01	9.258059e-01
0	nM195	50	0	2	1	0.025	-1.602065e-02	1.163718e-01	6.388540e+03	1.000000e+05	1.000000e+05	8.905202e-01	8.904352e-01	8.904528e-01
0	nM258	50	0	2	1	0.025	-3.478758e-02	1.225262e-01	6.388571e+03	1.000000e+05	1.000000e+05	7.765088e-01	7.763386e-01	7.763782e-01
0	nM273	50	0	2	1	0.025	6.281045e-03	1.491024e-01	6.388532e+03	1.000000e+05	1.000000e+05	9.664038e-01	9.663775e-01	9.663828e-01
0	cP83	53	0	2	1	0.013	-4.774822e-01	1.653601e-01	6.392694e+03	1.000000e+05	1.000000e+05	3.935032e-03	3.906952e-03	4.006565e-03
0	cP8	54	0	2	1	0.025	3.702497e-01	1.169847e-01	6.393530e+03	1.000000e+05	1.000000e+05	1.580376e-03	1.567027e-03	1.623544e-03
0	cP22	54	0	2	1	0.013	4.724479e-01	1.648036e-01	6.392634e+03	1.000000e+05	1.000000e+05	4.201687e-03	4.172097e-03	4.275624e-03
0	cP55	55	0	2	1	0.062	-5.823436e-01	6.318699e-02	6.429961e+03	1.000000e+05	1.000000e+05	9.396568e-20	8.801337e-20	7.035763e-19
0	cP98	55	0	2	1	0.100	1.037088e+00	4.627211e-02	6.607205e+03	1.000000e+05	1.000000e+05	5.745696e-97	4.085987e-97	1.448638e-76
0	cP68	58	0	2	1	0.163	-2.009238e-01	4.635743e-02	6.397880e+03	1.000000e+05	1.000000e+05	1.553953e-05	1.530327e-05	1.719270e-05
0	cP84	59	0	2	1	0.013	-1.161605e+00	1.583701e-01	6.415020e+03	1.000000e+05	1.000000e+05	3.516467e-13	3.371430e-13	8.075204e-13
0	cP35	60	0	2	1	0.037	6.655643e-01	1.092139e-01	6.406910e+03	1.000000e+05	1.000000e+05	1.376373e-09	1.336430e-09	2.053660e-09
0	cP110	60	0	2	1	0.013	-5.202240e-01	1.928372e-01	6.392166e+03	1.000000e+05	1.000000e+05	7.054687e-03	7.010211e-03	7.148864e-03
0	cP118	60	0	2	1	0.113	-8.267612e-01	5.637315e-02	6.489553e+03	1.000000e+05	1.000000e+05	8.754051e-46	7.472525e-46	6.888225e-41
0	nP153	60	0	2	1	0.013	4.104063e-01	1.719826e-01	6.391376e+03	1.000000e+05	1.000000e+05	1.713355e-02	1.704694e-02	1.726165e-02
0	nP240	60	0	2	1	0.025	-4.550515e-01	7.614952e-02	6.406211e+03	1.000000e+05	1.000000e+05	2.818242e-09	2.739447e-09	4.080568e-09
0	nP269	60	0	2	1	0.013	5.887639e-01	1.453864e-01	6.396699e+03	1.000000e+05	1.000000e+05	5.375188e-05	5.303286e-05	5.801967e-05
0	cP9	62	0	2	1	0.175	5.350698e-01	3.683001e-02	6.487777e+03	1.000000e+05	1.000000e+05	5.205127e-45	4.455436e-45	2.820879e-40
0	cP23	62	0	2	1	0.062	5.761709e-01	7.519325e-02	6.417398e+03	1.000000e+05	1.000000e+05	3.141978e-14	3.001224e-14	8.423832e-14
0	cP45	62	0	2	1	0.087	6.556004e-01	6.374850e-02	6.439800e+03	1.000000e+05	1.000000e+05	4.584376e-24	4.228582e-24	9.732550e-23
0	cP56	64	0	2	1	0.013	-8.211283e-01	1.554159e-01	6.402385e+03	1.000000e+05	1.000000e+05	1.442549e-07	1.410632e-07	1.808468e-07
0	cP99	64	0	2	1	0.013	1.564223e+00	1.438892e-01	6.445609e+03	1.000000e+05	1.000000e+05	1.317622e-26	1.204404e-26	5.690367e-25
0	cP85	65	0	2	1	0.037	3.000919e-01	7.280074e-02	6.396992e+03	1.000000e+05	1.000000e+05	3.946978e-05	3.892388e-05	4.285209e-05
0	cP69	67	0	2	1	0.025	-1.450906e+00	1.271082e-01	6.451237e+03	1.000000e+05	1.000000e+05	4.561601e-29	4.133221e-29	4.186009e-27
0	nP12	67	0	2	1	0.013	1.564223e+00	1.438892e-01	6.445609e+03	1.000000e+05	1.000000e+05	1.317622e-26	1.204404e-26	5.690367e-25
0	nP17	67	0	2	1	0.013	2.960767e-01	1.522050e-01	6.390423e+03	1.000000e+05	1.000000e+05	5.192018e-02	5.173705e-02	5.205078e-02
0	nP47	67	0	2	1	0.013	-9.101030e-01	1.522990e-01	6.406211e+03	1.000000e+05	1.000000e+05	2.818242e-09	2.739447e-09	4.080568e-09
0	nP70	67	0	2	1	0.025	2.943819e-01	7.269322e-02	6.396699e+03	1.000000e+05	1.000000e+05	5.375188e-05	5.303286e-05	5.801967e-05
0	nP74	67	0	2	1	0.013	9.963912e-01	1.604559e-01	6.407606e+03	1.000000e+05	1.000000e+05	6.751326e-10	6.548273e-10	1.039097e-09
0	nP88	67	0	2	1	0.013	4.104063e-01	1.719826e-01	6.391376e+03	1.000000e+05	1.000000e+05	1.713355e-02	1.704694e-02	1.726165e-02
0	nP121	67	0	2	1	0.013	-4.774822e-01	1.653601e-01	6.392694e+03	1.000000e+05	1.000000e+05	3.935032e-03	3.906952e-03	4.006565e-03
0	nP129	67	0	2	1	0.025	-4.632985e-01	8.367328e-02	6.403734e+03	1.000000e+05	1.000000e+05	3.591406e-08	3.504544e-08	4.718313e-08
0	nP140	67	0	2	1	0.037	4.058588e-01	6.576654e-02	6.407373e+03	1.000000e+05	1.000000e+05	8.572589e-10	8.317792e-10	1.305585e-09
0	nP169	67	0	2	1	0.013	-4.774822e-01	1.653601e-01	6.392694e+03	1.000000e+05	1.000000e+05	3.935032e-03	3.906952e-03	4.006565e-03
0	nP179	67	0	2	1	0.025	-2.650512e-01	1.130101e-01	6.391280e+03	1.000000e+05	1.000000e+05	1.912968e-02	1.903593e-02	1.926106e-02
0	nP183	67	0	2	1	0.013	9.978870e-01	1.600253e-01	6.407765e+03	1.000000e+05	1.000000e+05	5.740515e-10	5.566484e-10	8.899308e-10
0	nP228	67	0	2	1	0.013	-7.309509e-01	1.527756e-01	6.399909e+03	1.000000e+05	1.000000e+05	1.872436e-06	1.838117e-06	2.178443e-06
0	nP232	67	0	2	1	0.013	-2.671675e-01	1.499405e-01	6.390119e+03	1.000000e+05	1.000000e+05	7.496797e-02	7.474060e-02	7.507473e-02
0	nP245	67	0	2	1	0.013	-7.595791e-01	1.515183e-01	6.401014e+03	1.000000e+05	1.000000e+05	5.951258e-07	5.832082e-07	7.145660e-07
0	nP256	67	0	2	1	0.013	-5.434928e-01	1.566885e-01	6.394531e+03	1.000000e+05	1.000000e+05	5.370214e-04	5.316456e-04	5.588940e-04
0	nP264	67	0	2	1	0.025	5.420773e-01	7.818263e-02	6.412242e+03	1.000000e+05	1.000000e+05	5.939708e-12	5.719483e-12	1.156862e-11
0	nM148	67	0	2	1	0.025	6.281045e-03	1.491024e-01	6.388532e+03	1.000000e+05	1.000000e+05	9.664038e-01	9.663775e-01	9.663828e-01
0	nM180	67	0	2	1	0.025	-9.480451e-03	1.391682e-01	6.388533e+03	1.000000e+05	1.000000e+05	9.456968e-01	9.456544e-01	9.456630e-01
0	cP10	69	0	2	1	0.062	3.771286e-02	6.911666e-02	6.388680e+03	1.000000e+05	1.000000e+05	5.853892e-01	5.850958e-01	5.851895e-01
0	cP24	69	0	2	1	0.062	8.000357e-01	8.816165e-02	6.428730e+03	1.000000e+05	1.000000e+05	3.261735e-19	3.060995e-19	2.174893e-18
0	cP36	70	0	2	1	0.175	5.595181e-01	3.808300e-02	6.489893e+03	1.000000e+05	1.000000e+05	6.227890e-46	5.313369e-46	5.265571e-41
0	cP111	70	0	2	1	0.100	-1.053150e-02	5.501853e-02	6.388549e+03	1.000000e+05	1.000000e+05	8.482230e-01	8.481057e-01	8.481309e-01
0	cP86	71	0	2	1	0.062	3.059794e-01	7.070575e-02	6.397852e+03	1.000000e+05	1.000000e+05	1.601594e-05	1.577316e-05	1.770841e-05
0	cP57	73	0	2	1	0.087	5.424156e-01	6.970268e-02	6.418287e+03	1.000000e+05	1.000000e+05	1.274090e-14	1.215325e-14	3.631518e-14
0	cP100	73	0	2	1	0.138	-1.505974e-01	4.605897e-02	6.393865e+03	1.000000e+05	1.000000e+05	1.099651e-03	1.089787e-03	1.134292e-03
0	cP46	75	0	2	1	0.087	-5.542076e-01	5.649206e-02	6.435317e+03	1.000000e+05	1.000000e+05	4.214078e-22	3.914294e-22	5.425065e-21
0	cP70	75	0	2	1	0.013	1.389930e-01	1.598159e-01	6.388909e+03	1.000000e+05	1.000000e+05	3.845914e-01	3.842197e-01	3.844066e-01
0	nP4	75	0	2	1	0.013	1.564223e+00	1.438892e-01	6.445609e+03	1.000000e+05	1.000000e+05	1.317622e-26	1.204404e-26	5.690367e-25
0	nP42	75	0	2	1	0.013	1.799393e-01	1.472049e-01	6.389278e+03	1.000000e+05	1.000000e+05	2.217469e-01	2.213856e-01	2.216738e-01
0	nP52	75	0	2	1	0.013	5.887639e-01	1.453864e-01	6.396699e+03	1.000000e+05	1.000000e+05	5.375188e-05	5.303286e-05	5.801967e-05
0	nP60	75	0	2	1	0.013	-5.202240e-01	1.928372e-01	6.392166e+03	1.000000e+05	1.000000e+05	7.054687e-03	7.010211e-03	7.148864e-03
0	nP100	75	0	2	1	0.025	3.137038e-01	1.118779e-01	6.392457e+03	1.000000e+05	1.000000e+05	5.108560e-03	5.074009e-03	5.189904e-03
0	nP105	75	0	2	1	0.013	1.034055e+00	1.578623e-01	6.409728e+03	1.000000e+05	1.000000e+05	7.717535e-11	7.460645e-11	1.314805e-10
0	nP110	75	0	2	1	0.013	7.636221e-01	1.400899e-01	6.403269e+03	1.000000e+05	1.000000e+05	5.795157e-08	5.659106e-08	7.488069e-08
0	nP134	75	0	2	1	0.013	-4.774822e-01	1.653601e-01	6.392694e+03	1.000000e+05	1.000000e+05	3.935032e-03	3.906952e-03	4.006565e-03
0	nP189	75	0	2	1	0.013	-1.469209e+00	1.666309e-01	6.426533e+03	1.000000e+05	1.000000e+05	3.004537e-18	2.829306e-18	1.642512e-17
0	nP216	75	0	2	1	0.013	-1.251226e+00	1.506182e-01	6.422354e+03	1.000000e+05	1.000000e+05	2.063475e-16	1.955844e-16	7.958520e-16
0	cM4	75	0	2	1	0.025	-2.854605e-02	1.282001e-01	6.388555e+03	1.000000e+05	1.000000e+05	8.238224e-01	8.236869e-01	8.237167e-01
0	nM259	75	0	2	1	0.025	-2.491544e-02	1.217665e-01	6.388552e+03	1.000000e+05	1.000000e+05	8.378978e-01	8.377728e-01	8.377999e-01
0	cP87	76	0	2	1	0.013	-9.101030e-01	1.522990e-01	6.406211e+03	1.000000e+05	1.000000e+05	2.818242e-09	2.739447e-09	4.080568e-09
0	cP11	77	0	2	1	0.013	4.724479e-01	1.648036e-01	6.392634e+03	1.000000e+05	1.000000e+05	4.201687e-03	4.172097e-03	4.275624e-03
0	cP25	77	0	2	1	0.025	-1.496773e+00	1.143824e-01	6.469966e+03	1.000000e+05	1.000000e+05	3.032610e-37	2.668800e-37	5.356033e-34
0	cP37	80	0	2	1	0.100	5.154936e-01	5.159418e-02	6.437007e+03	1.000000e+05	1.000000e+05	7.661083e-23	7.097350e-23	1.185072e-21
0	cP112	80	0	2	1	0.037	3.671236e-01	6.972236e-02	6.402292e+03	1.000000e+05	1.000000e+05	1.587922e-07	1.553015e-07	1.984615e-07
0	cP119	80	0	2	1	0.075	4.301591e-01	8.089606e-02	6.402562e+03	1.000000e+05	1.000000e+05	1.201263e-07	1.174359e-07	1.514907e-07
0	nP154	80	0	2	1	0.013	9.963912e-01	1.604559e-01	6.407606e+03	1.000000e+05	1.000000e+05	6.751326e-10	6.548273e-10	1.039097e-09
0	nP241	80	0	2	1	0.013	-4.796726e-01	1.700878e-01	6.392502e+03	1.000000e+05	1.000000e+05	4.859442e-03	4.826229e-03	4.938859e-03
0	nP270	80	0	2	1	0.013	9.963912e-01	1.604559e-01	6.407606e+03	1.000000e+05	1.000000e+05	6.751326e-10	6.548273e-10	1.039097e-09
0	cP58	82	0	2	1	0.013	1.084155e+00	1.563653e-01	6.412242e+03	1.000000e+05	1.000000e+05	5.939708e-12	5.719483e-12	1.156862e-11
0	cP88	82	0	2	1	0.025	-1.112987e+00	1.107580e-01	6.437550e+03	1.000000e+05	1.000000e+05	4.431288e-23	4.101743e-23	7.280367e-22
0	cP101	82	0	2	1	0.013	-2.671675e-01	1.499405e-01	6.390119e+03	1.000000e+05	1.000000e+05	7.496797e-02	7.474060e-02	7.507473e-02
0	cP71	83	0	2	1	0.075	-2.358864e-01	5.847437e-02	6.396636e+03	1.000000e+05	1.000000e+05	5.741991e-05	5.665739e-05	6.190369e-05
0	cP12	85	0	2	1	0.013	-2.671675e-01	1.499405e-01	6.390119e+03	1.000000e+05	1.000000e+05	7.496797e-02	7.474060e-02	7.507473e-02
0	cP26	85	0	2	1	0.013	1.188122e+00	1.560705e-01	6.417030e+03	1.000000e+05	1.000000e+05	4.562978e-14	4.361068e-14	1.193427e-13
0	cP47	88	0	2	1	0.100	7.143229e-01	5.443540e-02	6.470401e+03	1.000000e+05	1.000000e+05	1.959397e-37	1.723169e-37	3.736231e-34
0	cP89	88	0	2	1	0.013	-9.101030e-01	1.522990e-01	6.406211e+03	1.000000e+05	1.000000e+05	2.818242e-09	2.739447e-09	4.080568e-09
0	cP38	90	0	2	1	0.037	4.058588e-01	6.576654e-02	6.407373e+03	1.000000e+05	1.000000e+05	8.572589e-10	8.317792e-10	1.305585e-09
0	cP113	90	0	2	1	0.075	2.030658e-01	6.757671e-02	6.393039e+03	1.000000e+05	1.000000e+05	2.697435e-03	2.676727e-03	2.756028e-03
0	cP59	91	0	2	1	0.050	1.963998e-01	8.881709e-02	6.390975e+03	1.000000e+05	1.000000e+05	2.715729e-02	2.703741e-02	2.729589e-02
0	cP102	91	0	2	1	0.025	-2.784135e-01	1.108258e-01	6.391684e+03	1.000000e+05	1.000000e+05	1.209690e-02	1.202985e-02	1.221271e-02
0	cP13	92	0	2	1	0.037	7.795792e-02	7.557350e-02	6.389063e+03	1.000000e+05	1.000000e+05	3.024386e-01	3.020606e-01	3.022972e-01
0	cP27	92	0	2	1	0.037	6.735058e-01	9.476846e-02	6.413425e+03	1.000000e+05	1.000000e+05	1.782234e-12	1.712988e-12	3.715272e-12
0	cP72	92	0	2	1	0.237	4.399651e-01	3.888704e-02	6.450176e+03	1.000000e+05	1.000000e+05	1.327182e-28	1.204537e-28	1.051420e-26
0	cP90	94	0	2	1	0.113	2.835468e-01	5.879539e-02	6.400090e+03	1.000000e+05	1.000000e+05	1.551845e-06	1.522970e-06	1.814434e-06
0	cP14	100	0	2	1	0.050	2.839187e-01	7.340501e-02	6.395985e+03	1.000000e+05	1.000000e+05	1.142122e-04	1.128107e-04	1.216546e-04
0	cP28	100	0	2	1	0.150	2.219790e-01	4.573266e-02	6.400239e+03	1.000000e+05	1.000000e+05	1.329214e-06	1.304177e-06	1.560595e-06
0	cP39	100	0	2	1	0.050	-3.815862e-01	6.703447e-02	6.404590e+03	1.000000e+05	1.000000e+05	1.487845e-08	1.449916e-08	2.018225e-08
0	cP48	100	0	2	1	0.075	3.109595e-01	6.125964e-02	6.401327e+03	1.000000e+05	1.000000e+05	4.303562e-07	4.215316e-07	5.216422e-07
0	cP60	100	0	2	1	0.138	6.352990e-01	4.224296e-02	6.494431e+03	1.000000e+05	1.000000e+05	6.560075e-48	5.557395e-48	1.478414e-42
0	cP73	100	0	2	1	0.025	1.052027e+00	1.093952e-01	6.433539e+03	1.000000e+05	1.000000e+05	2.534739e-21	2.360960e-21	2.707454e-20
0	cP91	100	0	2	1	0.125	1.482355e-01	4.551064e-02	6.393824e+03	1.000000e+05	1.000000e+05	1.148926e-03	1.138692e-03	1.184518e-03
0	cP103	100	0	2	1	0.138	-2.739908e-01	4.736664e-02	6.405109e+03	1.000000e+05	1.000000e+05	8.734784e-09	8.505216e-09	1.209020e-08
0	cP114	100	0	2	1	0.113	2.737859e-01	5.314916e-02	6.401706e+03	1.000000e+05	1.000000e+05	2.908558e-07	2.847228e-07	3.567230e-07
0	cP120	100	0	2	1	0.025	1.627090e+00	1.060353e-01	6.498493e+03	1.000000e+05	1.000000e+05	1.115286e-49	9.388678e-50	6.230386e-44
0	nP5	100	0	2	1	0.013	5.887639e-01	1.453864e-01	6.396699e+03	1.000000e+05	1.000000e+05	5.375188e-05	5.303286e-05	5.801967e-05
0	nP9	100	0	2	1	0.013	-7.309509e-01	1.527756e-01	6.399909e+03	1.000000e+05	1.000000e+05	1.872436e-06	1.838117e-06	2.178443e-06
0	nP13	100	0	2	1	0.013	6.694866e-01	1.623169e-01	6.397002e+03	1.000000e+05	1.000000e+05	3.905381e-05	3.851306e-05	4.240909e-05
0	nP18	100	0	2	1	0.013	-1.362134e+00	1.587149e-01	6.424580e+03	1.000000e+05	1.000000e+05	2.167389e-17	2.047213e-17	1.001819e-16
0	nP21	100	0	2	1	0.050	-3.458637e-01	6.369012e-02	6.403159e+03	1.000000e+05	1.000000e+05	6.489382e-08	6.338121e-08	8.352849e-08
0	nP24	100	0	2	1	0.013	4.104063e-01	1.719826e-01	6.391376e+03	1.000000e+05	1.000000e+05	1.713355e-02	1.704694e-02	1.726165e-02
0	nP27	100	0	2	1	0.037	-5.435088e-02	7.343463e-02	6.388805e+03	1.000000e+05	1.000000e+05	4.593323e-01	4.589812e-01	4.591284e-01
0	nP33	100	0	2	1	0.013	-4.419054e-01	1.641987e-01	6.392149e+03	1.000000e+05	1.000000e+05	7.191977e-03	7.146832e-03	7.286935e-03
0	nP35	100	0	2	1	0.037	-1.248131e-01	1.095065e-01	6.389181e+03	1.000000e+05	1.000000e+05	2.545496e-01	2.541782e-01	2.544456e-01
0	nP38	100	0	2	1	0.013	-5.122926e-02	1.507417e-01	6.388588e+03	1.000000e+05	1.000000e+05	7.340157e-01	7.338155e-01	7.338649e-01
0	nP43	100	0	2	1	0.013	6.694866e-01	1.623169e-01	6.397002e+03	1.000000e+05	1.000000e+05	3.905381e-05	3.851306e-05	4.240909e-05
0	nP48	100	0	2	1	0.013	-9.265971e-01	1.673466e-01	6.403734e+03	1.000000e+05	1.000000e+05	3.591406e-08	3.504544e-08	4.718313e-08
0	nP53	100	0	2	1	0.013	6.694866e-01	1.623169e-01	6.397002e+03	1.000000e+05	1.000000e+05	3.905381e-05	3.851306e-05	4.240909e-05
0	nP56	100	0	2	1	0.013	-7.309509e-01	1.527756e-01	6.399909e+03	1.000000e+05	1.000000e+05	1.872436e-06	1.838117e-06	2.178443e-06
0	nP61	100	0	2	1	0.013	-5.434928e-01	1.566885e-01	6.394531e+03	1.000000e+05	1.000000e+05	5.370214e-04	5.316456e-04	5.588940e-04
0	nP64	100	0	2	1	0.025	2.056990e-01	1.139224e-01	6.390161e+03	1.000000e+05	1.000000e+05	7.116788e-02	7.094708e-02	7.127909e-02
0	nP66	100	0	2	1	0.013	-1.161605e+00	1.583701e-01	6.415020e+03	1.000000e+05	1.000000e+05	3.516467e-13	3.371430e-13	8.075204e-13
0	nP71	100	0	2	1	0.037	6.420202e-01	7.163297e-02	6.427767e+03	1.000000e+05	1.000000e+05	8.628158e-19	8.109315e-19	5.266855e-18
0	nP75	100	0	2	1	0.025	-3.484034e-01	1.196054e-01	6.392767e+03	1.000000e+05	1.000000e+05	3.630156e-03	3.603833e-03	3.698792e-03
0	nP79	100	0	2	1	0.013	6.694866e-01	1.623169e-01	6.397002e+03	1.000000e+05	1.000000e+05	3.905381e-05	3.851306e-05	4.240909e-05
0	nP82	100	0	2	1	0.050	-8.337328e-01	8.449793e-02	6.435842e+03	1.000000e+05	1.000000e+05	2.480916e-22	2.302540e-22	3.379211e-21
0	nP85	100	0	2	1	0.013	-4.419054e-01	1.641987e-01	6.392149e+03	1.000000e+05	1.000000e+05	7.191977e-03	7.146832e-03	7.286935e-03
0	nP89	100	0	2	1	0.013	-4.774822e-01	1.653601e-01	6.392694e+03	1.000000e+05	1.000000e+05	3.935032e-03	3.906952e-03	4.006565e-03
0	nP92	100	0	2	1	0.013	1.084155e+00	1.563653e-01	6.412242e+03	1.000000e+05	1.000000e+05	5.939708e-12	5.719483e-12	1.156862e-11
0	nP95	100	0	2	1	0.013	4.695520e-01	1.538034e-01	6.393183e+03	1.000000e+05	1.000000e+05	2.303530e-03	2.285323e-03	2.357208e-03
0	nP101	100	0	2	1	0.013	-5.122926e-02	1.507417e-01	6.388588e+03	1.000000e+05	1.000000e+05	7.340157e-01	7.338155e-01	7.338649e-01
0	nP106	100	0	2	1	0.013	6.818777e-01	1.520164e-01	6.398540e+03	1.000000e+05	1.000000e+05	7.791623e-06	7.665230e-06	8.753165e-06
0	nP111	100	0	2	1	0.025	-4.550515e-01	7.614952e-02	6.406211e+03	1.000000e+05	1.000000e+05	2.818242e-09	2.739447e-09	4.080568e-09
0	nP113	100	0	2	1	0.025	6.659259e-01	1.103684e-01	6.406552e+03	1.000000e+05	1.000000e+05	1.988018e-09	1.931408e-09	2.920477e-09
0	nP115	100	0	2	1	0.013	5.887639e-01	1.453864e-01	6.396699e+03	1.000000e+05	1.000000e+05	5.375188e-05	5.303286e-05	5.801967e-05
0	nP117	100	0	2	1	0.013	5.887639e-01	1.453864e-01	6.396699e+03	1.000000e+05	1.000000e+05	5.375188e-05	5.303286e-05	5.801967e-05
0	nP122	100	0	2	1	0.013	-7.309509e-01	1.527756e-01	6.399909e+03	1.000000e+05	1.000000e+05	1.872436e-06	1.838117e-06	2.178443e-06
0	nP125	100	0	2	1	0.013	-9.101030e-01	1.522990e-01	6.406211e+03	1.000000e+05	1.000000e+05	2.818242e-09	2.739447e-09	4.080568e-09
0	nP130	100	0	2	1	0.013	6.694866e-01	1.623169e-01	6.397002e+03	1.000000e+05	1.000000e+05	3.905381e-05	3.851306e-05	4.240909e-05
0	nP135	100	0	2	1	0.013	1.564223e+00	1.438892e-01	6.445609e+03	1.000000e+05	1.000000e+05	1.317622e-26	1.204404e-26	5.690367e-25
0	nP137	100	0	2	1	0.013	-7.309509e-01	1.527756e-01	6.399909e+03	1.000000e+05	1.000000e+05	1.872436e-06	1.838117e-06	2.178443e-06
0	nP141	100	0	2	1	0.025	-3.484034e-01	1.196054e-01	6.392767e+03	1.000000e+05	1.000000e+05	3.630156e-03	3.603833e-03	3.698792e-03
0	nP143	100	0	2	1	0.013	5.887639e-01	1.453864e-01	6.396699e+03	1.000000e+05	1.000000e+05	5.375188e-05	5.303286e-05	5.801967e-05
0	nP146	100	0	2	1	0.013	-8.211283e-01	1.554159e-01	6.402385e+03	1.000000e+05	1.000000e+05	1.442549e-07	1.410632e-07	1.808468e-07
0	nP148	100	0	2	1	0.087	4.957813e-01	5.668131e-02	6.425943e+03	1.000000e+05	1.000000e+05	5.455824e-18	5.142360e-18	2.832712e-17
0	nP155	100	0	2	1	0.013	4.104063e-01	1.719826e-01	6.391376e+03	1.000000e+05	1.000000e+05	1.713355e-02	1.704694e-02	1.726165e-02
0	nP158	100	0	2	1	0.025	-3.601614e-01	1.191001e-01	6.393096e+03	1.000000e+05	1.000000e+05	2.534122e-03	2.514440e-03	2.590735e-03
0	nP162	100	0	2	1	0.013	1.564223e+00	1.438892e-01	6.445609e+03	1.000000e+05	1.000000e+05	1.317622e-26	1.204404e-26	5.690367e-25
0	nP165	100	0	2	1	0.037	-2.176028e-01	7.089141e-02	6.393234e+03	1.000000e+05	1.000000e+05	2.180098e-03	2.162694e-03	2.232133e-03
0	nP170	100	0	2	1	0.013	1.997942e-01	1.618480e-01	6.389293e+03	1.000000e+05	1.000000e+05	2.172147e-01	2.168553e-01	2.171463e-01
0	nP172	100	0	2	1	0.013	-9.265971e-01	1.673466e-01	6.403734e+03	1.000000e+05	1.000000e+05	3.591406e-08	3.504544e-08	4.718313e-08
0	nP174	100	0	2	1	0.013	-7.595791e-01	1.515183e-01	6.401014e+03	1.000000e+05	1.000000e+05	5.951258e-07	5.832082e-07	7.145660e-07
0	nP180	100	0	2	1	0.013	-1.251226e+00	1.506182e-01	6.422354e+03	1.000000e+05	1.000000e+05	2.063475e-16	1.955844e-16	7.958520e-16
0	nP184	100	0	2	1	0.013	-4.774822e-01	1.653601e-01	6.392694e+03	1.000000e+05	1.000000e+05	3.935032e-03	3.906952e-03	4.006565e-03
0	nP190	100	0	2	1	0.013	-2.671675e-01	1.499405e-01	6.390119e+03	1.000000e+05	1.000000e+05	7.496797e-02	7.474060e-02	7.507473e-02
0	nP193	100	0	2	1	0.013	7.636221e-01	1.400899e-01	6.403269e+03	1.000000e+05	1.000000e+05	5.795157e-08	5.659106e-08	7.488069e-08
0	nP195	100	0	2	1	0.013	-4.419054e-01	1.641987e-01	6.392149e+03	1.000000e+05	1.000000e+05	7.191977e-03	7.146832e-03	7.286935e-03
0	nP198	100	0	2	1	0.013	-4.774822e-01	1.653601e-01	6.392694e+03	1.000000e+05	1.000000e+05	3.935032e-03	3.906952e-03	4.006565e-03
0	nP200	100	0	2	1	0.013	-5.598974e-01	1.592361e-01	6.394696e+03	1.000000e+05	1.000000e+05	4.500897e-04	4.454685e-04	4.695343e-04
0	nP203	100	0	2	1	0.013	-9.265971e-01	1.673466e-01	6.403734e+03	1.000000e+05	1.000000e+05	3.591406e-08	3.504544e-08	4.718313e-08
0	nP206	100	0	2	1	0.062	-2.577032e-02	6.899791e-02	6.388601e+03	1.000000e+05	1.000000e+05	7.088302e-01	7.086128e-01	7.086685e-01
0	nP209	100	0	2	1	0.013	4.104063e-01	1.719826e-01	6.391376e+03	1.000000e+05	1.000000e+05	1.713355e-02	1.704694e-02	1.726165e-02
0	nP212	100	0	2	1	0.025	2.362239e-01	8.240182e-02	6.392634e+03	1.000000e+05	1.000000e+05	4.201687e-03	4.172097e-03	4.275624e-03
0	nP217	100	0	2	1	0.013	-1.469209e+00	1.666309e-01	6.426533e+03	1.000000e+05	1.000000e+05	3.004537e-18	2.829306e-18	1.642512e-17
0	nP219	100	0	2	1	0.013	-1.362134e+00	1.587149e-01	6.424580e+03	1.000000e+05	1.000000e+05	2.167389e-17	2.047213e-17	1.001819e-16
0	nP222	100	0	2	1	0.037	-3.135074e-01	6.838307e-02	6.398984e+03	1.000000e+05	1.000000e+05	4.903048e-06	4.820159e-06	5.568255e-06
0	nP225	100	0	2	1	0.050	5.360874e-01	8.824865e-02	6.406795e+03	1.000000e+05	1.000000e+05	1.549225e-09	1.504537e-09	2.299946e-09
0	nP229	100	0	2	1	0.013	1.084155e+00	1.563653e-01	6.412242e+03	1.000000e+05	1.000000e+05	5.939708e-12	5.719483e-12	1.156862e-11
0	nP233	100	0	2	1	0.013	1.034055e+00	1.578623e-01	6.409728e+03	1.000000e+05	1.000000e+05	7.717535e-11	7.460645e-11	1.314805e-10
0	nP236	100	0	2	1	0.013	1.799393e-01	1.472049e-01	6.389278e+03	1.000000e+05	1.000000e+05	2.217469e-01	2.213856e-01	2.216738e-01
0	nP242	100	0	2	1	0.013	-9.265971e-01	1.673466e-01	6.403734e+03	1.000000e+05	1.000000e+05	3.591406e-08	3.504544e-08	4.718313e-08
0	nP246	100	0	2	1	0.037	-5.002302e-02	9.739361e-02	6.388663e+03	1.000000e+05	1.000000e+05	6.075907e-01	6.073099e-01	6.073958e-01
0	nP249	100	0	2	1	0.013	9.963912e-01	1.604559e-01	6.407606e+03	1.000000e+05	1.000000e+05	6.751326e-10	6.548273e-10	1.039097e-09
0	nP252	100	0	2	1	0.013	-7.595791e-01	1.515183e-01	6.401014e+03	1.000000e+05	1.000000e+05	5.951258e-07	5.832082e-07	7.145660e-07
0	nP257	100	0	2	1	0.025	6.205364e-01	1.252313e-01	6.400729e+03	1.000000e+05	1.000000e+05	7.995633e-07	7.839014e-07	9.519911e-07
0	nP261	100	0	2	1	0.013	1.389930e-01	1.598159e-01	6.388909e+03	1.000000e+05	1.000000e+05	3.845914e-01	3.842197e-01	3.844066e-01
0	nP265	100	0	2	1	0.013	-4.796726e-01	1.700878e-01	6.392502e+03	1.000000e+05	1.000000e+05	4.859442e-03	4.826229e-03	4.938859e-03
0	nP271	100	0	2	1	0.013	1.188122e+00	1.560705e-01	6.417030e+03	1.000000e+05	1.000000e+05	4.562978e-14	4.361068e-14	1.193427e-13
0	cM5	100	0	2	1	0.025	-1.085502e-01	9.803328e-02	6.389144e+03	1.000000e+05	1.000000e+05	2.683397e-01	2.679656e-01	2.682240e-01
0	cM19	100	0	2	1	0.025	-6.460034e-02	1.179048e-01	6.388681e+03	1.000000e+05	1.000000e+05	5.838352e-01	5.835410e-01	5.836353e-01
0	cM23	100	0	2	1	0.025	1.378002e-01	1.262230e-01	6.389127e+03	1.000000e+05	1.000000e+05	2.751207e-01	2.747455e-01	2.749995e-01
0	cM25	100	0	2	1	0.025	2.834008e-02	1.292025e-01	6.388555e+03	1.000000e+05	1.000000e+05	8.264084e-01	8.262748e-01	8.263041e-01
0	nM3	100	0	2	1	0.025	-1.157210e-02	1.195268e-01	6.388535e+03	1.000000e+05	1.000000e+05	9.228847e-01	9.228246e-01	9.228369e-01
0	nM6	100	0	2	1	0.075	-8.506808e-03	7.697635e-02	6.388537e+03	1.000000e+05	1.000000e+05	9.120172e-01	9.119487e-01	9.119628e-01
0	nM10	100	0	2	1	0.025	5.908769e-02	1.316306e-01	6.388632e+03	1.000000e+05	1.000000e+05	6.535717e-01	6.533184e-01	6.533895e-01
0	nM14	100	0	2	1	0.025	-1.186851e-02	1.321173e-01	6.388535e+03	1.000000e+05	1.000000e+05	9.284311e-01	9.283753e-01	9.283866e-01
0	nM18	100	0	2	1	0.050	-3.096886e-02	9.658413e-02	6.388582e+03	1.000000e+05	1.000000e+05	7.485242e-01	7.483342e-01	7.483800e-01
0	nM23	100	0	2	1	0.025	-1.023834e-02	1.400234e-01	6.388533e+03	1.000000e+05	1.000000e+05	9.417208e-01	9.416753e-01	9.416845e-01
0	nM26	100	0	2	1	0.050	-2.938475e-02	1.001318e-01	6.388574e+03	1.000000e+05	1.000000e+05	7.692081e-01	7.690327e-01	7.690738e-01
0	nM29	100	0	2	1	0.050	2.269007e-02	1.060801e-01	6.388554e+03	1.000000e+05	1.000000e+05	8.306558e-01	8.305253e-01	8.305538e-01
0	nM31	100	0	2	1	0.050	7.856094e-03	9.846187e-02	6.388534e+03	1.000000e+05	1.000000e+05	9.364157e-01	9.363661e-01	9.363761e-01
0	nM33	100	0	2	1	0.050	-1.651652e-02	1.005818e-01	6.388544e+03	1.000000e+05	1.000000e+05	8.695868e-01	8.694857e-01	8.695070e-01
0	nM36	100	0	2	1	0.025	-9.480451e-03	1.391682e-01	6.388533e+03	1.000000e+05	1.000000e+05	9.456968e-01	9.456544e-01	9.456630e-01
0	nM41	100	0	2	1	0.025	-1.157210e-02	1.195268e-01	6.388535e+03	1.000000e+05	1.000000e+05	9.228847e-01	9.228246e-01	9.228369e-01
0	nM43	100	0	2	1	0.025	-5.556527e-03	1.346252e-01	6.388532e+03	1.000000e+05	1.000000e+05	9.670826e-01	9.670569e-01	9.670620e-01
0	nM47	100	0	2	1	0.025	-2.601838e-02	1.331931e-01	6.388550e+03	1.000000e+05	1.000000e+05	8.451491e-01	8.450295e-01	8.450552e-01
0	nM50	100	0	2	1	0.075	4.478473e-03	8.964238e-02	6.388532e+03	1.000000e+05	1.000000e+05	9.601610e-01	9.601299e-01	9.601362e-01
0	nM52	100	0	2	1	0.050	1.776138e-02	8.458375e-02	6.388553e+03	1.000000e+05	1.000000e+05	8.337056e-01	8.335774e-01	8.336053e-01
0	nM55	100	0	2	1	0.025	-5.556527e-03	1.346252e-01	6.388532e+03	1.000000e+05	1.000000e+05	9.670826e-01	9.670569e-01	9.670620e-01
0	nM59	100	0	2	1	0.025	-2.754905e-02	1.220117e-01	6.388556e+03	1.000000e+05	1.000000e+05	8.213934e-01	8.212561e-01	8.212864e-01
0	nM74	100	0	2	1	0.025	-5.556527e-03	1.346252e-01	6.388532e+03	1.000000e+05	1.000000e+05	9.670826e-01	9.670569e-01	9.670620e-01
0	nM80	100	0	2	1	0.100	2.839579e-02	7.703639e-02	6.388599e+03	1.000000e+05	1.000000e+05	7.124730e-01	7.122581e-01	7.123128e-01
0	nM84	100	0	2	1	0.025	-1.248327e-02	1.447707e-01	6.388534e+03	1.000000e+05	1.000000e+05	9.312960e-01	9.312424e-01	9.312533e-01
0	nM86	100	0	2	1	0.025	-1.023834e-02	1.400234e-01	6.388533e+03	1.000000e+05	1.000000e+05	9.417208e-01	9.416753e-01	9.416845e-01
0	nM90	100	0	2	1	0.050	2.252764e-02	1.108296e-01	6.388551e+03	1.000000e+05	1.000000e+05	8.389548e-01	8.388305e-01	8.388575e-01
0	nM97	100	0	2	1	0.025	-6.707186e-03	1.212896e-01	6.388532e+03	1.000000e+05	1.000000e+05	9.559072e-01	9.558728e-01	9.558797e-01
0	nM103	100	0	2	1	0.025	5.870626e-02	1.342361e-01	6.388626e+03	1.000000e+05	1.000000e+05	6.619270e-01	6.616790e-01	6.617476e-01
0	nM109	100	0	2	1	0.050	-1.488554e-02	9.406502e-02	6.388543e+03	1.000000e+05	1.000000e+05	8.742819e-01	8.741844e-01	8.742049e-01
0	nM113	100	0	2	1	0.025	-1.602065e-02	1.163718e-01	6.388540e+03	1.000000e+05	1.000000e+05	8.905202e-01	8.904352e-01	8.904528e-01
0	nM118	100	0	2	1	0.075	3.152807e-02	7.374065e-02	6.388622e+03	1.000000e+05	1.000000e+05	6.690339e-01	6.687904e-01	6.688570e-01
0	nM128	100	0	2	1	0.025	-2.854605e-02	1.282001e-01	6.388555e+03	1.000000e+05	1.000000e+05	8.238224e-01	8.236869e-01	8.237167e-01
0	nM133	100	0	2	1	0.150	2.098135e-02	7.142378e-02	6.388574e+03	1.000000e+05	1.000000e+05	7.689805e-01	7.688050e-01	7.688462e-01
0	nM137	100	0	2	1	0.100	7.286335e-03	6.540344e-02	6.388537e+03	1.000000e+05	1.000000e+05	9.113084e-01	9.112393e-01	9.112535e-01
0	nM144	100	0	2	1	0.025	2.821057e-02	1.419722e-01	6.388550e+03	1.000000e+05	1.000000e+05	8.425189e-01	8.423973e-01	8.424236e-01
0	nM149	100	0	2	1	0.075	-2.237692e-02	9.658583e-02	6.388558e+03	1.000000e+05	1.000000e+05	8.168169e-01	8.166762e-01	8.167074e-01
0	nM152	100	0	2	1	0.025	-3.478758e-02	1.225262e-01	6.388571e+03	1.000000e+05	1.000000e+05	7.765088e-01	7.763386e-01	7.763782e-01
0	nM156	100	0	2	1	0.025	2.834008e-02	1.292025e-01	6.388555e+03	1.000000e+05	1.000000e+05	8.264084e-01	8.262748e-01	8.263041e-01
0	nM159	100	0	2	1	0.050	6.324408e-02	9.529555e-02	6.388751e+03	1.000000e+05	1.000000e+05	5.070021e-01	5.066699e-01	5.067950e-01
0	nM170	100	0	2	1	0.025	-2.854605e-02	1.282001e-01	6.388555e+03	1.000000e+05	1.000000e+05	8.238224e-01	8.236869e-01	8.237167e-01
0	nM172	100	0	2	1	0.075	9.261943e-03	7.737896e-02	6.388538e+03	1.000000e+05	1.000000e+05	9.047391e-01	9.046650e-01	9.046802e-01
0	nM176	100	0	2	1	0.025	1.378002e-01	1.262230e-01	6.389127e+03	1.000000e+05	1.000000e+05	2.751207e-01	2.747455e-01	2.749995e-01
0	nM181	100	0	2	1	0.025	-3.478758e-02	1.225262e-01	6.388571e+03	1.000000e+05	1.000000e+05	7.765088e-01	7.763386e-01	7.763782e-01
0	nM185	100	0	2	1	0.125	-4.353670e-02	7.394303e-02	6.388704e+03	1.000000e+05	1.000000e+05	5.560873e-01	5.557785e-01	5.558832e-01
0	nM192	100	0	2	1	0.075	-5.173560e-02	7.161054e-02	6.388792e+03	1.000000e+05	1.000000e+05	4.701188e-01	4.697716e-01	4.699136e-01
0	nM196	100	0	2	1	0.025	-2.854605e-02	1.282001e-01	6.388555e+03	1.000000e+05	1.000000e+05	8.238224e-01	8.236869e-01	8.237167e-01
0	nM198	100	0	2	1	0.075	1.022774e-03	9.234195e-02	6.388531e+03	1.000000e+05	1.000000e+05	9.911642e-01	9.911573e-01	9.911587e-01
0	nM201	100	0	2	1	0.025	-3.478758e-02	1.225262e-01	6.388571e+03	1.000000e+05	1.000000e+05	7.765088e-01	7.763386e-01	7.763782e-01
0	nM203	100	0	2	1	0.025	-1.248327e-02	1.447707e-01	6.388534e+03	1.000000e+05	1.000000e+05	9.312960e-01	9.312424e-01	9.312533e-01
0	nM205	100	0	2	1	0.025	2.834008e-02	1.292025e-01	6.388555e+03	1.000000e+05	1.000000e+05	8.264084e-01	8.262748e-01	8.263041e-01
0	nM209	100	0	2	1	0.025	3.414181e-02	1.065931e-01	6.388582e+03	1.000000e+05	1.000000e+05	7.487825e-01	7.485926e-01	7.486384e-01
0	nM217	100	0	2	1	0.050	-1.149976e-02	1.147537e-01	6.388536e+03	1.000000e+05	1.000000e+05	9.201882e-01	9.201260e-01	9.201387e-01
0	nM224	100	0	2	1	0.050	2.252764e-02	1.108296e-01	6.388551e+03	1.000000e+05	1.000000e+05	8.389548e-01	8.388305e-01	8.388575e-01
0	nM226	100	0	2	1	0.025	5.870626e-02	1.342361e-01	6.388626e+03	1.000000e+05	1.000000e+05	6.619270e-01	6.616790e-01	6.617476e-01
0	nM228	100	0	2	1	0.050	3.510240e-02	8.222209e-02	6.388622e+03	1.000000e+05	1.000000e+05	6.694938e-01	6.692506e-01	6.693170e-01
0	nM232	100	0	2	1	0.050	2.252764e-02	1.108296e-01	6.388551e+03	1.000000e+05	1.000000e+05	8.389548e-01	8.388305e-01	8.388575e-01
0	nM240	100	0	2	1	0.025	9.810204e-03	1.243133e-01	6.388534e+03	1.000000e+05	1.000000e+05	9.371100e-01	9.370609e-01	9.370708e-01
0	nM250	100	0	2	1	0.025	-1.248327e-02	1.447707e-01	6.388534e+03	1.000000e+05	1.000000e+05	9.312960e-01	9.312424e-01	9.312533e-01
0	nM254	100	0	2	1	0.125	9.346161e-03	7.922544e-02	6.388538e+03	1.000000e+05	1.000000e+05	9.061069e-01	9.060338e-01	9.060488e-01
0	nM260	100	0	2	1	0.025	-1.248327e-02	1.447707e-01	6.388534e+03	1.000000e+05	1.000000e+05	9.312960e-01	9.312424e-01	9.312533e-01
0	nM263	100	0	2	1	0.025	-2.601838e-02	1.331931e-01	6.388550e+03	1.000000e+05	1.000000e+05	8.451491e-01	8.450295e-01	8.450552e-01
0	nM268	100	0	2	1	0.050	-1.651652e-02	1.005818e-01	6.388544e+03	1.000000e+05	1.000000e+05	8.695868e-01	8.694857e-01	8.695070e-01
0	nM274	100	0	2	1	0.025	-1.186851e-02	1.321173e-01	6.388535e+03	1.000000e+05	1.000000e+05	9.284311e-01	9.283753e-01	9.283866e-01
0	nM278	100	0	2	1	0.025	2.129096e-02	1.353933e-01	6.388543e+03	1.000000e+05	1.000000e+05	8.750656e-01	8.749687e-01	8.749890e-01
0	nM282	100	0	2	1	0.025	-2.756996e-02	1.239018e-01	6.388555e+03	1.000000e+05	1.000000e+05	8.239418e-01	8.238063e-01	8.238361e-01
