chr	rs	ps	n_mis	n_obs	allele1	allele0	af	beta	se	p_wald	p_lrt	p_score
0	cP1	0	0	1600	2	1	0.013	5.439088e-01	1.595993e-01	6.707487e-04	6.642510e-04	6.960556e-04
0	cP15	0	0	1600	2	1	0.050	-1.902411e+00	6.843962e-02	4.775264e-139	2.923855e-139	4.012649e-100
0	cP29	0	0	1600	2	1	0.013	-3.338072e-02	1.601761e-01	8.349431e-01	8.348159e-01	8.348436e-01
0	cP40	0	0	1600	2	1	0.100	-1.150149e-01	4.482313e-02	1.037917e-02	1.031940e-02	1.048898e-02
0	cP49	0	0	1600	2	1	0.013	2.526291e-01	1.600535e-01	1.146708e-01	1.143874e-01	1.147264e-01
0	cP61	0	0	1600	2	1	0.013	-4.786433e-01	1.597301e-01	2.772378e-03	2.751204e-03	2.831855e-03
0	cP74	0	0	1600	2	1	0.037	-1.134652e-01	7.232443e-02	1.168840e-01	1.165981e-01	1.169367e-01
0	cP92	0	0	1600	2	1	0.013	-9.421905e-05	1.601783e-01	9.995307e-01	9.995304e-01	9.995305e-01
0	cP104	0	0	1600	2	1	0.013	-4.119953e-01	1.598464e-01	1.004227e-02	9.983980e-03	1.015077e-02
0	cP115	0	0	1600	2	1	0.013	-1.264278e+00	1.570249e-01	1.582950e-15	1.505100e-15	5.233160e-15
0	nP1	0	0	1600	2	1	0.013	1.008408e+00	1.581794e-01	2.387066e-10	2.311598e-10	3.852121e-10
0	nP6	0	0	1600	2	1	0.013	-1.374787e+00	1.564427e-01	3.855749e-18	3.632271e-18	2.062707e-17
0	nP7	0	0	1600	2	1	0.013	7.848457e-02	1.601662e-01	6.241874e-01	6.239162e-01	6.239966e-01
0	nP10	0	0	1600	2	1	0.037	8.585646e-01	6.912015e-02	6.945282e-34	6.185821e-34	3.350392e-31
0	nP15	0	0	1600	2	1	0.013	-1.635987e+00	1.548619e-01	2.908521e-25	2.671368e-25	8.553657e-24
0	nP19	0	0	1600	2	1	0.025	-9.100293e-01	7.678558e-02	4.070801e-31	3.661647e-31	7.348430e-29
0	nP22	0	0	1600	2	1	0.013	1.008408e+00	1.581794e-01	2.387066e-10	2.311598e-10	3.852121e-10
0	nP25	0	0	1600	2	1	0.013	2.008591e+00	1.520934e-01	7.192525e-38	6.315563e-38	1.637370e-34
0	nP26	0	0	1600	2	1	0.013	7.848457e-02	1.601662e-01	6.241874e-01	6.239162e-01	6.239966e-01
0	nP28	0	0	1600	2	1	0.013	1.185629e+00	1.574084e-01	8.303300e-14	7.943190e-14	2.088411e-13
0	nP29	0	0	1600	2	1	0.013	-2.835867e-01	1.600211e-01	7.655467e-02	7.632463e-02	7.665954e-02
0	nP31	0	0	1600	2	1	0.013	-1.346860e+00	1.565947e-01	1.855719e-17	1.752404e-17	8.688756e-17
0	nP34	0	0	1600	2	1	0.013	-1.346860e+00	1.565947e-01	1.855719e-17	1.752404e-17	8.688756e-17
0	nP36	0	0	1600	2	1	0.013	2.013192e+00	1.520553e-01	4.810310e-38	4.221170e-38	1.176406e-34
0	nP37	0	0	1600	2	1	0.025	-2.602429e-01	1.145589e-01	2.323743e-02	2.312983e-02	2.337351e-02
0	nP39	0	0	1600	2	1	0.013	-1.075176e+00	1.579040e-01	1.385974e-11	1.336321e-11	2.578396e-11
0	nP44	0	0	1600	2	1	0.013	-7.597691e-01	1.590467e-01	1.942153e-06	1.906661e-06	2.257395e-06
0	nP45	0	0	1600	2	1	0.013	-1.635987e+00	1.548619e-01	2.908521e-25	2.671368e-25	8.553657e-24
0	nP49	0	0	1600	2	1	0.037	4.043951e-02	7.237303e-02	5.764005e-01	5.761023e-01	5.761993e-01
0	nP54	0	0	1600	2	1	0.013	-4.119953e-01	1.598464e-01	1.004227e-02	9.983980e-03	1.015077e-02
0	nP57	0	0	1600	2	1	0.025	-6.873936e-01	7.822136e-02	3.855749e-18	3.632271e-18	2.062707e-17
0	nP62	0	0	1600	2	1	0.013	-4.119953e-01	1.598464e-01	1.004227e-02	9.983980e-03	1.015077e-02
0	nP65	0	0	1600	2	1	0.013	-3.338072e-02	1.601761e-01	8.349431e-01	8.348159e-01	8.348436e-01
0	nP67	0	0	1600	2	1	0.013	1.185629e+00	1.574084e-01	8.303300e-14	7.943190e-14	2.088411e-13
0	nP68	0	0	1600	2	1	0.013	2.732163e-01	1.600324e-01	8.796864e-02	8.772055e-02	8.805933e-02
0	nP72	0	0	1600	2	1	0.013	-2.538809e-01	1.600523e-01	1.128834e-01	1.126021e-01	1.129414e-01
0	nP76	0	0	1600	2	1	0.013	7.798126e-01	1.589860e-01	1.029891e-06	1.010103e-06	1.217611e-06
0	nP77	0	0	1600	2	1	0.013	7.848457e-02	1.601662e-01	6.241874e-01	6.239162e-01	6.239966e-01
0	nP80	0	0	1600	2	1	0.013	1.345192e+00	1.566036e-01	2.036106e-17	1.923024e-17	9.460218e-17
0	nP84	0	0	1600	2	1	0.062	3.330325e-01	6.208557e-02	9.328505e-08	9.116085e-08	1.186212e-07
0	nP86	0	0	1600	2	1	0.025	-6.529091e-01	1.135754e-01	1.075324e-08	1.047394e-08	1.476604e-08
0	nP90	0	0	1600	2	1	0.037	9.681166e-01	6.820825e-02	3.743862e-43	3.225955e-43	8.488675e-39
0	nP91	0	0	1600	2	1	0.013	-1.374787e+00	1.564427e-01	3.855749e-18	3.632271e-18	2.062707e-17
0	nP93	0	0	1600	2	1	0.050	-1.049062e-01	6.678468e-02	1.164242e-01	1.161388e-01	1.164775e-01
0	nP96	0	0	1600	2	1	0.013	6.899350e-03	1.601782e-01	9.656487e-01	9.656219e-01	9.656273e-01
0	nP97	0	0	1600	2	1	0.013	-4.335541e-01	1.598107e-01	6.740830e-03	6.697897e-03	6.833165e-03
0	nP102	0	0	1600	2	1	0.025	-1.269405e-01	8.002615e-02	1.128834e-01	1.126021e-01	1.129414e-01
0	nP107	0	0	1600	2	1	0.013	1.185629e+00	1.574084e-01	8.303300e-14	7.943190e-14	2.088411e-13
0	nP112	0	0	1600	2	1	0.062	-5.442863e-01	6.114439e-02	1.458757e-18	1.372149e-18	8.497227e-18
0	nP114	0	0	1600	2	1	0.025	-5.475279e-01	1.139234e-01	1.683456e-06	1.652335e-06	1.964069e-06
0	nP116	0	0	1600	2	1	0.025	-1.979438e+00	1.035095e-01	1.428452e-73	1.104191e-73	2.352030e-61
0	nP118	0	0	1600	2	1	0.013	-1.075176e+00	1.579040e-01	1.385974e-11	1.336321e-11	2.578396e-11
0	nP119	0	0	1600	2	1	0.013	6.355218e-01	1.593874e-01	6.985094e-05	6.894344e-05	7.503877e-05
0	nP123	0	0	1600	2	1	0.025	1.639139e+00	1.071671e-01	2.170136e-49	1.828747e-49	1.043179e-43
0	nP124	0	0	1600	2	1	0.013	-7.205156e-01	1.591609e-01	6.426666e-06	6.320587e-06	7.251998e-06
0	nP126	0	0	1600	2	1	0.013	-1.820059e+00	1.535712e-01	4.070801e-31	3.661647e-31	7.348430e-29
0	nP127	0	0	1600	2	1	0.013	-1.635987e+00	1.548619e-01	2.908521e-25	2.671368e-25	8.553657e-24
0	nP131	0	0	1600	2	1	0.050	-1.474569e-01	6.673435e-02	2.727360e-02	2.715336e-02	2.741225e-02
0	nP136	0	0	1600	2	1	0.025	-1.541060e-01	1.146790e-01	1.792029e-01	1.788631e-01	1.791765e-01
0	nP138	0	0	1600	2	1	0.013	2.867202e-01	1.600176e-01	7.335347e-02	7.312887e-02	7.346214e-02
0	nP142	0	0	1600	2	1	0.013	2.013192e+00	1.520553e-01	4.810310e-38	4.221170e-38	1.176406e-34
0	nP144	0	0	1600	2	1	0.013	-1.820059e+00	1.535712e-01	4.070801e-31	3.661647e-31	7.348430e-29
0	nP147	0	0	1600	2	1	0.025	6.471111e-01	1.135961e-01	1.452326e-08	1.415251e-08	1.971822e-08
0	nP149	0	0	1600	2	1	0.025	-1.269405e-01	8.002615e-02	1.128834e-01	1.126021e-01	1.129414e-01
0	nP150	0	0	1600	2	1	0.013	-4.786433e-01	1.597301e-01	2.772378e-03	2.751204e-03	2.831855e-03
0	nP156	0	0	1600	2	1	0.013	-9.421905e-05	1.601783e-01	9.995307e-01	9.995304e-01	9.995305e-01
0	nP160	0	0	1600	2	1	0.013	1.008408e+00	1.581794e-01	2.387066e-10	2.311598e-10	3.852121e-10
0	nP163	0	0	1600	2	1	0.025	-6.529091e-01	1.135754e-01	1.075324e-08	1.047394e-08	1.476604e-08
0	nP166	0	0	1600	2	1	0.013	-4.119953e-01	1.598464e-01	1.004227e-02	9.983980e-03	1.015077e-02
0	nP167	0	0	1600	2	1	0.013	2.867202e-01	1.600176e-01	7.335347e-02	7.312887e-02	7.346214e-02
0	nP171	0	0	1600	2	1	0.013	-2.835867e-01	1.600211e-01	7.655467e-02	7.632463e-02	7.665954e-02
0	nP173	0	0	1600	2	1	0.013	-1.075176e+00	1.579040e-01	1.385974e-11	1.336321e-11	2.578396e-11
0	nP175	0	0	1600	2	1	0.013	-1.264278e+00	1.570249e-01	1.582950e-15	1.505100e-15	5.233160e-15
0	nP176	0	0	1600	2	1	0.013	1.345192e+00	1.566036e-01	2.036106e-17	1.923024e-17	9.460218e-17
0	nP177	0	0	1600	2	1	0.025	-3.602578e-01	7.958047e-02	6.426666e-06	6.320587e-06	7.251998e-06
0	nP181	0	0	1600	2	1	0.037	1.821182e-01	7.223658e-02	1.179431e-02	1.172852e-02	1.190914e-02
0	nP185	0	0	1600	2	1	0.013	1.185629e+00	1.574084e-01	8.303300e-14	7.943190e-14	2.088411e-13
0	nP186	0	0	1600	2	1	0.025	1.263146e-01	8.002677e-02	1.146708e-01	1.143874e-01	1.147264e-01
0	nP191	0	0	1600	2	1	0.025	-2.662050e-01	1.145504e-01	2.025507e-02	2.015742e-02	2.038798e-02
0	nP194	0	0	1600	2	1	0.037	-9.279608e-01	9.206400e-02	3.304720e-23	3.057568e-23	5.609074e-22
0	nP196	0	0	1600	2	1	0.025	5.600148e-01	1.138854e-01	9.674858e-07	9.488076e-07	1.145809e-06
0	nP197	0	0	1600	2	1	0.013	-7.205156e-01	1.591609e-01	6.426666e-06	6.320587e-06	7.251998e-06
0	nP199	0	0	1600	2	1	0.013	-1.820059e+00	1.535712e-01	4.070801e-31	3.661647e-31	7.348430e-29
0	nP201	0	0	1600	2	1	0.037	-1.217111e+00	8.993131e-02	1.371518e-39	1.196923e-39	6.403958e-36
0	nP204	0	0	1600	2	1	0.013	1.008408e+00	1.581794e-01	2.387066e-10	2.311598e-10	3.852121e-10
0	nP208	0	0	1600	2	1	0.013	3.093479e-01	1.599912e-01	5.334732e-02	5.316111e-02	5.347673e-02
0	nP210	0	0	1600	2	1	0.013	-1.635987e+00	1.548619e-01	2.908521e-25	2.671368e-25	8.553657e-24
0	nP213	0	0	1600	2	1	0.025	6.471111e-01	1.135961e-01	1.452326e-08	1.415251e-08	1.971822e-08
0	nP218	0	0	1600	2	1	0.013	-3.338072e-02	1.601761e-01	8.349431e-01	8.348159e-01	8.348436e-01
0	nP220	0	0	1600	2	1	0.025	6.486899e-01	1.135905e-01	1.338553e-08	1.304220e-08	1.822913e-08
0	nP223	0	0	1600	2	1	0.013	-4.853777e-01	1.597174e-01	2.412332e-03	2.393425e-03	2.467416e-03
0	nP226	0	0	1600	2	1	0.013	7.149052e-01	1.591768e-01	7.588058e-06	7.464671e-06	8.529658e-06
0	nP230	0	0	1600	2	1	0.013	-1.635987e+00	1.548619e-01	2.908521e-25	2.671368e-25	8.553657e-24
0	nP234	0	0	1600	2	1	0.050	-1.106093e-01	8.331348e-02	1.844905e-01	1.841475e-01	1.844580e-01
0	nP237	0	0	1600	2	1	0.013	-1.346860e+00	1.565947e-01	1.855719e-17	1.752404e-17	8.688756e-17
0	nP243	0	0	1600	2	1	0.013	6.355218e-01	1.593874e-01	6.985094e-05	6.894344e-05	7.503877e-05
0	nP247	0	0	1600	2	1	0.013	-2.221379e+00	1.502303e-01	1.819024e-46	1.548954e-46	1.997478e-41
0	nP250	0	0	1600	2	1	0.013	6.899350e-03	1.601782e-01	9.656487e-01	9.656219e-01	9.656273e-01
0	nP253	0	0	1600	2	1	0.025	-8.179937e-01	7.743093e-02	2.908521e-25	2.671368e-25	8.553657e-24
0	nP254	0	0	1600	2	1	0.013	-1.374787e+00	1.564427e-01	3.855749e-18	3.632271e-18	2.062707e-17
0	nP259	0	0	1600	2	1	0.013	-9.421905e-05	1.601783e-01	9.995307e-01	9.995304e-01	9.995305e-01
0	nP262	0	0	1600	2	1	0.025	-2.059976e-01	7.992318e-02	1.004227e-02	9.983980e-03	1.015077e-02
0	nP266	0	0	1600	2	1	0.025	1.006596e+00	7.602766e-02	4.810310e-38	4.221170e-38	1.176406e-34
0	nP272	0	0	1600	2	1	0.013	7.848457e-02	1.601662e-01	6.241874e-01	6.239162e-01	6.239966e-01
0	cM1	0	0	1600	2	1	0.025	2.865861e-02	8.008592e-02	7.205041e-01	7.202946e-01	7.203473e-01
0	cM7	0	0	1600	2	1	0.050	4.271431e-02	5.736193e-02	4.565955e-01	4.562434e-01	4.563920e-01
0	cM9	0	0	1600	2	1	0.050	3.419450e-03	5.737182e-02	9.524804e-01	9.524433e-01	9.524508e-01
0	cM10	0	0	1600	2	1	0.075	-4.278984e-02	4.746068e-02	3.674132e-01	3.670387e-01	3.672355e-01
0	cM11	0	0	1600	2	1	0.025	6.034711e-02	8.007490e-02	4.511805e-01	4.508266e-01	4.509779e-01
0	cM12	0	0	1600	2	1	0.050	2.601286e-02	5.736819e-02	6.502956e-01	6.500404e-01	6.501125e-01
0	cM13	0	0	1600	2	1	0.025	3.453317e-02	8.008447e-02	6.663743e-01	6.661292e-01	6.661965e-01
0	cM14	0	0	1600	2	1	0.025	6.034711e-02	8.007490e-02	4.511805e-01	4.508266e-01	4.509779e-01
0	cM16	0	0	1600	2	1	0.025	-5.712802e-02	8.007638e-02	4.756906e-01	4.753456e-01	4.754849e-01
0	cM17	0	0	1600	2	1	0.075	-9.647696e-03	4.747214e-02	8.389822e-01	8.388580e-01	8.388849e-01
0	cM22	0	0	1600	2	1	0.025	3.453317e-02	8.008447e-02	6.663743e-01	6.661292e-01	6.661965e-01
0	cM24	0	0	1600	2	1	0.100	1.311144e-02	4.167842e-02	7.531172e-01	7.529304e-01	7.529751e-01
0	cM26	0	0	1600	2	1	0.050	-4.603007e-02	5.736033e-02	4.223992e-01	4.220364e-01	4.222025e-01
0	cM27	0	0	1600	2	1	0.025	3.893956e-02	8.008321e-02	6.268645e-01	6.265950e-01	6.266745e-01
0	cM28	0	0	1600	2	1	0.025	-1.407806e-02	8.008836e-02	8.604878e-01	8.603798e-01	8.604028e-01
0	nM2	0	0	1600	2	1	0.025	-6.228243e-03	8.008898e-02	9.380235e-01	9.379751e-01	9.379849e-01
0	nM4	0	0	1600	2	1	0.025	4.067509e-03	8.008907e-02	9.595013e-01	9.594697e-01	9.594761e-01
0	nM7	0	0	1600	2	1	0.025	-7.154099e-02	8.006913e-02	3.717292e-01	3.713553e-01	3.715496e-01
0	nM8	0	0	1600	2	1	0.025	1.202174e-02	8.008857e-02	8.807002e-01	8.806076e-01	8.806270e-01
0	nM13	0	0	1600	2	1	0.025	1.331379e-01	8.001985e-02	9.634621e-02	9.608609e-02	9.642608e-02
0	nM15	0	0	1600	2	1	0.025	-5.712802e-02	8.007638e-02	4.756906e-01	4.753456e-01	4.754849e-01
0	nM16	0	0	1600	2	1	0.050	3.419450e-03	5.737182e-02	9.524804e-01	9.524433e-01	9.524508e-01
0	nM17	0	0	1600	2	1	0.025	-1.407806e-02	8.008836e-02	8.604878e-01	8.603798e-01	8.604028e-01
0	nM19	0	0	1600	2	1	0.100	1.311144e-02	4.167842e-02	7.531172e-01	7.529304e-01	7.529751e-01
0	nM21	0	0	1600	2	1	0.050	-6.355333e-03	5.737166e-02	9.118089e-01	9.117402e-01	9.117542e-01
0	nM24	0	0	1600	2	1	0.025	5.655178e-02	8.007664e-02	4.801538e-01	4.798105e-01	4.799477e-01
0	nM25	0	0	1600	2	1	0.025	-1.407806e-02	8.008836e-02	8.604878e-01	8.603798e-01	8.604028e-01
0	nM28	0	0	1600	2	1	0.025	6.034711e-02	8.007490e-02	4.511805e-01	4.508266e-01	4.509779e-01
0	nM30	0	0	1600	2	1	0.025	-1.407806e-02	8.008836e-02	8.604878e-01	8.603798e-01	8.604028e-01
0	nM32	0	0	1600	2	1	0.075	-9.647696e-03	4.747214e-02	8.389822e-01	8.388580e-01	8.388849e-01
0	nM34	0	0	1600	2	1	0.025	-6.251459e-03	8.008898e-02	9.377929e-01	9.377444e-01	9.377542e-01
0	nM35	0	0	1600	2	1	0.100	2.383440e-02	4.167544e-02	5.674667e-01	5.671637e-01	5.672640e-01
0	nM38	0	0	1600	2	1	0.025	2.865861e-02	8.008592e-02	7.205041e-01	7.202946e-01	7.203473e-01
0	nM39	0	0	1600	2	1	0.025	1.331379e-01	8.001985e-02	9.634621e-02	9.608609e-02	9.642608e-02
0	nM40	0	0	1600	2	1	0.100	-4.257311e-02	4.166610e-02	3.070451e-01	3.066670e-01	3.069006e-01
0	nM42	0	0	1600	2	1	0.025	-6.145361e-03	8.008898e-02	9.388466e-01	9.387989e-01	9.388085e-01
0	nM44	0	0	1600	2	1	0.100	-2.964851e-02	4.167311e-02	4.769066e-01	4.765620e-01	4.767008e-01
0	nM46	0	0	1600	2	1	0.100	-2.294497e-02	4.167575e-02	5.820128e-01	5.817176e-01	5.818125e-01
0	nM48	0	0	1600	2	1	0.025	6.034711e-02	8.007490e-02	4.511805e-01	4.508266e-01	4.509779e-01
0	nM49	0	0	1600	2	1	0.025	-6.145361e-03	8.008898e-02	9.388466e-01	9.387989e-01	9.388085e-01
0	nM51	0	0	1600	2	1	0.050	1.318095e-02	5.737093e-02	8.183157e-01	8.181761e-01	8.182070e-01
0	nM54	0	0	1600	2	1	0.050	-6.308245e-03	5.737167e-02	9.124596e-01	9.123915e-01	9.124054e-01
0	nM56	0	0	1600	2	1	0.025	1.212282e-02	8.008856e-02	8.797048e-01	8.796114e-01	8.796309e-01
0	nM58	0	0	1600	2	1	0.025	-6.234171e-03	8.008898e-02	9.379646e-01	9.379162e-01	9.379260e-01
0	nM60	0	0	1600	2	1	0.075	-6.627788e-03	4.747246e-02	8.889831e-01	8.888968e-01	8.889148e-01
0	nM64	0	0	1600	2	1	0.075	-3.966270e-02	4.746238e-02	4.034678e-01	4.031001e-01	4.032764e-01
0	nM65	0	0	1600	2	1	0.050	-6.400968e-03	5.737166e-02	9.111782e-01	9.111090e-01	9.111232e-01
0	nM67	0	0	1600	2	1	0.050	-1.131640e-03	5.737188e-02	9.842655e-01	9.842532e-01	9.842556e-01
0	nM68	0	0	1600	2	1	0.025	-6.228243e-03	8.008898e-02	9.380235e-01	9.379751e-01	9.379849e-01
0	nM70	0	0	1600	2	1	0.025	-6.251459e-03	8.008898e-02	9.377929e-01	9.377444e-01	9.377542e-01
0	nM71	0	0	1600	2	1	0.025	-6.234171e-03	8.008898e-02	9.379646e-01	9.379162e-01	9.379260e-01
0	nM73	0	0	1600	2	1	0.025	-6.020234e-03	8.008899e-02	9.400894e-01	9.400426e-01	9.400521e-01
0	nM75	0	0	1600	2	1	0.050	1.452186e-02	5.737073e-02	8.002057e-01	8.000527e-01	8.000872e-01
0	nM77	0	0	1600	2	1	0.025	6.034711e-02	8.007490e-02	4.511805e-01	4.508266e-01	4.509779e-01
0	nM79	0	0	1600	2	1	0.075	-2.747191e-02	4.746778e-02	5.628404e-01	5.625350e-01	5.626371e-01
0	nM83	0	0	1600	2	1	0.100	-1.968740e-02	4.167680e-02	6.367181e-01	6.364544e-01	6.365308e-01
0	nM85	0	0	1600	2	1	0.025	-6.349763e-03	8.008897e-02	9.368168e-01	9.367675e-01	9.367775e-01
0	nM89	0	0	1600	2	1	0.025	-6.272757e-03	8.008898e-02	9.375814e-01	9.375327e-01	9.375426e-01
0	nM93	0	0	1600	2	1	0.050	-6.400968e-03	5.737166e-02	9.111782e-01	9.111090e-01	9.111232e-01
0	nM95	0	0	1600	2	1	0.025	-6.228243e-03	8.008898e-02	9.380235e-01	9.379751e-01	9.379849e-01
0	nM96	0	0	1600	2	1	0.025	-3.511691e-02	8.008431e-02	6.610837e-01	6.608352e-01	6.609041e-01
0	nM98	0	0	1600	2	1	0.100	-1.586316e-02	4.167782e-02	7.035404e-01	7.033195e-01	7.033765e-01
0	nM99	0	0	1600	2	1	0.025	-5.712802e-02	8.007638e-02	4.756906e-01	4.753456e-01	4.754849e-01
0	nM100	0	0	1600	2	1	0.075	1.541378e-02	4.747119e-02	7.454525e-01	7.452603e-01	7.453069e-01
0	nM102	0	0	1600	2	1	0.025	3.368937e-03	8.008909e-02	9.664522e-01	9.664260e-01	9.664313e-01
0	nM106	0	0	1600	2	1	0.075	3.315157e-03	4.747268e-02	9.443354e-01	9.442919e-01	9.443007e-01
0	nM107	0	0	1600	2	1	0.025	-6.283926e-03	8.008898e-02	9.374705e-01	9.374217e-01	9.374316e-01
0	nM110	0	0	1600	2	1	0.025	1.331379e-01	8.001985e-02	9.634621e-02	9.608609e-02	9.642608e-02
0	nM111	0	0	1600	2	1	0.025	-3.511691e-02	8.008431e-02	6.610837e-01	6.608352e-01	6.609041e-01
0	nM116	0	0	1600	2	1	0.025	-6.228243e-03	8.008898e-02	9.380235e-01	9.379751e-01	9.379849e-01
0	nM117	0	0	1600	2	1	0.025	1.212282e-02	8.008856e-02	8.797048e-01	8.796114e-01	8.796309e-01
0	nM119	0	0	1600	2	1	0.025	5.655178e-02	8.007664e-02	4.801538e-01	4.798105e-01	4.799477e-01
0	nM121	0	0	1600	2	1	0.050	-6.413644e-03	5.737166e-02	9.110030e-01	9.109337e-01	9.109479e-01
0	nM123	0	0	1600	2	1	0.025	1.193950e-02	8.008858e-02	8.815104e-01	8.814184e-01	8.814376e-01
0	nM124	0	0	1600	2	1	0.025	-6.328321e-03	8.008898e-02	9.370297e-01	9.369805e-01	9.369905e-01
0	nM125	0	0	1600	2	1	0.025	3.453317e-02	8.008447e-02	6.663743e-01	6.661292e-01	6.661965e-01
0	nM126	0	0	1600	2	1	0.025	1.193950e-02	8.008858e-02	8.815104e-01	8.814184e-01	8.814376e-01
0	nM129	0	0	1600	2	1	0.100	8.664812e-04	4.167970e-02	9.834165e-01	9.834036e-01	9.834062e-01
0	nM131	0	0	1600	2	1	0.025	-1.974198e-02	8.008761e-02	8.053231e-01	8.051739e-01	8.052074e-01
0	nM134	0	0	1600	2	1	0.050	-6.507766e-03	5.737165e-02	9.097025e-01	9.096322e-01	9.096466e-01
0	nM135	0	0	1600	2	1	0.050	-6.458551e-03	5.737165e-02	9.103825e-01	9.103127e-01	9.103270e-01
0	nM139	0	0	1600	2	1	0.025	-3.257160e-02	8.008499e-02	6.842733e-01	6.840397e-01	6.841020e-01
0	nM142	0	0	1600	2	1	0.025	-3.511691e-02	8.008431e-02	6.610837e-01	6.608352e-01	6.609041e-01
0	nM143	0	0	1600	2	1	0.025	-1.407806e-02	8.008836e-02	8.604878e-01	8.603798e-01	8.604028e-01
0	nM146	0	0	1600	2	1	0.025	-5.923243e-03	8.008900e-02	9.410529e-01	9.410068e-01	9.410161e-01
0	nM150	0	0	1600	2	1	0.025	-3.228196e-02	8.008506e-02	6.869316e-01	6.866997e-01	6.867612e-01
0	nM153	0	0	1600	2	1	0.025	-6.283926e-03	8.008898e-02	9.374705e-01	9.374217e-01	9.374316e-01
0	nM154	0	0	1600	2	1	0.125	1.717562e-02	3.780583e-02	6.496664e-01	6.494108e-01	6.494831e-01
0	nM155	0	0	1600	2	1	0.050	2.335470e-02	5.736891e-02	6.839914e-01	6.837576e-01	6.838199e-01
0	nM157	0	0	1600	2	1	0.025	5.655178e-02	8.007664e-02	4.801538e-01	4.798105e-01	4.799477e-01
0	nM158	0	0	1600	2	1	0.025	3.170619e-02	8.008520e-02	6.922275e-01	6.919991e-01	6.920591e-01
0	nM160	0	0	1600	2	1	0.025	4.067509e-03	8.008907e-02	9.595013e-01	9.594697e-01	9.594761e-01
0	nM161	0	0	1600	2	1	0.025	-6.349763e-03	8.008897e-02	9.368168e-01	9.367675e-01	9.367775e-01
0	nM163	0	0	1600	2	1	0.025	-6.328321e-03	8.008898e-02	9.370297e-01	9.369805e-01	9.369905e-01
0	nM166	0	0	1600	2	1	0.025	1.193950e-02	8.008858e-02	8.815104e-01	8.814184e-01	8.814376e-01
0	nM167	0	0	1600	2	1	0.050	-4.684258e-02	5.735991e-02	4.142541e-01	4.138891e-01	4.140596e-01
0	nM169	0	0	1600	2	1	0.025	2.203312e-02	8.008724e-02	7.832642e-01	7.830990e-01	7.831370e-01
0	nM171	0	0	1600	2	1	0.075	-9.647696e-03	4.747214e-02	8.389822e-01	8.388580e-01	8.388849e-01
0	nM174	0	0	1600	2	1	0.050	3.419450e-03	5.737182e-02	9.524804e-01	9.524433e-01	9.524508e-01
0	nM178	0	0	1600	2	1	0.050	1.249496e-02	5.737103e-02	8.276188e-01	8.274861e-01	8.275152e-01
0	nM182	0	0	1600	2	1	0.050	6.109652e-02	5.735152e-02	2.869016e-01	2.865248e-01	2.867713e-01
0	nM183	0	0	1600	2	1	0.025	-6.283926e-03	8.008898e-02	9.374705e-01	9.374217e-01	9.374316e-01
0	nM186	0	0	1600	2	1	0.025	-6.449051e-03	8.008897e-02	9.358309e-01	9.357808e-01	9.357910e-01
0	nM187	0	0	1600	2	1	0.050	3.269639e-02	5.736605e-02	5.687845e-01	5.684822e-01	5.685820e-01
0	nM188	0	0	1600	2	1	0.125	1.169532e-02	3.780714e-02	7.571021e-01	7.569181e-01	7.569620e-01
0	nM189	0	0	1600	2	1	0.100	-4.180531e-02	4.166658e-02	3.158539e-01	3.154755e-01	3.157037e-01
0	nM191	0	0	1600	2	1	0.050	6.109652e-02	5.735152e-02	2.869016e-01	2.865248e-01	2.867713e-01
0	nM193	0	0	1600	2	1	0.050	-6.400968e-03	5.737166e-02	9.111782e-01	9.111090e-01	9.111232e-01
0	nM194	0	0	1600	2	1	0.050	2.092732e-02	5.736949e-02	7.153230e-01	7.151100e-01	7.151640e-01
0	nM197	0	0	1600	2	1	0.025	5.153195e-02	8.007876e-02	5.199817e-01	5.196553e-01	5.197748e-01
0	nM199	0	0	1600	2	1	0.050	-4.603007e-02	5.736033e-02	4.223992e-01	4.220364e-01	4.222025e-01
0	nM200	0	0	1600	2	1	0.025	-6.353481e-03	8.008897e-02	9.367799e-01	9.367305e-01	9.367405e-01
0	nM202	0	0	1600	2	1	0.050	-4.592994e-02	5.736038e-02	4.234094e-01	4.230468e-01	4.232124e-01
0	nM204	0	0	1600	2	1	0.025	-5.923243e-03	8.008900e-02	9.410529e-01	9.410068e-01	9.410161e-01
0	nM207	0	0	1600	2	1	0.025	6.034711e-02	8.007490e-02	4.511805e-01	4.508266e-01	4.509779e-01
0	nM208	0	0	1600	2	1	0.025	-6.349763e-03	8.008897e-02	9.368168e-01	9.367675e-01	9.367775e-01
0	nM210	0	0	1600	2	1	0.025	-5.923243e-03	8.008900e-02	9.410529e-01	9.410068e-01	9.410161e-01
0	nM211	0	0	1600	2	1	0.050	2.586645e-02	5.736823e-02	6.521339e-01	6.518798e-01	6.519513e-01
0	nM212	0	0	1600	2	1	0.025	-6.349763e-03	8.008897e-02	9.368168e-01	9.367675e-01	9.367775e-01
0	nM213	0	0	1600	2	1	0.025	1.212282e-02	8.008856e-02	8.797048e-01	8.796114e-01	8.796309e-01
0	nM215	0	0	1600	2	1	0.050	-1.578137e-02	5.737052e-02	7.832919e-01	7.831266e-01	7.831647e-01
0	nM216	0	0	1600	2	1	0.050	2.577257e-02	5.736826e-02	6.533138e-01	6.530604e-01	6.531316e-01
0	nM220	0	0	1600	2	1	0.025	-6.228243e-03	8.008898e-02	9.380235e-01	9.379751e-01	9.379849e-01
0	nM222	0	0	1600	2	1	0.050	1.452186e-02	5.737073e-02	8.002057e-01	8.000527e-01	8.000872e-01
0	nM223	0	0	1600	2	1	0.050	3.419450e-03	5.737182e-02	9.524804e-01	9.524433e-01	9.524508e-01
0	nM225	0	0	1600	2	1	0.100	-1.586316e-02	4.167782e-02	7.035404e-01	7.033195e-01	7.033765e-01
0	nM227	0	0	1600	2	1	0.025	6.034711e-02	8.007490e-02	4.511805e-01	4.508266e-01	4.509779e-01
0	nM231	0	0	1600	2	1	0.025	-6.349763e-03	8.008897e-02	9.368168e-01	9.367675e-01	9.367775e-01
0	nM233	0	0	1600	2	1	0.025	-1.407806e-02	8.008836e-02	8.604878e-01	8.603798e-01	8.604028e-01
0	nM234	0	0	1600	2	1	0.025	-6.148620e-03	8.008898e-02	9.388142e-01	9.387665e-01	9.387762e-01
0	nM235	0	0	1600	2	1	0.050	6.109652e-02	5.735152e-02	2.869016e-01	2.865248e-01	2.867713e-01
0	nM236	0	0	1600	2	1	0.025	3.453317e-02	8.008447e-02	6.663743e-01	6.661292e-01	6.661965e-01
0	nM238	0	0	1600	2	1	0.025	-6.272757e-03	8.008898e-02	9.375814e-01	9.375327e-01	9.375426e-01
0	nM239	0	0	1600	2	1	0.025	2.865861e-02	8.008592e-02	7.205041e-01	7.202946e-01	7.203473e-01
0	nM242	0	0	1600	2	1	0.050	-1.332683e-02	5.737091e-02	8.163407e-01	8.161996e-01	8.162309e-01
0	nM243	0	0	1600	2	1	0.050	1.234777e-02	5.737105e-02	8.296182e-01	8.294870e-01	8.295157e-01
0	nM245	0	0	1600	2	1	0.025	-3.412237e-02	8.008458e-02	6.701076e-01	6.698648e-01	6.699310e-01
0	nM246	0	0	1600	2	1	0.025	-1.407806e-02	8.008836e-02	8.604878e-01	8.603798e-01	8.604028e-01
0	nM247	0	0	1600	2	1	0.075	1.275007e-02	4.747168e-02	7.882856e-01	7.881239e-01	7.881609e-01
0	nM249	0	0	1600	2	1	0.025	4.067509e-03	8.008907e-02	9.595013e-01	9.594697e-01	9.594761e-01
0	nM252	0	0	1600	2	1	0.025	-3.237648e-02	8.008504e-02	6.860637e-01	6.858312e-01	6.858930e-01
0	nM253	0	0	1600	2	1	0.025	-6.349763e-03	8.008897e-02	9.368168e-01	9.367675e-01	9.367775e-01
0	nM256	0	0	1600	2	1	0.050	1.835755e-02	5.737004e-02	7.490215e-01	7.488318e-01	7.488776e-01
0	nM261	0	0	1600	2	1	0.025	-5.923243e-03	8.008900e-02	9.410529e-01	9.410068e-01	9.410161e-01
0	nM262	0	0	1600	2	1	0.050	-4.733621e-02	5.735966e-02	4.093513e-01	4.089851e-01	4.091582e-01
0	nM264	0	0	1600	2	1	0.025	-6.349763e-03	8.008897e-02	9.368168e-01	9.367675e-01	9.367775e-01
0	nM265	0	0	1600	2	1	0.025	-6.272757e-03	8.008898e-02	9.375814e-01	9.375327e-01	9.375426e-01
0	nM267	0	0	1600	2	1	0.100	1.124573e-02	4.167876e-02	7.873342e-01	7.871719e-01	7.872091e-01
0	nM269	0	0	1600	2	1	0.025	-1.407806e-02	8.008836e-02	8.604878e-01	8.603798e-01	8.604028e-01
0	nM271	0	0	1600	2	1	0.025	-6.272757e-03	8.008898e-02	9.375814e-01	9.375327e-01	9.375426e-01
0	nM272	0	0	1600	2	1	0.050	6.109652e-02	5.735152e-02	2.869016e-01	2.865248e-01	2.867713e-01
0	nM275	0	0	1600	2	1	0.075	-2.046049e-03	4.747272e-02	9.656276e-01	9.656008e-01	9.656062e-01
0	nM277	0	0	1600	2	1	0.025	-6.234171e-03	8.008898e-02	9.379646e-01	9.379162e-01	9.379260e-01
0	nM281	0	0	1600	2	1	0.075	2.260276e-04	4.747275e-02	9.962017e-01	9.961987e-01	9.961993e-01
0	cP75	6	0	1600	2	1	0.013	7.149052e-01	1.591768e-01	7.588058e-06	7.464671e-06	8.529658e-06
0	cP2	8	0	1600	2	1	0.025	5.322062e-01	1.139688e-01	3.268028e-06	3.210821e-06	3.748392e-06
0	cP16	8	0	1600	2	1	0.075	6.451762e-01	5.712134e-02	1.623218e-28	1.473676e-28	1.251116e-26
0	cP62	8	0	1600	2	1	0.037	6.090944e-01	9.371492e-02	1.074476e-10	1.039237e-10	1.801144e-10
0	cP50	9	0	1600	2	1	0.013	2.867202e-01	1.600176e-01	7.335347e-02	7.312887e-02	7.346214e-02
0	cP93	9	0	1600	2	1	0.025	-4.299225e-02	1.147387e-01	7.079356e-01	7.077177e-01	7.077735e-01
0	cP30	10	0	1600	2	1	0.062	-1.209685e+00	5.484790e-02	2.519870e-94	1.808924e-94	6.248726e-75
0	cP105	10	0	1600	2	1	0.062	6.091881e-01	6.076010e-02	5.501968e-23	5.094503e-23	8.826006e-22
0	cP41	12	0	1600	2	1	0.138	-6.601332e-01	3.596143e-02	1.921958e-68	1.513110e-68	8.712009e-58
0	cP76	12	0	1600	2	1	0.037	1.700135e-01	9.485020e-02	7.325124e-02	7.302681e-02	7.336003e-02
0	cP3	15	0	1600	2	1	0.025	1.993026e-01	1.146354e-01	8.230152e-02	8.206214e-02	8.239935e-02
0	cP17	15	0	1600	2	1	0.037	-5.022992e-01	7.128108e-02	2.713663e-12	2.609911e-12	5.522233e-12
0	cP63	17	0	1600	2	1	0.025	-1.979438e+00	1.035095e-01	1.428452e-73	1.104191e-73	2.352030e-61
0	cP51	18	0	1600	2	1	0.062	1.254094e-01	6.256342e-02	4.518319e-02	4.501529e-02	4.531866e-02
0	cP77	18	0	1600	2	1	0.025	-1.417933e-01	8.001055e-02	7.655467e-02	7.632463e-02	7.665954e-02
0	cP94	18	0	1600	2	1	0.138	-1.218054e-01	3.945428e-02	2.054875e-03	2.038296e-03	2.105185e-03
0	cP31	20	0	1600	2	1	0.013	6.355218e-01	1.593874e-01	6.985094e-05	6.894344e-05	7.503877e-05
0	cP106	20	0	1600	2	1	0.013	-1.264278e+00	1.570249e-01	1.582950e-15	1.505100e-15	5.233160e-15
0	cP116	20	0	1600	2	1	0.037	1.508108e+00	8.712850e-02	1.178854e-61	9.508425e-62	6.354614e-53
0	nP151	20	0	1600	2	1	0.025	1.993026e-01	1.146354e-01	8.230152e-02	8.206214e-02	8.239935e-02
0	nP238	20	0	1600	2	1	0.013	-1.075176e+00	1.579040e-01	1.385974e-11	1.336321e-11	2.578396e-11
0	nP267	20	0	1600	2	1	0.013	6.355218e-01	1.593874e-01	6.985094e-05	6.894344e-05	7.503877e-05
0	cP4	23	0	1600	2	1	0.025	7.671593e-01	1.131275e-01	1.670318e-11	1.610939e-11	3.076809e-11
0	cP18	23	0	1600	2	1	0.013	7.798126e-01	1.589860e-01	1.029891e-06	1.010103e-06	1.217611e-06
0	cP78	24	0	1600	2	1	0.025	-2.426888e-01	7.985870e-02	2.412332e-03	2.393425e-03	2.467416e-03
0	cP42	25	0	1600	2	1	0.075	8.517488e-02	5.238733e-02	1.041749e-01	1.039044e-01	1.042445e-01
0	cP64	25	0	1600	2	1	0.013	-1.264278e+00	1.570249e-01	1.582950e-15	1.505100e-15	5.233160e-15
0	nP2	25	0	1600	2	1	0.013	3.093479e-01	1.599912e-01	5.334732e-02	5.316111e-02	5.347673e-02
0	nP40	25	0	1600	2	1	0.025	-3.293245e-02	1.147408e-01	7.741373e-01	7.739654e-01	7.740055e-01
0	nP50	25	0	1600	2	1	0.013	4.015979e-01	1.598629e-01	1.209803e-02	1.203097e-02	1.221384e-02
0	nP58	25	0	1600	2	1	0.013	7.848457e-02	1.601662e-01	6.241874e-01	6.239162e-01	6.239966e-01
0	nP98	25	0	1600	2	1	0.013	-1.264278e+00	1.570249e-01	1.582950e-15	1.505100e-15	5.233160e-15
0	nP103	25	0	1600	2	1	0.013	6.355218e-01	1.593874e-01	6.985094e-05	6.894344e-05	7.503877e-05
0	nP108	25	0	1600	2	1	0.013	-1.820059e+00	1.535712e-01	4.070801e-31	3.661647e-31	7.348430e-29
0	nP132	25	0	1600	2	1	0.050	1.097031e+00	6.094231e-02	4.137808e-66	3.284832e-66	3.919923e-56
0	nP187	25	0	1600	2	1	0.013	-3.338072e-02	1.601761e-01	8.349431e-01	8.348159e-01	8.348436e-01
0	nP214	25	0	1600	2	1	0.013	-3.338072e-02	1.601761e-01	8.349431e-01	8.348159e-01	8.348436e-01
0	cM2	25	0	1600	2	1	0.075	3.067496e-02	4.746655e-02	5.182143e-01	5.178871e-01	5.180073e-01
0	nM257	25	0	1600	2	1	0.025	-3.257160e-02	8.008499e-02	6.842733e-01	6.840397e-01	6.841020e-01
0	cP52	27	0	1600	2	1	0.013	1.345192e+00	1.566036e-01	2.036106e-17	1.923024e-17	9.460218e-17
0	cP95	27	0	1600	2	1	0.013	5.439088e-01	1.595993e-01	6.707487e-04	6.642510e-04	6.960556e-04
0	cP79	29	0	1600	2	1	0.100	4.901752e-01	5.317608e-02	9.250560e-20	8.664369e-20	6.936698e-19
0	cP32	30	0	1600	2	1	0.175	-3.242066e-01	3.526959e-02	1.161308e-19	1.088100e-19	8.523515e-19
0	cP107	30	0	1600	2	1	0.013	-2.835867e-01	1.600211e-01	7.655467e-02	7.632463e-02	7.665954e-02
0	cP5	31	0	1600	2	1	0.037	-9.216088e-01	9.210392e-02	6.651533e-23	6.160741e-23	1.044972e-21
0	cP19	31	0	1600	2	1	0.013	-2.835867e-01	1.600211e-01	7.655467e-02	7.632463e-02	7.665954e-02
0	cP65	33	0	1600	2	1	0.075	5.697049e-01	5.762139e-02	2.053004e-22	1.904837e-22	2.853714e-21
0	nP11	33	0	1600	2	1	0.013	-1.075176e+00	1.579040e-01	1.385974e-11	1.336321e-11	2.578396e-11
0	nP16	33	0	1600	2	1	0.087	1.589496e-01	5.658301e-02	5.027867e-03	4.993747e-03	5.108595e-03
0	nP46	33	0	1600	2	1	0.025	-1.417933e-01	8.001055e-02	7.655467e-02	7.632463e-02	7.665954e-02
0	nP69	33	0	1600	2	1	0.013	-1.368784e+00	1.564757e-01	5.420889e-18	5.109382e-18	2.816125e-17
0	nP73	33	0	1600	2	1	0.013	-4.786433e-01	1.597301e-01	2.772378e-03	2.751204e-03	2.831855e-03
0	nP87	33	0	1600	2	1	0.037	2.445521e-01	9.474821e-02	9.937800e-03	9.879966e-03	1.004587e-02
0	nP120	33	0	1600	2	1	0.013	-2.538809e-01	1.600523e-01	1.128834e-01	1.126021e-01	1.129414e-01
0	nP128	33	0	1600	2	1	0.013	2.526291e-01	1.600535e-01	1.146708e-01	1.143874e-01	1.147264e-01
0	nP139	33	0	1600	2	1	0.013	7.149052e-01	1.591768e-01	7.588058e-06	7.464671e-06	8.529658e-06
0	nP168	33	0	1600	2	1	0.013	1.550862e+00	1.554090e-01	8.592151e-23	7.961319e-23	1.312527e-21
0	nP178	33	0	1600	2	1	0.013	2.732163e-01	1.600324e-01	8.796864e-02	8.772055e-02	8.805933e-02
0	nP182	33	0	1600	2	1	0.013	-1.635987e+00	1.548619e-01	2.908521e-25	2.671368e-25	8.553657e-24
0	nP227	33	0	1600	2	1	0.013	7.798126e-01	1.589860e-01	1.029891e-06	1.010103e-06	1.217611e-06
0	nP231	33	0	1600	2	1	0.013	-2.221379e+00	1.502303e-01	1.819024e-46	1.548954e-46	1.997478e-41
0	nP244	33	0	1600	2	1	0.013	3.093479e-01	1.599912e-01	5.334732e-02	5.316111e-02	5.347673e-02
0	nP255	33	0	1600	2	1	0.013	7.798126e-01	1.589860e-01	1.029891e-06	1.010103e-06	1.217611e-06
0	nP263	33	0	1600	2	1	0.013	7.798126e-01	1.589860e-01	1.029891e-06	1.010103e-06	1.217611e-06
0	nM147	33	0	1600	2	1	0.075	1.378666e-02	4.747150e-02	7.715328e-01	7.713591e-01	7.713997e-01
0	nM179	33	0	1600	2	1	0.075	-9.036362e-03	4.747221e-02	8.490586e-01	8.489420e-01	8.489670e-01
0	cP80	35	0	1600	2	1	0.062	-1.055545e+00	7.085641e-02	4.277797e-47	3.634507e-47	6.410144e-42
0	cP53	36	0	1600	2	1	0.050	4.498940e-01	6.588186e-02	1.212666e-11	1.168983e-11	2.272112e-11
0	cP96	36	0	1600	2	1	0.013	5.439088e-01	1.595993e-01	6.707487e-04	6.642510e-04	6.960556e-04
0	cP6	38	0	1600	2	1	0.013	-1.264278e+00	1.570249e-01	1.582950e-15	1.505100e-15	5.233160e-15
0	cP20	38	0	1600	2	1	0.025	-6.972597e-01	1.134103e-01	9.884543e-10	9.592837e-10	1.496061e-09
0	cP43	38	0	1600	2	1	0.013	-4.786433e-01	1.597301e-01	2.772378e-03	2.751204e-03	2.831855e-03
0	cP33	40	0	1600	2	1	0.075	-7.571933e-01	5.625428e-02	3.361826e-39	2.937943e-39	1.330697e-35
0	cP108	40	0	1600	2	1	0.013	2.867202e-01	1.600176e-01	7.335347e-02	7.312887e-02	7.346214e-02
0	cP117	40	0	1600	2	1	0.037	4.026662e-01	9.440966e-02	2.115230e-05	2.084032e-05	2.325175e-05
0	nP152	40	0	1600	2	1	0.037	6.773197e-01	9.342143e-02	6.457858e-13	6.197284e-13	1.429216e-12
0	nP239	40	0	1600	2	1	0.013	1.345192e+00	1.566036e-01	2.036106e-17	1.923024e-17	9.460218e-17
0	nP268	40	0	1600	2	1	0.037	4.010032e-01	7.168160e-02	2.602705e-08	2.538513e-08	3.458857e-08
0	cP81	41	0	1600	2	1	0.150	7.461756e-01	3.430631e-02	4.329481e-92	3.132830e-92	1.565351e-73
0	cP66	42	0	1600	2	1	0.025	-1.303716e+00	1.100114e-01	4.108069e-31	3.695222e-31	7.405710e-29
0	cP54	45	0	1600	2	1	0.250	-1.939576e-01	3.191829e-02	1.530902e-09	1.486715e-09	2.273893e-09
0	cP97	45	0	1600	2	1	0.062	8.851464e-03	7.561623e-02	9.068290e-01	9.067565e-01	9.067714e-01
0	cP7	46	0	1600	2	1	0.125	1.941262e-01	4.277182e-02	6.084948e-06	5.984019e-06	6.875186e-06
0	cP21	46	0	1600	2	1	0.200	3.755812e-01	3.270869e-02	2.212280e-29	2.002279e-29	2.245635e-27
0	cP82	47	0	1600	2	1	0.013	-1.374787e+00	1.564427e-01	3.855749e-18	3.632271e-18	2.062707e-17
0	cP34	50	0	1600	2	1	0.013	7.848457e-02	1.601662e-01	6.241874e-01	6.239162e-01	6.239966e-01
0	cP44	50	0	1600	2	1	0.263	3.095804e-01	2.888320e-02	6.201668e-26	5.682394e-26	2.204283e-24
0	cP67	50	0	1600	2	1	0.013	-4.119953e-01	1.598464e-01	1.004227e-02	9.983980e-03	1.015077e-02
0	cP109	50	0	1600	2	1	0.037	-1.828512e+00	8.320080e-02	9.462759e-94	6.806898e-94	1.425732e-74
0	nP3	50	0	1600	2	1	0.025	5.256036e-01	1.139880e-01	4.325447e-06	4.251522e-06	4.927164e-06
0	nP8	50	0	1600	2	1	0.013	2.732163e-01	1.600324e-01	8.796864e-02	8.772055e-02	8.805933e-02
0	nP20	50	0	1600	2	1	0.013	-1.346860e+00	1.565947e-01	1.855719e-17	1.752404e-17	8.688756e-17
0	nP23	50	0	1600	2	1	0.013	-1.368784e+00	1.564757e-01	5.420889e-18	5.109382e-18	2.816125e-17
0	nP32	50	0	1600	2	1	0.013	7.149052e-01	1.591768e-01	7.588058e-06	7.464671e-06	8.529658e-06
0	nP41	50	0	1600	2	1	0.013	-4.119953e-01	1.598464e-01	1.004227e-02	9.983980e-03	1.015077e-02
0	nP51	50	0	1600	2	1	0.013	-1.971599e-01	1.601023e-01	2.183313e-01	2.179714e-01	2.182618e-01
0	nP55	50	0	1600	2	1	0.013	-4.335541e-01	1.598107e-01	6.740830e-03	6.697897e-03	6.833165e-03
0	nP59	50	0	1600	2	1	0.013	-9.421905e-05	1.601783e-01	9.995307e-01	9.995304e-01	9.995305e-01
0	nP63	50	0	1600	2	1	0.025	-2.627491e-01	1.145554e-01	2.194025e-02	2.183691e-02	2.207510e-02
0	nP78	50	0	1600	2	1	0.013	-2.835867e-01	1.600211e-01	7.655467e-02	7.632463e-02	7.665954e-02
0	nP81	50	0	1600	2	1	0.025	1.470844e-01	1.146848e-01	1.998497e-01	1.994982e-01	1.997998e-01
0	nP94	50	0	1600	2	1	0.025	4.001186e-01	1.143064e-01	4.773101e-04	4.724502e-04	4.975341e-04
0	nP99	50	0	1600	2	1	0.013	-4.853777e-01	1.597174e-01	2.412332e-03	2.393425e-03	2.467416e-03
0	nP104	50	0	1600	2	1	0.037	1.962215e-01	9.481853e-02	3.866501e-02	3.851311e-02	3.880366e-02
0	nP109	50	0	1600	2	1	0.013	6.355218e-01	1.593874e-01	6.985094e-05	6.894344e-05	7.503877e-05
0	nP133	50	0	1600	2	1	0.037	1.616670e-01	9.485933e-02	8.852297e-02	8.827406e-02	8.861295e-02
0	nP145	50	0	1600	2	1	0.013	-9.421905e-05	1.601783e-01	9.995307e-01	9.995304e-01	9.995305e-01
0	nP157	50	0	1600	2	1	0.037	2.854729e-01	7.202695e-02	7.714144e-05	7.615047e-05	8.272472e-05
0	nP161	50	0	1600	2	1	0.013	-1.635987e+00	1.548619e-01	2.908521e-25	2.671368e-25	8.553657e-24
0	nP164	50	0	1600	2	1	0.050	9.042697e-01	6.289178e-02	3.569011e-44	3.064103e-44	1.301222e-39
0	nP188	50	0	1600	2	1	0.013	2.008591e+00	1.520934e-01	7.192525e-38	6.315563e-38	1.637370e-34
0	nP192	50	0	1600	2	1	0.013	2.867202e-01	1.600176e-01	7.335347e-02	7.312887e-02	7.346214e-02
0	nP202	50	0	1600	2	1	0.013	1.185629e+00	1.574084e-01	8.303300e-14	7.943190e-14	2.088411e-13
0	nP205	50	0	1600	2	1	0.013	-4.119953e-01	1.598464e-01	1.004227e-02	9.983980e-03	1.015077e-02
0	nP211	50	0	1600	2	1	0.013	6.355218e-01	1.593874e-01	6.985094e-05	6.894344e-05	7.503877e-05
0	nP215	50	0	1600	2	1	0.013	-1.264278e+00	1.570249e-01	1.582950e-15	1.505100e-15	5.233160e-15
0	nP221	50	0	1600	2	1	0.013	1.550862e+00	1.554090e-01	8.592151e-23	7.961319e-23	1.312527e-21
0	nP224	50	0	1600	2	1	0.025	6.381907e-01	1.136277e-01	2.294258e-08	2.237245e-08	3.062889e-08
0	nP235	50	0	1600	2	1	0.025	-4.299225e-02	1.147387e-01	7.079356e-01	7.077177e-01	7.077735e-01
0	nP248	50	0	1600	2	1	0.013	7.149052e-01	1.591768e-01	7.588058e-06	7.464671e-06	8.529658e-06
0	nP251	50	0	1600	2	1	0.013	1.345192e+00	1.566036e-01	2.036106e-17	1.923024e-17	9.460218e-17
0	nP260	50	0	1600	2	1	0.013	1.283877e+00	1.569254e-01	5.660771e-16	5.373854e-16	2.020510e-15
0	cM3	50	0	1600	2	1	0.025	-1.974198e-02	8.008761e-02	8.053231e-01	8.051739e-01	8.052074e-01
0	cM18	50	0	1600	2	1	0.025	5.655178e-02	8.007664e-02	4.801538e-01	4.798105e-01	4.799477e-01
0	nM5	50	0	1600	2	1	0.025	-6.353481e-03	8.008897e-02	9.367799e-01	9.367305e-01	9.367405e-01
0	nM9	50	0	1600	2	1	0.125	7.099767e-03	3.780786e-02	8.510687e-01	8.509535e-01	8.509782e-01
0	nM22	50	0	1600	2	1	0.025	3.170619e-02	8.008520e-02	6.922275e-01	6.919991e-01	6.920591e-01
0	nM108	50	0	1600	2	1	0.025	-6.349763e-03	8.008897e-02	9.368168e-01	9.367675e-01	9.367775e-01
0	nM112	50	0	1600	2	1	0.025	3.170619e-02	8.008520e-02	6.922275e-01	6.919991e-01	6.920591e-01
0	nM127	50	0	1600	2	1	0.025	-6.236132e-03	8.008898e-02	9.379452e-01	9.378967e-01	9.379065e-01
0	nM132	50	0	1600	2	1	0.100	8.664812e-04	4.167970e-02	9.834165e-01	9.834036e-01	9.834062e-01
0	nM136	50	0	1600	2	1	0.025	-6.353481e-03	8.008897e-02	9.367799e-01	9.367305e-01	9.367405e-01
0	nM151	50	0	1600	2	1	0.100	2.697123e-02	4.167424e-02	5.176008e-01	5.172733e-01	5.173938e-01
0	nM175	50	0	1600	2	1	0.025	-5.712802e-02	8.007638e-02	4.756906e-01	4.753456e-01	4.754849e-01
0	nM184	50	0	1600	2	1	0.025	-6.328321e-03	8.008898e-02	9.370297e-01	9.369805e-01	9.369905e-01
0	nM195	50	0	1600	2	1	0.025	-6.251459e-03	8.008898e-02	9.377929e-01	9.377444e-01	9.377542e-01
0	nM258	50	0	1600	2	1	0.025	-6.228243e-03	8.008898e-02	9.380235e-01	9.379751e-01	9.379849e-01
0	nM273	50	0	1600	2	1	0.025	1.202174e-02	8.008857e-02	8.807002e-01	8.806076e-01	8.806270e-01
0	cP83	53	0	1600	2	1	0.013	-7.205156e-01	1.591609e-01	6.426666e-06	6.320587e-06	7.251998e-06
0	cP8	54	0	1600	2	1	0.025	2.619815e-01	1.145565e-01	2.233068e-02	2.222605e-02	2.246593e-02
0	cP22	54	0	1600	2	1	0.013	2.867202e-01	1.600176e-01	7.335347e-02	7.312887e-02	7.346214e-02
0	cP55	55	0	1600	2	1	0.062	-9.460967e-01	4.926263e-02	3.972630e-74	3.064753e-74	9.773339e-62
0	cP98	55	0	1600	2	1	0.100	1.177063e+00	3.922173e-02	2.602307e-157	1.493409e-157	4.574392e-109
0	cP68	58	0	1600	2	1	0.163	-2.871783e-01	4.051540e-02	2.032366e-12	1.953796e-12	4.204746e-12
0	cP84	59	0	1600	2	1	0.013	-1.368784e+00	1.564757e-01	5.420889e-18	5.109382e-18	2.816125e-17
0	cP35	60	0	1600	2	1	0.037	1.119111e+00	9.072438e-02	1.847228e-33	1.647731e-33	7.624109e-31
0	cP110	60	0	1600	2	1	0.013	3.093479e-01	1.599912e-01	5.334732e-02	5.316111e-02	5.347673e-02
0	cP118	60	0	1600	2	1	0.113	-1.023699e+00	4.616779e-02	3.393009e-95	2.428174e-95	1.797800e-75
0	nP153	60	0	1600	2	1	0.013	4.015979e-01	1.598629e-01	1.209803e-02	1.203097e-02	1.221384e-02
0	nP240	60	0	1600	2	1	0.025	-1.269405e-01	8.002615e-02	1.128834e-01	1.126021e-01	1.129414e-01
0	nP269	60	0	1600	2	1	0.013	-4.119953e-01	1.598464e-01	1.004227e-02	9.983980e-03	1.015077e-02
0	cP9	62	0	1600	2	1	0.175	7.657230e-01	3.070511e-02	3.257078e-116	2.162857e-116	6.804894e-88
0	cP23	62	0	1600	2	1	0.062	7.175977e-01	6.001482e-02	1.274904e-31	1.144703e-31	2.736513e-29
0	cP45	62	0	1600	2	1	0.087	8.221836e-01	5.286234e-02	6.686475e-51	5.604286e-51	7.109375e-45
0	cP56	64	0	1600	2	1	0.013	-1.346860e+00	1.565947e-01	1.855719e-17	1.752404e-17	8.688756e-17
0	cP99	64	0	1600	2	1	0.013	2.013192e+00	1.520553e-01	4.810310e-38	4.221170e-38	1.176406e-34
0	cP85	65	0	1600	2	1	0.037	2.153039e-01	7.217944e-02	2.898593e-03	2.876640e-03	2.959525e-03
0	cP69	67	0	1600	2	1	0.025	-1.979438e+00	1.035095e-01	1.428452e-73	1.104191e-73	2.352030e-61
0	nP12	67	0	1600	2	1	0.013	2.013192e+00	1.520553e-01	4.810310e-38	4.221170e-38	1.176406e-34
0	nP17	67	0	1600	2	1	0.013	7.149052e-01	1.591768e-01	7.588058e-06	7.464671e-06	8.529658e-06
0	nP47	67	0	1600	2	1	0.013	-2.538809e-01	1.600523e-01	1.128834e-01	1.126021e-01	1.129414e-01
0	nP70	67	0	1600	2	1	0.025	-2.059976e-01	7.992318e-02	1.004227e-02	9.983980e-03	1.015077e-02
0	nP74	67	0	1600	2	1	0.013	1.008408e+00	1.581794e-01	2.387066e-10	2.311598e-10	3.852121e-10
0	nP88	67	0	1600	2	1	0.013	4.015979e-01	1.598629e-01	1.209803e-02	1.203097e-02	1.221384e-02
0	nP121	67	0	1600	2	1	0.013	-7.205156e-01	1.591609e-01	6.426666e-06	6.320587e-06	7.251998e-06
0	nP129	67	0	1600	2	1	0.025	-6.321390e-01	7.851246e-02	1.582950e-15	1.505100e-15	5.233160e-15
0	nP140	67	0	1600	2	1	0.037	7.084004e-01	7.017722e-02	2.864532e-23	2.649715e-23	4.939985e-22
0	nP169	67	0	1600	2	1	0.013	-7.205156e-01	1.591609e-01	6.426666e-06	6.320587e-06	7.251998e-06
0	nP179	67	0	1600	2	1	0.025	-3.293245e-02	1.147408e-01	7.741373e-01	7.739654e-01	7.740055e-01
0	nP183	67	0	1600	2	1	0.013	1.283877e+00	1.569254e-01	5.660771e-16	5.373854e-16	2.020510e-15
0	nP228	67	0	1600	2	1	0.013	-1.075176e+00	1.579040e-01	1.385974e-11	1.336321e-11	2.578396e-11
0	nP232	67	0	1600	2	1	0.013	2.732163e-01	1.600324e-01	8.796864e-02	8.772055e-02	8.805933e-02
0	nP245	67	0	1600	2	1	0.013	-1.635987e+00	1.548619e-01	2.908521e-25	2.671368e-25	8.553657e-24
0	nP256	67	0	1600	2	1	0.013	-4.853777e-01	1.597174e-01	2.412332e-03	2.393425e-03	2.467416e-03
0	nP264	67	0	1600	2	1	0.025	6.725959e-01	7.830182e-02	2.036106e-17	1.923024e-17	9.460218e-17
0	nM148	67	0	1600	2	1	0.025	1.202174e-02	8.008857e-02	8.807002e-01	8.806076e-01	8.806270e-01
0	nM180	67	0	1600	2	1	0.025	4.067509e-03	8.008907e-02	9.595013e-01	9.594697e-01	9.594761e-01
0	cP10	69	0	1600	2	1	0.062	-1.211788e-01	6.256864e-02	5.295397e-02	5.276861e-02	5.308372e-02
0	cP24	69	0	1600	2	1	0.062	8.445975e-01	7.260485e-02	4.405708e-30	3.977542e-30	5.621445e-28
0	cP36	70	0	1600	2	1	0.175	6.468015e-01	3.465698e-02	1.781060e-70	1.392049e-70	3.272128e-59
0	cP111	70	0	1600	2	1	0.100	9.643067e-03	5.457101e-02	8.597611e-01	8.596526e-01	8.596757e-01
0	cP86	71	0	1600	2	1	0.062	7.321798e-01	5.990450e-02	6.606324e-33	5.904504e-33	2.231445e-30
0	cP57	73	0	1600	2	1	0.087	8.121969e-01	6.260118e-02	1.136949e-36	1.002606e-36	1.595918e-33
0	cP100	73	0	1600	2	1	0.138	2.596732e-01	3.903496e-02	3.950676e-11	3.815258e-11	6.960026e-11
0	cP46	75	0	1600	2	1	0.087	-8.577335e-01	4.079313e-02	7.511272e-87	5.537638e-87	3.401829e-70
0	cP70	75	0	1600	2	1	0.013	-9.421905e-05	1.601783e-01	9.995307e-01	9.995304e-01	9.995305e-01
0	nP4	75	0	1600	2	1	0.013	2.013192e+00	1.520553e-01	4.810310e-38	4.221170e-38	1.176406e-34
0	nP42	75	0	1600	2	1	0.013	-1.971599e-01	1.601023e-01	2.183313e-01	2.179714e-01	2.182618e-01
0	nP52	75	0	1600	2	1	0.013	-4.119953e-01	1.598464e-01	1.004227e-02	9.983980e-03	1.015077e-02
0	nP60	75	0	1600	2	1	0.013	3.093479e-01	1.599912e-01	5.334732e-02	5.316111e-02	5.347673e-02
0	nP100	75	0	1600	2	1	0.025	7.993776e-01	1.129878e-01	2.229473e-12	2.143587e-12	4.588096e-12
0	nP105	75	0	1600	2	1	0.013	7.798126e-01	1.589860e-01	1.029891e-06	1.010103e-06	1.217611e-06
0	nP110	75	0	1600	2	1	0.013	1.185629e+00	1.574084e-01	8.303300e-14	7.943190e-14	2.088411e-13
0	nP134	75	0	1600	2	1	0.013	-7.205156e-01	1.591609e-01	6.426666e-06	6.320587e-06	7.251998e-06
0	nP189	75	0	1600	2	1	0.013	-2.221379e+00	1.502303e-01	1.819024e-46	1.548954e-46	1.997478e-41
0	nP216	75	0	1600	2	1	0.013	-1.820059e+00	1.535712e-01	4.070801e-31	3.661647e-31	7.348430e-29
0	cM4	75	0	1600	2	1	0.025	-3.511691e-02	8.008431e-02	6.610837e-01	6.608352e-01	6.609041e-01
0	nM259	75	0	1600	2	1	0.025	-1.407806e-02	8.008836e-02	8.604878e-01	8.603798e-01	8.604028e-01
0	cP87	76	0	1600	2	1	0.013	-2.538809e-01	1.600523e-01	1.128834e-01	1.126021e-01	1.129414e-01
0	cP11	77	0	1600	2	1	0.013	2.867202e-01	1.600176e-01	7.335347e-02	7.312887e-02	7.346214e-02
0	cP25	77	0	1600	2	1	0.025	-2.073896e+00	1.023456e-01	1.936396e-81	1.455407e-81	1.164861e-66
0	cP37	80	0	1600	2	1	0.100	6.570790e-01	4.179962e-02	6.933159e-52	5.790657e-52	1.249970e-45
0	cP112	80	0	1600	2	1	0.037	6.051330e-01	7.077942e-02	2.843358e-17	2.686826e-17	1.285165e-16
0	cP119	80	0	1600	2	1	0.075	2.306481e-01	6.979784e-02	9.724606e-04	9.635640e-04	1.004546e-03
0	nP154	80	0	1600	2	1	0.013	1.008408e+00	1.581794e-01	2.387066e-10	2.311598e-10	3.852121e-10
0	nP241	80	0	1600	2	1	0.013	7.848457e-02	1.601662e-01	6.241874e-01	6.239162e-01	6.239966e-01
0	nP270	80	0	1600	2	1	0.013	1.008408e+00	1.581794e-01	2.387066e-10	2.311598e-10	3.852121e-10
0	cP58	82	0	1600	2	1	0.013	1.345192e+00	1.566036e-01	2.036106e-17	1.923024e-17	9.460218e-17
0	cP88	82	0	1600	2	1	0.025	-1.582752e+00	1.076963e-01	5.883693e-46	5.019272e-46	5.034704e-41
0	cP101	82	0	1600	2	1	0.013	2.732163e-01	1.600324e-01	8.796864e-02	8.772055e-02	8.805933e-02
0	cP71	83	0	1600	2	1	0.075	7.423487e-02	5.932860e-02	2.110267e-01	2.106699e-01	2.109647e-01
0	cP12	85	0	1600	2	1	0.013	2.732163e-01	1.600324e-01	8.796864e-02	8.772055e-02	8.805933e-02
0	cP26	85	0	1600	2	1	0.013	1.550862e+00	1.554090e-01	8.592151e-23	7.961319e-23	1.312527e-21
0	cP47	88	0	1600	2	1	0.100	7.524127e-01	4.078137e-02	4.647687e-69	3.650968e-69	3.209346e-58
0	cP89	88	0	1600	2	1	0.013	-2.538809e-01	1.600523e-01	1.128834e-01	1.126021e-01	1.129414e-01
0	cP38	90	0	1600	2	1	0.037	7.084004e-01	7.017722e-02	2.864532e-23	2.649715e-23	4.939985e-22
0	cP113	90	0	1600	2	1	0.075	1.398789e-01	5.925442e-02	1.836248e-02	1.827144e-02	1.849268e-02
0	cP59	91	0	1600	2	1	0.050	6.157802e-01	8.192377e-02	9.323723e-14	8.920948e-14	2.327591e-13
0	cP102	91	0	1600	2	1	0.025	-6.529091e-01	1.135754e-01	1.075324e-08	1.047394e-08	1.476604e-08
0	cP13	92	0	1600	2	1	0.037	3.477384e-01	7.185547e-02	1.427905e-06	1.401160e-06	1.673239e-06
0	cP27	92	0	1600	2	1	0.037	6.874646e-01	9.337505e-02	2.878732e-13	2.759149e-13	6.692776e-13
0	cP72	92	0	1600	2	1	0.237	6.604431e-01	2.775696e-02	2.262861e-107	1.550677e-107	8.193823e-83
0	cP90	94	0	1600	2	1	0.113	4.774416e-01	5.142579e-02	5.141924e-20	4.811723e-20	4.077352e-19
0	cP14	100	0	1600	2	1	0.050	6.024608e-01	6.511488e-02	6.823785e-20	6.388371e-20	5.266764e-19
0	cP28	100	0	1600	2	1	0.150	1.208210e-01	3.893853e-02	1.950148e-03	1.934267e-03	1.998969e-03
0	cP39	100	0	1600	2	1	0.050	-1.422535e-01	6.674142e-02	3.320737e-02	3.306998e-02	3.334710e-02
0	cP48	100	0	1600	2	1	0.075	2.301320e-01	5.907782e-02	1.020786e-04	1.008092e-04	1.089367e-04
0	cP60	100	0	1600	2	1	0.138	7.632577e-01	3.466075e-02	4.516719e-94	3.245319e-94	8.988304e-75
0	cP73	100	0	1600	2	1	0.025	1.399945e+00	1.092689e-01	7.645440e-36	6.761993e-36	7.750408e-33
0	cP91	100	0	1600	2	1	0.125	-4.130694e-04	4.017353e-02	9.917975e-01	9.917911e-01	9.917923e-01
0	cP103	100	0	1600	2	1	0.138	-6.160001e-01	3.940269e-02	2.249698e-51	1.882407e-51	3.079741e-45
0	cP114	100	0	1600	2	1	0.113	4.103142e-01	4.662590e-02	3.472245e-18	3.270467e-18	1.874481e-17
0	cP120	100	0	1600	2	1	0.025	2.063810e+00	1.024731e-01	1.422876e-80	1.072751e-80	4.370682e-66
0	nP5	100	0	1600	2	1	0.013	-4.119953e-01	1.598464e-01	1.004227e-02	9.983980e-03	1.015077e-02
0	nP9	100	0	1600	2	1	0.013	-1.075176e+00	1.579040e-01	1.385974e-11	1.336321e-11	2.578396e-11
0	nP13	100	0	1600	2	1	0.013	6.355218e-01	1.593874e-01	6.985094e-05	6.894344e-05	7.503877e-05
0	nP18	100	0	1600	2	1	0.013	-1.374787e+00	1.564427e-01	3.855749e-18	3.632271e-18	2.062707e-17
0	nP21	100	0	1600	2	1	0.050	-4.321920e-02	6.682747e-02	5.179008e-01	5.175735e-01	5.176938e-01
0	nP24	100	0	1600	2	1	0.013	4.015979e-01	1.598629e-01	1.209803e-02	1.203097e-02	1.221384e-02
0	nP27	100	0	1600	2	1	0.037	-5.196817e-02	7.236843e-02	4.727971e-01	4.724510e-01	4.725917e-01
0	nP33	100	0	1600	2	1	0.013	-4.335541e-01	1.598107e-01	6.740830e-03	6.697897e-03	6.833165e-03
0	nP35	100	0	1600	2	1	0.037	-4.116449e-02	9.493992e-02	6.646486e-01	6.644023e-01	6.644702e-01
0	nP38	100	0	1600	2	1	0.013	-3.338072e-02	1.601761e-01	8.349431e-01	8.348159e-01	8.348436e-01
0	nP43	100	0	1600	2	1	0.013	6.355218e-01	1.593874e-01	6.985094e-05	6.894344e-05	7.503877e-05
0	nP48	100	0	1600	2	1	0.013	-1.264278e+00	1.570249e-01	1.582950e-15	1.505100e-15	5.233160e-15
0	nP53	100	0	1600	2	1	0.013	6.355218e-01	1.593874e-01	6.985094e-05	6.894344e-05	7.503877e-05
0	nP56	100	0	1600	2	1	0.013	-1.075176e+00	1.579040e-01	1.385974e-11	1.336321e-11	2.578396e-11
0	nP61	100	0	1600	2	1	0.013	-4.853777e-01	1.597174e-01	2.412332e-03	2.393425e-03	2.467416e-03
0	nP64	100	0	1600	2	1	0.025	2.683971e-01	1.145472e-01	1.924559e-02	1.915143e-02	1.937713e-02
0	nP66	100	0	1600	2	1	0.013	-1.368784e+00	1.564757e-01	5.420889e-18	5.109382e-18	2.816125e-17
0	nP71	100	0	1600	2	1	0.037	7.989786e-01	6.956580e-02	2.151452e-29	1.947141e-29	2.192441e-27
0	nP75	100	0	1600	2	1	0.025	-2.662050e-01	1.145504e-01	2.025507e-02	2.015742e-02	2.038798e-02
0	nP79	100	0	1600	2	1	0.013	6.355218e-01	1.593874e-01	6.985094e-05	6.894344e-05	7.503877e-05
0	nP82	100	0	1600	2	1	0.050	-9.565904e-01	7.985086e-02	9.917803e-32	8.901474e-32	2.210820e-29
0	nP85	100	0	1600	2	1	0.013	-4.335541e-01	1.598107e-01	6.740830e-03	6.697897e-03	6.833165e-03
0	nP89	100	0	1600	2	1	0.013	-7.205156e-01	1.591609e-01	6.426666e-06	6.320587e-06	7.251998e-06
0	nP92	100	0	1600	2	1	0.013	1.345192e+00	1.566036e-01	2.036106e-17	1.923024e-17	9.460218e-17
0	nP95	100	0	1600	2	1	0.013	6.955930e-01	1.592303e-01	1.331690e-05	1.311141e-05	1.478260e-05
0	nP101	100	0	1600	2	1	0.013	-3.338072e-02	1.601761e-01	8.349431e-01	8.348159e-01	8.348436e-01
0	nP106	100	0	1600	2	1	0.013	5.439088e-01	1.595993e-01	6.707487e-04	6.642510e-04	6.960556e-04
0	nP111	100	0	1600	2	1	0.025	-1.269405e-01	8.002615e-02	1.128834e-01	1.126021e-01	1.129414e-01
0	nP113	100	0	1600	2	1	0.025	1.171907e+00	1.109356e-01	2.917828e-25	2.679929e-25	8.577712e-24
0	nP115	100	0	1600	2	1	0.013	-4.119953e-01	1.598464e-01	1.004227e-02	9.983980e-03	1.015077e-02
0	nP117	100	0	1600	2	1	0.013	-4.119953e-01	1.598464e-01	1.004227e-02	9.983980e-03	1.015077e-02
0	nP122	100	0	1600	2	1	0.013	-1.075176e+00	1.579040e-01	1.385974e-11	1.336321e-11	2.578396e-11
0	nP125	100	0	1600	2	1	0.013	-2.538809e-01	1.600523e-01	1.128834e-01	1.126021e-01	1.129414e-01
0	nP130	100	0	1600	2	1	0.013	6.355218e-01	1.593874e-01	6.985094e-05	6.894344e-05	7.503877e-05
0	nP135	100	0	1600	2	1	0.013	2.013192e+00	1.520553e-01	4.810310e-38	4.221170e-38	1.176406e-34
0	nP137	100	0	1600	2	1	0.013	-1.075176e+00	1.579040e-01	1.385974e-11	1.336321e-11	2.578396e-11
0	nP141	100	0	1600	2	1	0.025	-2.662050e-01	1.145504e-01	2.025507e-02	2.015742e-02	2.038798e-02
0	nP143	100	0	1600	2	1	0.013	-4.119953e-01	1.598464e-01	1.004227e-02	9.983980e-03	1.015077e-02
0	nP146	100	0	1600	2	1	0.013	-1.346860e+00	1.565947e-01	1.855719e-17	1.752404e-17	8.688756e-17
0	nP148	100	0	1600	2	1	0.087	6.256523e-01	4.335337e-02	1.803756e-44	1.546940e-44	7.562661e-40
0	nP155	100	0	1600	2	1	0.013	4.015979e-01	1.598629e-01	1.209803e-02	1.203097e-02	1.221384e-02
0	nP158	100	0	1600	2	1	0.025	-2.602429e-01	1.145589e-01	2.323743e-02	2.312983e-02	2.337351e-02
0	nP162	100	0	1600	2	1	0.013	2.013192e+00	1.520553e-01	4.810310e-38	4.221170e-38	1.176406e-34
0	nP165	100	0	1600	2	1	0.037	-1.043669e-01	7.233300e-02	1.492539e-01	1.489361e-01	1.492643e-01
0	nP170	100	0	1600	2	1	0.013	-2.835867e-01	1.600211e-01	7.655467e-02	7.632463e-02	7.665954e-02
0	nP172	100	0	1600	2	1	0.013	-1.264278e+00	1.570249e-01	1.582950e-15	1.505100e-15	5.233160e-15
0	nP174	100	0	1600	2	1	0.013	-1.635987e+00	1.548619e-01	2.908521e-25	2.671368e-25	8.553657e-24
0	nP180	100	0	1600	2	1	0.013	-1.820059e+00	1.535712e-01	4.070801e-31	3.661647e-31	7.348430e-29
0	nP184	100	0	1600	2	1	0.013	-7.205156e-01	1.591609e-01	6.426666e-06	6.320587e-06	7.251998e-06
0	nP190	100	0	1600	2	1	0.013	2.732163e-01	1.600324e-01	8.796864e-02	8.772055e-02	8.805933e-02
0	nP193	100	0	1600	2	1	0.013	1.185629e+00	1.574084e-01	8.303300e-14	7.943190e-14	2.088411e-13
0	nP195	100	0	1600	2	1	0.013	-4.335541e-01	1.598107e-01	6.740830e-03	6.697897e-03	6.833165e-03
0	nP198	100	0	1600	2	1	0.013	-7.205156e-01	1.591609e-01	6.426666e-06	6.320587e-06	7.251998e-06
0	nP200	100	0	1600	2	1	0.013	-3.072084e-01	1.599938e-01	5.501971e-02	5.482997e-02	5.514766e-02
0	nP203	100	0	1600	2	1	0.013	-1.264278e+00	1.570249e-01	1.582950e-15	1.505100e-15	5.233160e-15
0	nP206	100	0	1600	2	1	0.062	-6.121390e-02	6.262331e-02	3.284726e-01	3.280945e-01	3.283148e-01
0	nP209	100	0	1600	2	1	0.013	4.015979e-01	1.598629e-01	1.209803e-02	1.203097e-02	1.221384e-02
0	nP212	100	0	1600	2	1	0.025	1.433601e-01	8.000880e-02	7.335347e-02	7.312887e-02	7.346214e-02
0	nP217	100	0	1600	2	1	0.013	-2.221379e+00	1.502303e-01	1.819024e-46	1.548954e-46	1.997478e-41
0	nP219	100	0	1600	2	1	0.013	-1.374787e+00	1.564427e-01	3.855749e-18	3.632271e-18	2.062707e-17
0	nP222	100	0	1600	2	1	0.037	-5.991088e-02	7.236459e-02	4.078489e-01	4.074823e-01	4.076562e-01
0	nP225	100	0	1600	2	1	0.050	1.056268e+00	7.906076e-02	1.129348e-38	9.888082e-39	3.584209e-35
0	nP229	100	0	1600	2	1	0.013	1.345192e+00	1.566036e-01	2.036106e-17	1.923024e-17	9.460218e-17
0	nP233	100	0	1600	2	1	0.013	7.798126e-01	1.589860e-01	1.029891e-06	1.010103e-06	1.217611e-06
0	nP236	100	0	1600	2	1	0.013	-1.971599e-01	1.601023e-01	2.183313e-01	2.179714e-01	2.182618e-01
0	nP242	100	0	1600	2	1	0.013	-1.264278e+00	1.570249e-01	1.582950e-15	1.505100e-15	5.233160e-15
0	nP246	100	0	1600	2	1	0.037	-3.462973e-01	9.454948e-02	2.578031e-04	2.549467e-04	2.710871e-04
0	nP249	100	0	1600	2	1	0.013	1.008408e+00	1.581794e-01	2.387066e-10	2.311598e-10	3.852121e-10
0	nP252	100	0	1600	2	1	0.013	-1.635987e+00	1.548619e-01	2.908521e-25	2.671368e-25	8.553657e-24
0	nP257	100	0	1600	2	1	0.025	5.322062e-01	1.139688e-01	3.268028e-06	3.210821e-06	3.748392e-06
0	nP261	100	0	1600	2	1	0.013	-9.421905e-05	1.601783e-01	9.995307e-01	9.995304e-01	9.995305e-01
0	nP265	100	0	1600	2	1	0.013	7.848457e-02	1.601662e-01	6.241874e-01	6.239162e-01	6.239966e-01
0	nP271	100	0	1600	2	1	0.013	1.550862e+00	1.554090e-01	8.592151e-23	7.961319e-23	1.312527e-21
0	cM5	100	0	1600	2	1	0.025	-1.003988e-01	8.004974e-02	2.099507e-01	2.095944e-01	2.098899e-01
0	cM19	100	0	1600	2	1	0.025	-7.154099e-02	8.006913e-02	3.717292e-01	3.713553e-01	3.715496e-01
0	cM23	100	0	1600	2	1	0.025	1.331379e-01	8.001985e-02	9.634621e-02	9.608609e-02	9.642608e-02
0	cM25	100	0	1600	2	1	0.025	3.170619e-02	8.008520e-02	6.922275e-01	6.919991e-01	6.920591e-01
0	nM3	100	0	1600	2	1	0.025	-3.228196e-02	8.008506e-02	6.869316e-01	6.866997e-01	6.867612e-01
0	nM6	100	0	1600	2	1	0.075	-2.505059e-02	4.746862e-02	5.977603e-01	5.974739e-01	5.975631e-01
0	nM10	100	0	1600	2	1	0.025	5.655178e-02	8.007664e-02	4.801538e-01	4.798105e-01	4.799477e-01
0	nM14	100	0	1600	2	1	0.025	-6.353481e-03	8.008897e-02	9.367799e-01	9.367305e-01	9.367405e-01
0	nM18	100	0	1600	2	1	0.050	-6.264205e-03	5.737167e-02	9.130684e-01	9.130006e-01	9.130145e-01
0	nM23	100	0	1600	2	1	0.025	-6.449051e-03	8.008897e-02	9.358309e-01	9.357808e-01	9.357910e-01
0	nM26	100	0	1600	2	1	0.050	-1.581951e-02	5.737052e-02	7.827812e-01	7.826156e-01	7.826538e-01
0	nM29	100	0	1600	2	1	0.050	2.322511e-02	5.736894e-02	6.856509e-01	6.854182e-01	6.854801e-01
0	nM31	100	0	1600	2	1	0.050	8.151256e-03	5.737152e-02	8.870360e-01	8.869482e-01	8.869665e-01
0	nM33	100	0	1600	2	1	0.050	-3.317999e-02	5.736588e-02	5.630807e-01	5.627754e-01	5.628774e-01
0	nM36	100	0	1600	2	1	0.025	4.067509e-03	8.008907e-02	9.595013e-01	9.594697e-01	9.594761e-01
0	nM41	100	0	1600	2	1	0.025	-3.228196e-02	8.008506e-02	6.869316e-01	6.866997e-01	6.867612e-01
0	nM43	100	0	1600	2	1	0.025	-6.349763e-03	8.008897e-02	9.368168e-01	9.367675e-01	9.367775e-01
0	nM47	100	0	1600	2	1	0.025	-6.020234e-03	8.008899e-02	9.400894e-01	9.400426e-01	9.400521e-01
0	nM50	100	0	1600	2	1	0.075	-1.839093e-02	4.747052e-02	6.984985e-01	6.982742e-01	6.983326e-01
0	nM52	100	0	1600	2	1	0.050	2.911541e-03	5.737184e-02	9.595322e-01	9.595006e-01	9.595069e-01
0	nM55	100	0	1600	2	1	0.025	-6.349763e-03	8.008897e-02	9.368168e-01	9.367675e-01	9.367775e-01
0	nM59	100	0	1600	2	1	0.025	-6.283926e-03	8.008898e-02	9.374705e-01	9.374217e-01	9.374316e-01
0	nM74	100	0	1600	2	1	0.025	-6.349763e-03	8.008897e-02	9.368168e-01	9.367675e-01	9.367775e-01
0	nM80	100	0	1600	2	1	0.100	2.970333e-02	4.167308e-02	4.760921e-01	4.757472e-01	4.758864e-01
0	nM84	100	0	1600	2	1	0.025	3.294606e-03	8.008909e-02	9.671920e-01	9.671664e-01	9.671715e-01
0	nM86	100	0	1600	2	1	0.025	-6.449051e-03	8.008897e-02	9.358309e-01	9.357808e-01	9.357910e-01
0	nM90	100	0	1600	2	1	0.050	1.452186e-02	5.737073e-02	8.002057e-01	8.000527e-01	8.000872e-01
0	nM97	100	0	1600	2	1	0.025	-6.145361e-03	8.008898e-02	9.388466e-01	9.387989e-01	9.388085e-01
0	nM103	100	0	1600	2	1	0.025	6.034711e-02	8.007490e-02	4.511805e-01	4.508266e-01	4.509779e-01
0	nM109	100	0	1600	2	1	0.050	-1.332683e-02	5.737091e-02	8.163407e-01	8.161996e-01	8.162309e-01
0	nM113	100	0	1600	2	1	0.025	-6.251459e-03	8.008898e-02	9.377929e-01	9.377444e-01	9.377542e-01
0	nM118	100	0	1600	2	1	0.075	1.275007e-02	4.747168e-02	7.882856e-01	7.881239e-01	7.881609e-01
0	nM128	100	0	1600	2	1	0.025	-3.511691e-02	8.008431e-02	6.610837e-01	6.608352e-01	6.609041e-01
0	nM133	100	0	1600	2	1	0.150	2.014657e-02	3.501433e-02	5.651149e-01	5.648107e-01	5.649119e-01
0	nM137	100	0	1600	2	1	0.100	1.819425e-03	4.167968e-02	9.651868e-01	9.651596e-01	9.651651e-01
0	nM144	100	0	1600	2	1	0.025	2.865861e-02	8.008592e-02	7.205041e-01	7.202946e-01	7.203473e-01
0	nM149	100	0	1600	2	1	0.075	-9.647696e-03	4.747214e-02	8.389822e-01	8.388580e-01	8.388849e-01
0	nM152	100	0	1600	2	1	0.025	-6.228243e-03	8.008898e-02	9.380235e-01	9.379751e-01	9.379849e-01
0	nM156	100	0	1600	2	1	0.025	3.170619e-02	8.008520e-02	6.922275e-01	6.919991e-01	6.920591e-01
0	nM159	100	0	1600	2	1	0.050	6.109652e-02	5.735152e-02	2.869016e-01	2.865248e-01	2.867713e-01
0	nM170	100	0	1600	2	1	0.025	-3.511691e-02	8.008431e-02	6.610837e-01	6.608352e-01	6.609041e-01
0	nM172	100	0	1600	2	1	0.075	1.544078e-02	4.747118e-02	7.450220e-01	7.448295e-01	7.448762e-01
0	nM176	100	0	1600	2	1	0.025	1.331379e-01	8.001985e-02	9.634621e-02	9.608609e-02	9.642608e-02
0	nM181	100	0	1600	2	1	0.025	-6.228243e-03	8.008898e-02	9.380235e-01	9.379751e-01	9.379849e-01
0	nM185	100	0	1600	2	1	0.125	-3.614067e-02	3.779746e-02	3.391328e-01	3.387552e-01	3.389689e-01
0	nM192	100	0	1600	2	1	0.075	-2.739710e-02	4.746780e-02	5.639044e-01	5.635996e-01	5.637012e-01
0	nM196	100	0	1600	2	1	0.025	-3.511691e-02	8.008431e-02	6.610837e-01	6.608352e-01	6.609041e-01
0	nM198	100	0	1600	2	1	0.075	1.036520e-02	4.747204e-02	8.271896e-01	8.270566e-01	8.270858e-01
0	nM201	100	0	1600	2	1	0.025	-6.228243e-03	8.008898e-02	9.380235e-01	9.379751e-01	9.379849e-01
0	nM203	100	0	1600	2	1	0.025	3.294606e-03	8.008909e-02	9.671920e-01	9.671664e-01	9.671715e-01
0	nM205	100	0	1600	2	1	0.025	3.170619e-02	8.008520e-02	6.922275e-01	6.919991e-01	6.920591e-01
0	nM209	100	0	1600	2	1	0.025	1.212282e-02	8.008856e-02	8.797048e-01	8.796114e-01	8.796309e-01
0	nM217	100	0	1600	2	1	0.050	-6.464595e-03	5.737165e-02	9.102990e-01	9.102291e-01	9.102435e-01
0	nM224	100	0	1600	2	1	0.050	1.452186e-02	5.737073e-02	8.002057e-01	8.000527e-01	8.000872e-01
0	nM226	100	0	1600	2	1	0.025	6.034711e-02	8.007490e-02	4.511805e-01	4.508266e-01	4.509779e-01
0	nM228	100	0	1600	2	1	0.050	1.229590e-02	5.737106e-02	8.303230e-01	8.301923e-01	8.302209e-01
0	nM232	100	0	1600	2	1	0.050	1.452186e-02	5.737073e-02	8.002057e-01	8.000527e-01	8.000872e-01
0	nM240	100	0	1600	2	1	0.025	-1.974198e-02	8.008761e-02	8.053231e-01	8.051739e-01	8.052074e-01
0	nM250	100	0	1600	2	1	0.025	3.294606e-03	8.008909e-02	9.671920e-01	9.671664e-01	9.671715e-01
0	nM254	100	0	1600	2	1	0.125	7.099767e-03	3.780786e-02	8.510687e-01	8.509535e-01	8.509782e-01
0	nM260	100	0	1600	2	1	0.025	3.294606e-03	8.008909e-02	9.671920e-01	9.671664e-01	9.671715e-01
0	nM263	100	0	1600	2	1	0.025	-6.020234e-03	8.008899e-02	9.400894e-01	9.400426e-01	9.400521e-01
0	nM268	100	0	1600	2	1	0.050	-3.317999e-02	5.736588e-02	5.630807e-01	5.627754e-01	5.628774e-01
0	nM274	100	0	1600	2	1	0.025	-6.353481e-03	8.008897e-02	9.367799e-01	9.367305e-01	9.367405e-01
0	nM278	100	0	1600	2	1	0.025	2.203312e-02	8.008724e-02	7.832642e-01	7.830990e-01	7.831370e-01
0	nM282	100	0	1600	2	1	0.025	-5.712802e-02	8.007638e-02	4.756906e-01	4.753456e-01	4.754849e-01
