chr	rs	ps	n_mis	n_obs	allele1	allele0	af	beta	se	p_wald	p_lrt	p_score
0	cM2	0	0	800	2	1	0.135	-8.395546e-02	5.167792e-02	1.046447e-01	1.041024e-01	1.047831e-01
0	cM3	0	0	800	2	1	0.030	-3.836595e-02	1.036844e-01	7.114610e-01	7.110294e-01	7.111395e-01
0	cM5	0	0	800	1	2	0.072	-1.221383e-01	6.807644e-02	7.317024e-02	7.272172e-02	7.338856e-02
0	cM8	0	0	800	1	2	0.009	7.750009e-01	1.879416e-01	4.120317e-05	4.007498e-05	4.842588e-05
0	cM9	0	0	800	2	1	0.061	-3.605715e-01	7.265548e-02	8.498652e-07	8.170070e-07	1.195585e-06
0	cM14	0	0	800	1	2	0.029	2.571841e-01	1.054630e-01	1.496060e-02	1.480388e-02	1.520861e-02
0	cM16	0	0	800	2	1	0.070	5.797254e-01	6.622060e-02	1.211032e-17	1.078425e-17	2.517961e-16
0	cM19	0	0	800	1	2	0.134	-4.512890e-01	4.945062e-02	5.698660e-19	5.027026e-19	1.956304e-17
0	cM21	0	0	800	1	2	0.059	6.473083e-02	7.518634e-02	3.895304e-01	3.887883e-01	3.891572e-01
0	cM23	0	0	800	1	2	0.051	6.651655e-01	7.668477e-02	2.315612e-17	2.066183e-17	4.348738e-16
0	cM33	0	0	800	2	1	0.193	2.276020e-01	4.413590e-02	3.170085e-07	3.038439e-07	4.718042e-07
0	cM37	0	0	800	2	1	0.325	-1.563380e-01	3.735851e-02	3.171179e-05	3.081938e-05	3.764604e-05
0	cM38	0	0	800	1	2	0.239	-2.557159e-02	4.148186e-02	5.377718e-01	5.371352e-01	5.373596e-01
0	cM40	0	0	800	2	1	0.037	-8.208939e-02	9.306135e-02	3.779885e-01	3.772421e-01	3.776242e-01
0	cM43	0	0	800	2	1	0.039	-5.070163e-01	8.987764e-02	2.345313e-08	2.230213e-08	4.134244e-08
0	cM44	0	0	800	2	1	0.141	-5.943815e-02	5.074536e-02	2.418269e-01	2.410905e-01	2.416423e-01
0	cM48	0	0	800	1	2	0.231	2.209803e-01	4.121729e-02	1.082315e-07	1.033994e-07	1.721145e-07
0	cM54	0	0	800	1	2	0.009	-2.952956e-01	1.896455e-01	1.198450e-01	1.192664e-01	1.199431e-01
0	cM57	0	0	800	2	1	0.005	1.255648e+00	2.468138e-01	4.527773e-07	4.344434e-07	6.599617e-07
0	cM62	0	0	800	2	1	0.161	2.428922e-01	4.732365e-02	3.592599e-07	3.444713e-07	5.307539e-07
0	cM65	0	0	800	1	2	0.204	6.587293e-02	4.385411e-02	1.334688e-01	1.328617e-01	1.335309e-01
0	cM67	0	0	800	1	2	0.147	-9.369635e-04	4.988313e-02	9.850188e-01	9.849953e-01	9.850000e-01
0	cM70	0	0	800	2	1	0.013	-1.430973e-01	1.591305e-01	3.687934e-01	3.680441e-01	3.684368e-01
0	cM71	0	0	800	1	2	0.487	3.661179e-03	3.538831e-02	9.176260e-01	9.174975e-01	9.175238e-01
0	cM76	0	0	800	2	1	0.021	-6.430875e-02	1.226328e-01	6.001455e-01	5.995747e-01	5.997519e-01
0	cM78	0	0	800	1	2	0.030	-1.568742e-01	1.035444e-01	1.301576e-01	1.295571e-01	1.302284e-01
0	cM80	0	0	800	2	1	0.004	9.938068e-01	2.872528e-01	5.694839e-04	5.582205e-04	6.156344e-04
0	nM1	0	0	800	2	1	0.086	-7.586183e-02	6.295191e-02	2.285312e-01	2.278033e-01	2.283720e-01
0	nM9	0	0	800	2	1	0.028	8.897959e-02	1.081189e-01	4.107657e-01	4.100333e-01	4.103787e-01
0	nM10	0	0	800	2	1	0.011	1.179958e-01	1.676651e-01	4.817885e-01	4.811024e-01	4.813760e-01
0	nM11	0	0	800	2	1	0.009	-3.735178e-01	1.894726e-01	4.902835e-02	4.867501e-02	4.929465e-02
0	nM14	0	0	800	2	1	0.009	5.404825e-03	1.899333e-01	9.773052e-01	9.772697e-01	9.772768e-01
0	nM20	0	0	800	2	1	0.019	-2.375799e-01	1.301372e-01	6.828250e-02	6.785133e-02	6.851202e-02
0	nM22	0	0	800	2	1	0.028	1.298962e-01	1.080670e-01	2.297211e-01	2.289924e-01	2.295596e-01
0	nM26	0	0	800	2	1	0.006	3.541324e-01	2.240990e-01	1.144460e-01	1.138797e-01	1.145584e-01
0	nM27	0	0	800	2	1	0.203	-9.085510e-02	4.389921e-02	3.880834e-02	3.850398e-02	3.908615e-02
0	nM28	0	0	800	2	1	0.024	-1.646478e-01	1.160212e-01	1.562550e-01	1.556076e-01	1.562586e-01
0	nM32	0	0	800	2	1	0.006	4.127317e-02	2.244446e-01	8.541463e-01	8.539204e-01	8.539687e-01
0	nM36	0	0	800	2	1	0.007	-9.208808e-03	2.050220e-01	9.641853e-01	9.641293e-01	9.641406e-01
0	nM37	0	0	800	2	1	0.026	-2.195691e-04	1.106391e-01	9.984171e-01	9.984146e-01	9.984151e-01
0	nM40	0	0	800	2	1	0.035	-1.780903e-02	9.624761e-02	8.532498e-01	8.530226e-01	8.530713e-01
0	nM42	0	0	800	2	1	0.011	1.288332e-01	1.676551e-01	4.424521e-01	4.417379e-01	4.420499e-01
0	nM43	0	0	800	2	1	0.068	-6.562360e-02	7.046684e-02	3.519960e-01	3.512423e-01	3.516549e-01
0	nM46	0	0	800	2	1	0.136	1.855809e-02	5.155840e-02	7.189850e-01	7.185636e-01	7.186699e-01
0	nM48	0	0	800	2	1	0.019	-2.087729e-01	1.301991e-01	1.092222e-01	1.086684e-01	1.093485e-01
0	nM49	0	0	800	2	1	0.066	-1.962007e-02	7.111611e-02	7.827057e-01	7.823739e-01	7.824505e-01
0	nM53	0	0	800	2	1	0.006	5.127329e-01	2.237143e-01	2.217044e-02	2.196243e-02	2.244133e-02
0	nM55	0	0	800	2	1	0.004	5.011080e-01	2.888549e-01	8.316080e-02	8.267937e-02	8.335487e-02
0	nM59	0	0	800	2	1	0.005	-1.196584e-01	2.507486e-01	6.333471e-01	6.328152e-01	6.329703e-01
0	nM60	0	0	800	2	1	0.049	-2.055235e-02	8.213822e-02	8.024842e-01	8.021813e-01	8.022496e-01
0	nM66	0	0	800	2	1	0.004	-2.916093e-01	2.892149e-01	3.136262e-01	3.128689e-01	3.133288e-01
0	nM68	0	0	800	2	1	0.013	-1.159897e-01	1.591582e-01	4.663560e-01	4.656582e-01	4.659465e-01
0	nM69	0	0	800	2	1	0.005	5.176399e-01	2.501140e-01	3.880965e-02	3.850528e-02	3.908746e-02
0	nM73	0	0	800	2	1	0.021	-7.237437e-02	1.226272e-01	5.552248e-01	5.546055e-01	5.548160e-01
0	nM78	0	0	800	2	1	0.016	-2.327992e-02	1.399009e-01	8.678820e-01	8.676770e-01	8.677203e-01
0	nM83	0	0	800	2	1	0.022	1.498539e-03	1.192744e-01	9.899789e-01	9.899633e-01	9.899664e-01
0	nM86	0	0	800	2	1	0.196	-7.396793e-02	4.446106e-02	9.657370e-02	9.605281e-02	9.673337e-02
0	nM88	0	0	800	2	1	0.028	1.227818e-03	1.081648e-01	9.909459e-01	9.909318e-01	9.909346e-01
0	nM89	0	0	800	2	1	0.016	5.040615e-02	1.398919e-01	7.187016e-01	7.182798e-01	7.183863e-01
0	nM90	0	0	800	2	1	0.019	-2.047376e-01	1.302071e-01	1.162543e-01	1.156838e-01	1.163619e-01
0	nM91	0	0	800	2	1	0.020	1.159171e-01	1.262815e-01	3.589348e-01	3.581827e-01	3.585871e-01
0	nM94	0	0	800	2	1	0.052	-5.953670e-02	7.928195e-02	4.529047e-01	4.521974e-01	4.524988e-01
0	nM95	0	0	800	2	1	0.004	1.706068e-02	2.893985e-01	9.530049e-01	9.529314e-01	9.529463e-01
0	nM96	0	0	800	2	1	0.009	4.149945e-01	1.893644e-01	2.870307e-02	2.845423e-02	2.898207e-02
0	nM98	0	0	800	2	1	0.020	-7.987911e-02	1.263165e-01	5.273245e-01	5.266779e-01	5.269111e-01
0	nM101	0	0	800	2	1	0.065	-2.858760e-02	7.174494e-02	6.903966e-01	6.899369e-01	6.900582e-01
0	nM103	0	0	800	2	1	0.021	8.821940e-02	1.226142e-01	4.720512e-01	4.713576e-01	4.716404e-01
0	nM105	0	0	800	2	1	0.035	-1.683297e-01	9.606505e-02	8.011538e-02	7.964365e-02	8.031701e-02
0	nM117	0	0	800	2	1	0.004	-1.435157e-01	2.893545e-01	6.200412e-01	6.194934e-01	6.196571e-01
0	nM122	0	0	800	2	1	0.004	1.714571e-01	2.893354e-01	5.536238e-01	5.530029e-01	5.532146e-01
0	nM126	0	0	800	2	1	0.072	1.487417e-02	6.821157e-02	8.274387e-01	8.271727e-01	8.272310e-01
0	nM133	0	0	800	2	1	0.052	9.671294e-02	7.923603e-02	2.226102e-01	2.218867e-01	2.224628e-01
0	nM140	0	0	800	2	1	0.005	3.171728e-01	2.505329e-01	2.058852e-01	2.051759e-01	2.057727e-01
0	nM143	0	0	800	2	1	0.004	1.799432e-01	2.893290e-01	5.341638e-01	5.335237e-01	5.337511e-01
0	nM145	0	0	800	2	1	0.045	1.759565e-01	8.509985e-02	3.899495e-02	3.868964e-02	3.927263e-02
0	nM153	0	0	800	2	1	0.029	3.310254e-02	1.058488e-01	7.545643e-01	7.541923e-01	7.542814e-01
0	nM154	0	0	800	2	1	0.150	-1.964441e-02	4.953351e-02	6.917771e-01	6.913192e-01	6.914398e-01
0	nM156	0	0	800	2	1	0.015	-1.174113e-01	1.454642e-01	4.198210e-01	4.190933e-01	4.194289e-01
0	nM158	0	0	800	2	1	0.015	2.104627e-02	1.455216e-01	8.850424e-01	8.848636e-01	8.849009e-01
0	nM163	0	0	800	2	1	0.010	3.285938e-01	1.773976e-01	6.435169e-02	6.393512e-02	6.458979e-02
0	nM169	0	0	800	2	1	0.041	2.371431e-03	8.894716e-02	9.787367e-01	9.787034e-01	9.787101e-01
0	nM171	0	0	800	2	1	0.006	-6.651378e-02	2.244370e-01	7.670336e-01	7.666793e-01	7.667627e-01
0	nM173	0	0	800	2	1	0.046	-6.967249e-02	8.418554e-02	4.081409e-01	4.074072e-01	4.077554e-01
0	nM176	0	0	800	2	1	0.005	-5.538275e-01	2.500168e-01	2.703069e-02	2.679189e-02	2.730845e-02
0	nM177	0	0	800	2	1	0.011	-1.972239e-01	1.675718e-01	2.395656e-01	2.388305e-01	2.393852e-01
0	nM184	0	0	800	2	1	0.075	5.522711e-02	6.712918e-02	4.109250e-01	4.101926e-01	4.105378e-01
0	nM187	0	0	800	2	1	0.005	-2.965394e-01	2.505645e-01	2.369694e-01	2.362359e-01	2.367938e-01
0	nM191	0	0	800	2	1	0.005	2.220579e-01	2.506611e-01	3.759442e-01	3.751971e-01	3.755815e-01
0	nM195	0	0	800	2	1	0.016	-8.054038e-03	1.399030e-01	9.541066e-01	9.540348e-01	9.540493e-01
0	nM201	0	0	800	2	1	0.004	-3.677074e-01	2.891062e-01	2.037876e-01	2.030803e-01	2.036796e-01
0	nM203	0	0	800	2	1	0.039	-5.601473e-02	9.163076e-02	5.411690e-01	5.405356e-01	5.407573e-01
0	nM207	0	0	800	2	1	0.018	3.117392e-02	1.348954e-01	8.172987e-01	8.170177e-01	8.170800e-01
0	nM209	0	0	800	2	1	0.016	4.183938e-02	1.398954e-01	7.649599e-01	7.646026e-01	7.646870e-01
0	nM210	0	0	800	2	1	0.011	-1.940588e-01	1.675764e-01	2.471975e-01	2.464581e-01	2.470029e-01
0	nM211	0	0	800	2	1	0.021	1.288457e-01	1.225691e-01	2.934810e-01	2.927257e-01	2.932110e-01
0	nM213	0	0	800	2	1	0.065	6.449754e-02	7.171574e-02	3.687376e-01	3.679882e-01	3.683811e-01
0	nM214	0	0	800	2	1	0.006	-4.368383e-01	2.239160e-01	5.141830e-02	5.105437e-02	5.168091e-02
0	nM215	0	0	800	2	1	0.021	-5.391381e-02	1.226391e-01	6.603361e-01	6.598376e-01	6.599761e-01
0	nM219	0	0	800	2	1	0.028	1.618918e-01	1.080128e-01	1.343157e-01	1.337070e-01	1.343756e-01
0	nM227	0	0	800	2	1	0.061	-5.078160e-02	7.374625e-02	4.912758e-01	4.905974e-01	4.908621e-01
0	nM228	0	0	800	2	1	0.004	6.067087e-01	2.886010e-01	3.584504e-02	3.555614e-02	3.612450e-02
0	nM233	0	0	800	2	1	0.041	6.111583e-02	8.892089e-02	4.920898e-01	4.914121e-01	4.916761e-01
0	nM236	0	0	800	2	1	0.056	2.103633e-02	7.676916e-02	7.841397e-01	7.838100e-01	7.838860e-01
0	nM239	0	0	800	2	1	0.025	-2.137676e-02	1.132961e-01	8.503912e-01	8.501597e-01	8.502094e-01
0	nM245	0	0	800	2	1	0.024	3.723516e-02	1.161600e-01	7.486349e-01	7.482546e-01	7.483465e-01
0	nM247	0	0	800	2	1	0.004	5.758617e-01	2.886802e-01	4.640352e-02	4.606217e-02	4.667349e-02
0	nM249	0	0	800	2	1	0.069	4.796872e-02	6.988747e-02	4.926787e-01	4.920014e-01	4.922649e-01
0	nM251	0	0	800	2	1	0.016	3.416197e-02	1.398981e-01	8.071450e-01	8.068489e-01	8.069153e-01
0	nM252	0	0	800	2	1	0.022	-1.142947e-01	1.192058e-01	3.379491e-01	3.371931e-01	3.376228e-01
0	nM254	0	0	800	2	1	0.006	-3.537745e-01	2.240997e-01	1.148131e-01	1.142460e-01	1.149246e-01
0	nM259	0	0	800	2	1	0.041	5.149741e-03	8.894702e-02	9.538454e-01	9.537732e-01	9.537877e-01
0	nM264	0	0	800	2	1	0.013	2.350534e-01	1.589935e-01	1.396998e-01	1.390808e-01	1.397457e-01
0	nM269	0	0	800	2	1	0.072	3.897354e-02	6.819965e-02	5.678471e-01	5.672409e-01	5.674417e-01
0	nM272	0	0	800	2	1	0.007	1.438587e-01	2.049590e-01	4.829525e-01	4.822674e-01	4.825399e-01
0	nM274	0	0	800	2	1	0.037	-4.942803e-02	9.309026e-02	5.955881e-01	5.950121e-01	5.951926e-01
0	nM275	0	0	800	2	1	0.076	-6.723763e-03	6.664952e-02	9.196692e-01	9.195438e-01	9.195694e-01
0	nM276	0	0	800	2	1	0.145	-6.413203e-02	5.018640e-02	2.016645e-01	2.009593e-01	2.015611e-01
0	nM279	0	0	800	2	1	0.005	-8.210725e-02	2.507675e-01	7.434332e-01	7.430456e-01	7.431399e-01
0	nM282	0	0	800	2	1	0.028	-8.401532e-03	1.081644e-01	9.381070e-01	9.380103e-01	9.380299e-01
0	nM285	0	0	800	2	1	0.004	1.963513e-01	2.893156e-01	4.975405e-01	4.968673e-01	4.971264e-01
0	nM291	0	0	800	2	1	0.185	-6.089851e-02	4.550357e-02	1.811721e-01	1.804897e-01	1.811152e-01
0	nM292	0	0	800	2	1	0.081	-1.239582e-01	6.459320e-02	5.533324e-02	5.495256e-02	5.558915e-02
0	nM293	0	0	800	2	1	0.066	8.214011e-02	7.106004e-02	2.480576e-01	2.473177e-01	2.478614e-01
0	nM297	0	0	800	2	1	0.045	-2.203925e-02	8.532393e-02	7.962413e-01	7.959292e-01	7.960001e-01
0	nM298	0	0	800	2	1	0.004	-8.595731e-02	2.893831e-01	7.665160e-01	7.661610e-01	7.662447e-01
0	nM303	0	0	800	2	1	0.006	-6.048560e-02	2.244392e-01	7.876172e-01	7.872926e-01	7.873670e-01
0	nM308	0	0	800	2	1	0.009	1.342992e-01	1.898739e-01	4.795822e-01	4.788944e-01	4.791700e-01
0	nM311	0	0	800	2	1	0.045	5.343151e-02	8.530653e-02	5.312664e-01	5.306235e-01	5.308533e-01
0	nM314	0	0	800	2	1	0.005	3.686474e-01	2.504446e-01	1.414227e-01	1.408005e-01	1.414641e-01
0	nM323	0	0	800	2	1	0.009	-2.160826e-01	1.897793e-01	2.552119e-01	2.544685e-01	2.550031e-01
0	nM327	0	0	800	2	1	0.010	-1.596715e-01	1.776887e-01	3.691356e-01	3.683863e-01	3.687786e-01
0	nM330	0	0	800	2	1	0.089	-6.638675e-02	6.215611e-02	2.858143e-01	2.850604e-01	2.855556e-01
0	nM339	0	0	800	2	1	0.009	1.132413e-01	1.898911e-01	5.511116e-01	5.504882e-01	5.507019e-01
0	nM342	0	0	800	2	1	0.010	-9.503033e-02	1.777467e-01	5.930484e-01	5.924696e-01	5.926519e-01
0	nM343	0	0	800	2	1	0.010	-2.080091e-02	1.777770e-01	9.068850e-01	9.067399e-01	9.067697e-01
0	nM349	0	0	800	2	1	0.026	-1.450851e-02	1.106379e-01	8.957015e-01	8.955391e-01	8.955728e-01
0	nM350	0	0	800	2	1	0.081	-1.259140e-01	6.458845e-02	5.158794e-02	5.122326e-02	5.185026e-02
0	nM352	0	0	800	2	1	0.014	2.043313e-01	1.517257e-01	1.784543e-01	1.777753e-01	1.784038e-01
0	nM353	0	0	800	2	1	0.184	-2.725733e-02	4.566409e-02	5.507370e-01	5.501132e-01	5.503273e-01
0	nM357	0	0	800	2	1	0.005	8.480094e-02	2.507664e-01	7.353262e-01	7.349273e-01	7.350255e-01
0	nM359	0	0	800	2	1	0.011	-1.279454e-01	1.676560e-01	4.456039e-01	4.448917e-01	4.452005e-01
0	nM361	0	0	800	2	1	0.005	3.292571e-01	2.505133e-01	1.891130e-01	1.884212e-01	1.890377e-01
0	nM363	0	0	800	2	1	0.025	9.777618e-03	1.132981e-01	9.312496e-01	9.311422e-01	9.311641e-01
0	nM374	0	0	800	2	1	0.007	6.077829e-02	2.050110e-01	7.669532e-01	7.665989e-01	7.666823e-01
0	nM376	0	0	800	2	1	0.040	1.312398e-01	9.014785e-02	1.458335e-01	1.452035e-01	1.458636e-01
0	nM394	0	0	800	2	1	0.010	3.010501e-01	1.774588e-01	9.019069e-02	8.968795e-02	9.036692e-02
0	nM396	0	0	800	2	1	0.030	-1.606404e-01	1.035372e-01	1.211728e-01	1.205912e-01	1.212673e-01
0	nM398	0	0	800	2	1	0.006	-2.373640e-01	2.242920e-01	2.902476e-01	2.894929e-01	2.899823e-01
0	nM402	0	0	800	2	1	0.122	9.974708e-02	5.383606e-02	6.428102e-02	6.386471e-02	6.451926e-02
0	nM405	0	0	800	2	1	0.005	4.955066e-02	2.507782e-01	8.434181e-01	8.431760e-01	8.432283e-01
0	nM409	0	0	800	2	1	0.084	-6.388335e-02	6.381533e-02	3.170984e-01	3.163411e-01	3.167966e-01
0	nM416	0	0	800	2	1	0.034	-1.270638e-01	9.784912e-02	1.944671e-01	1.937693e-01	1.943797e-01
0	nM421	0	0	800	2	1	0.011	1.594687e-01	1.676221e-01	3.417107e-01	3.409552e-01	3.413803e-01
0	nM423	0	0	800	2	1	0.054	-5.284233e-02	7.841177e-02	5.005649e-01	4.998943e-01	5.001506e-01
0	nM424	0	0	800	2	1	0.011	-4.302326e-02	1.677102e-01	7.976052e-01	7.972951e-01	7.973654e-01
0	nM427	0	0	800	2	1	0.006	-2.967793e-01	2.242034e-01	1.859799e-01	1.852916e-01	1.859118e-01
0	nM428	0	0	800	2	1	0.009	-3.947790e-02	1.899283e-01	8.353937e-01	8.351396e-01	8.351949e-01
0	nM429	0	0	800	2	1	0.004	1.022898e-01	2.893764e-01	7.238194e-01	7.234046e-01	7.235085e-01
0	nM433	0	0	800	2	1	0.090	5.766877e-02	6.177575e-02	3.508350e-01	3.500811e-01	3.504952e-01
0	nM437	0	0	800	2	1	0.050	2.130626e-02	8.115801e-02	7.929821e-01	7.926653e-01	7.927375e-01
0	nM439	0	0	800	2	1	0.039	-1.613316e-01	9.147410e-02	7.816737e-02	7.770199e-02	7.837376e-02
0	nM441	0	0	800	2	1	0.007	7.562102e-02	2.050048e-01	7.123192e-01	7.118888e-01	7.119985e-01
0	nM443	0	0	800	2	1	0.031	3.862733e-02	1.016545e-01	7.040567e-01	7.036151e-01	7.037292e-01
0	nM448	0	0	800	2	1	0.034	5.049407e-02	9.793614e-02	6.062895e-01	6.057257e-01	6.058987e-01
0	nM453	0	0	800	2	1	0.016	-1.593361e-01	1.397895e-01	2.546998e-01	2.539566e-01	2.544918e-01
0	nM457	0	0	800	2	1	0.014	-4.705483e-02	1.518889e-01	7.567956e-01	7.564268e-01	7.565149e-01
0	nM459	0	0	800	2	1	0.005	3.163303e-01	2.505342e-01	2.070935e-01	2.063831e-01	2.069784e-01
0	nM460	0	0	800	2	1	0.034	-4.255058e-02	9.794087e-02	6.640779e-01	6.635841e-01	6.637204e-01
0	nM462	0	0	800	2	1	0.016	1.453940e-01	1.398086e-01	2.986779e-01	2.979219e-01	2.984006e-01
0	nM472	0	0	800	2	1	0.031	-1.047767e-01	1.015961e-01	3.027094e-01	3.019529e-01	3.024265e-01
0	nM475	0	0	800	2	1	0.010	1.118236e-01	1.777345e-01	5.294238e-01	5.287792e-01	5.290105e-01
0	nM487	0	0	800	2	1	0.016	1.033714e-01	1.398554e-01	4.600453e-01	4.593429e-01	4.596373e-01
0	nM489	0	0	800	2	1	0.015	1.232188e-01	1.454581e-01	3.971887e-01	3.964498e-01	3.968102e-01
0	nM490	0	0	800	2	1	0.005	5.854564e-02	2.507758e-01	8.154656e-01	8.151818e-01	8.152449e-01
0	nM494	0	0	800	2	1	0.010	8.621026e-02	1.777524e-01	6.278080e-01	6.272695e-01	6.274281e-01
0	nM496	0	0	800	2	1	0.061	5.806121e-03	7.376787e-02	9.372846e-01	9.371866e-01	9.372065e-01
0	nM498	0	0	800	2	1	0.144	-4.537125e-03	5.041857e-02	9.283184e-01	9.282065e-01	9.282292e-01
0	nM499	0	0	800	2	1	0.051	3.999689e-02	8.020593e-02	6.181440e-01	6.175940e-01	6.177590e-01
0	nM501	0	0	800	2	1	0.016	2.901342e-02	1.398995e-01	8.357601e-01	8.355065e-01	8.355617e-01
0	nM503	0	0	800	2	1	0.060	3.297399e-03	7.448295e-02	9.646998e-01	9.646446e-01	9.646557e-01
0	nM505	0	0	800	2	1	0.005	2.645891e-01	2.506094e-01	2.913869e-01	2.906320e-01	2.911200e-01
0	nM506	0	0	800	2	1	0.005	-2.457532e-01	2.506334e-01	3.271225e-01	3.263655e-01	3.268085e-01
0	nM511	0	0	800	2	1	0.014	-1.818249e-01	1.517616e-01	2.312356e-01	2.305058e-01	2.310711e-01
0	nM512	0	0	800	2	1	0.135	5.242412e-03	5.176298e-02	9.193558e-01	9.192300e-01	9.192557e-01
0	nM513	0	0	800	2	1	0.086	-2.017525e-02	6.300512e-02	7.488884e-01	7.485084e-01	7.486002e-01
0	nM515	0	0	800	2	1	0.007	-7.161450e-02	2.050066e-01	7.269354e-01	7.265249e-01	7.266272e-01
0	nM527	0	0	800	2	1	0.022	7.082211e-02	1.192481e-01	5.527435e-01	5.521217e-01	5.523341e-01
0	nM528	0	0	800	2	1	0.004	-5.412592e-01	2.887641e-01	6.124056e-02	6.083598e-02	6.148513e-02
0	nM533	0	0	800	2	1	0.005	1.400318e-01	2.507353e-01	5.766702e-01	5.760735e-01	5.762676e-01
0	nM534	0	0	800	2	1	0.015	3.938698e-02	1.455169e-01	7.867152e-01	7.863893e-01	7.864641e-01
0	nM539	0	0	800	2	1	0.014	-5.066065e-02	1.518874e-01	7.388137e-01	7.384197e-01	7.385162e-01
0	nM540	0	0	800	2	1	0.005	2.260734e-01	2.506566e-01	3.673690e-01	3.666192e-01	3.670136e-01
0	nM541	0	0	800	2	1	0.004	-1.630232e-01	2.893415e-01	5.733016e-01	5.727012e-01	5.728978e-01
0	nM545	0	0	800	2	1	0.056	-4.515174e-02	7.675613e-02	5.565314e-01	5.559135e-01	5.561230e-01
0	nM547	0	0	800	2	1	0.024	-1.711724e-02	1.161659e-01	8.828917e-01	8.827096e-01	8.827477e-01
0	nM549	0	0	800	2	1	0.034	5.232043e-04	9.795245e-02	9.957395e-01	9.957329e-01	9.957342e-01
0	nM551	0	0	800	2	1	0.028	1.893154e-02	1.081627e-01	8.611017e-01	8.608864e-01	8.609322e-01
0	nM554	0	0	800	2	1	0.020	-3.493450e-02	1.263421e-01	7.822301e-01	7.818977e-01	7.819745e-01
0	nM555	0	0	800	2	1	0.013	7.217664e-02	1.591906e-01	6.503857e-01	6.498748e-01	6.500192e-01
0	nM563	0	0	800	2	1	0.019	1.064404e-02	1.304081e-01	9.349686e-01	9.348670e-01	9.348876e-01
0	nM564	0	0	800	2	1	0.022	3.444087e-02	1.192682e-01	7.728337e-01	7.724877e-01	7.725686e-01
0	nM565	0	0	800	2	1	0.004	5.352605e-03	2.893990e-01	9.852481e-01	9.852250e-01	9.852297e-01
0	nM569	0	0	800	2	1	0.006	3.577007e-01	2.240919e-01	1.108349e-01	1.102772e-01	1.109569e-01
0	nM571	0	0	800	2	1	0.096	-5.913130e-03	5.997494e-02	9.214859e-01	9.213633e-01	9.213884e-01
0	nM576	0	0	800	2	1	0.020	5.670027e-03	1.263480e-01	9.642172e-01	9.641612e-01	9.641724e-01
0	nM577	0	0	800	2	1	0.013	-1.464640e-01	1.591267e-01	3.576294e-01	3.568770e-01	3.572829e-01
0	nM579	0	0	800	2	1	0.021	2.611643e-01	1.223050e-01	3.303620e-02	3.276255e-02	3.331631e-02
0	nM580	0	0	800	2	1	0.019	7.796824e-02	1.303795e-01	5.500029e-01	5.493783e-01	5.495929e-01
0	nM584	0	0	800	2	1	0.004	-5.062927e-01	2.888436e-01	8.001579e-02	7.954438e-02	8.021766e-02
0	nM585	0	0	800	2	1	0.026	1.000349e-01	1.105824e-01	3.659404e-01	3.651901e-01	3.655862e-01
0	nM589	0	0	800	2	1	0.071	4.852667e-02	6.874159e-02	4.804384e-01	4.797513e-01	4.800261e-01
0	nM591	0	0	800	2	1	0.019	6.779477e-02	1.303866e-01	6.032412e-01	6.026740e-01	6.028491e-01
0	nM592	0	0	800	2	1	0.039	-1.191066e-01	9.155517e-02	1.936589e-01	1.929620e-01	1.935733e-01
0	nM596	0	0	800	2	1	0.198	-3.199561e-02	4.441705e-02	4.715234e-01	4.708294e-01	4.711127e-01
0	nM599	0	0	800	2	1	0.006	9.165558e-02	2.244259e-01	6.830895e-01	6.826202e-01	6.827456e-01
0	nM605	0	0	800	2	1	0.085	3.417853e-02	6.341587e-02	5.900657e-01	5.894836e-01	5.896680e-01
0	nM607	0	0	800	2	1	0.010	1.372996e-01	1.777121e-01	4.399905e-01	4.392747e-01	4.395892e-01
0	nM608	0	0	800	2	1	0.026	-1.193537e-02	1.106383e-01	9.141201e-01	9.139861e-01	9.140136e-01
0	nM612	0	0	800	2	1	0.009	-3.607325e-02	1.899291e-01	8.494122e-01	8.491792e-01	8.492293e-01
0	nM613	0	0	800	2	1	0.025	1.153132e-01	1.132251e-01	3.087766e-01	3.080196e-01	3.084855e-01
0	nM614	0	0	800	2	1	0.025	2.102397e-01	1.130539e-01	6.330414e-02	6.289155e-02	6.354444e-02
0	nM617	0	0	800	2	1	0.007	2.869864e-01	2.047704e-01	1.614524e-01	1.607970e-01	1.614431e-01
0	nM619	0	0	800	2	1	0.014	-4.334372e-02	1.518903e-01	7.754408e-01	7.750986e-01	7.751783e-01
0	nM627	0	0	800	2	1	0.016	-1.628178e-02	1.399021e-01	9.073808e-01	9.072364e-01	9.072661e-01
0	nM628	0	0	800	2	1	0.037	2.115685e-01	9.280499e-02	2.288797e-02	2.267524e-02	2.316022e-02
0	nM629	0	0	800	2	1	0.109	1.191181e-01	5.666087e-02	3.583989e-02	3.555102e-02	3.611935e-02
0	nM633	0	0	800	2	1	0.004	-4.731643e-01	2.889140e-01	1.018713e-01	1.013362e-01	1.020171e-01
0	nM636	0	0	800	2	1	0.024	-1.787972e-02	1.161658e-01	8.777152e-01	8.775252e-01	8.775651e-01
0	nM644	0	0	800	2	1	0.004	-3.636961e-01	2.891126e-01	2.087691e-01	2.080571e-01	2.086504e-01
0	nM646	0	0	800	2	1	0.009	-1.931168e-01	1.898103e-01	3.092622e-01	3.085051e-01	3.089705e-01
0	nM648	0	0	800	2	1	0.024	-9.257103e-02	1.161213e-01	4.255763e-01	4.248518e-01	4.251813e-01
0	nM650	0	0	800	2	1	0.061	5.884363e-02	7.373874e-02	4.251070e-01	4.243823e-01	4.247123e-01
0	nM656	0	0	800	2	1	0.015	4.163874e-02	1.455161e-01	7.748411e-01	7.744980e-01	7.745780e-01
0	nM658	0	0	800	2	1	0.005	-3.794505e-01	2.504244e-01	1.301102e-01	1.295098e-01	1.301811e-01
0	nM660	0	0	800	2	1	0.020	9.168401e-02	1.263065e-01	4.681219e-01	4.674254e-01	4.677120e-01
0	nM661	0	0	800	2	1	0.006	4.901999e-01	2.237776e-01	2.877171e-02	2.852246e-02	2.905075e-02
0	nM663	0	0	800	2	1	0.007	-2.621861e-01	2.048121e-01	2.008714e-01	2.001670e-01	2.007698e-01
0	nM664	0	0	800	2	1	0.062	-1.125867e-01	7.296665e-02	1.232301e-01	1.226441e-01	1.233192e-01
0	nM672	0	0	800	2	1	0.004	3.955369e-02	2.893957e-01	8.913207e-01	8.911516e-01	8.911867e-01
0	nM675	0	0	800	2	1	0.013	3.650796e-02	1.592059e-01	8.186845e-01	8.184055e-01	8.184673e-01
0	nM676	0	0	800	2	1	0.006	-1.797425e-01	2.243592e-01	4.232906e-01	4.225649e-01	4.228968e-01
0	nM678	0	0	800	2	1	0.018	3.511977e-01	1.343258e-01	9.103797e-03	8.995755e-03	9.313750e-03
0	nM682	0	0	800	2	1	0.005	1.082136e-01	2.507551e-01	6.661844e-01	6.656933e-01	6.658283e-01
0	nM683	0	0	800	2	1	0.011	3.501175e-01	1.672586e-01	3.664012e-02	3.634701e-02	3.691923e-02
0	nM685	0	0	800	2	1	0.006	-8.952188e-02	2.244270e-01	6.900803e-01	6.896202e-01	6.897417e-01
0	nM692	0	0	800	2	1	0.009	5.487281e-02	1.899235e-01	7.727171e-01	7.723710e-01	7.724519e-01
0	nM693	0	0	800	2	1	0.004	-1.681949e-01	2.893378e-01	5.611960e-01	5.605828e-01	5.607887e-01
0	nM694	0	0	800	2	1	0.009	-4.210145e-01	1.893478e-01	2.646147e-02	2.622614e-02	2.673869e-02
0	nM695	0	0	800	2	1	0.068	9.564819e-02	7.042377e-02	1.747903e-01	1.741160e-01	1.747485e-01
0	nM700	0	0	800	2	1	0.044	-7.127932e-02	8.644448e-02	4.098635e-01	4.091306e-01	4.094770e-01
0	nM701	0	0	800	2	1	0.034	1.741623e-01	9.775824e-02	7.520095e-02	7.474548e-02	7.541447e-02
0	nM707	0	0	800	2	1	0.035	3.818845e-02	9.624018e-02	6.916184e-01	6.911603e-01	6.912810e-01
0	nM711	0	0	800	2	1	0.010	1.432386e-01	1.777062e-01	4.204590e-01	4.197317e-01	4.200666e-01
0	nM713	0	0	800	2	1	0.089	-4.845728e-02	6.217686e-02	4.360070e-01	4.352888e-01	4.356074e-01
0	nM723	0	0	800	2	1	0.015	-5.152907e-02	1.455121e-01	7.233408e-01	7.229254e-01	7.230295e-01
0	nM730	0	0	800	2	1	0.005	1.157321e-01	2.507509e-01	6.445355e-01	6.440173e-01	6.441654e-01
0	nM733	0	0	800	2	1	0.009	1.393031e-01	1.898694e-01	4.633602e-01	4.626602e-01	4.629514e-01
0	nM735	0	0	800	2	1	0.056	1.086634e-01	7.667634e-02	1.568235e-01	1.561752e-01	1.568257e-01
0	nM737	0	0	800	2	1	0.059	-6.967975e-03	7.522084e-02	9.262179e-01	9.261027e-01	9.261262e-01
0	nM741	0	0	800	2	1	0.005	2.480479e-01	2.506306e-01	3.226230e-01	3.218658e-01	3.223144e-01
0	nM744	0	0	800	2	1	0.069	4.211648e-02	6.989220e-02	5.469513e-01	5.463237e-01	5.465408e-01
0	nM746	0	0	800	2	1	0.005	-8.942874e-02	2.507644e-01	7.214671e-01	7.210492e-01	7.211542e-01
0	nM747	0	0	800	2	1	0.085	8.464235e-02	6.335659e-02	1.819408e-01	1.812574e-01	1.818820e-01
0	nM754	0	0	800	2	1	0.020	7.425891e-02	1.263208e-01	5.567928e-01	5.561751e-01	5.563844e-01
0	nM756	0	0	800	2	1	0.014	1.148734e-01	1.518436e-01	4.495582e-01	4.488486e-01	4.491534e-01
0	nM761	0	0	800	2	1	0.006	-7.182095e-02	2.244350e-01	7.490462e-01	7.486664e-01	7.487581e-01
0	nM766	0	0	800	2	1	0.005	-9.724570e-02	2.507607e-01	6.982654e-01	6.978161e-01	6.979332e-01
0	nM767	0	0	800	2	1	0.016	9.320487e-02	1.398644e-01	5.053515e-01	5.046850e-01	5.049371e-01
0	nM768	0	0	800	2	1	0.031	3.305147e-01	1.009882e-01	1.110671e-03	1.090839e-03	1.181183e-03
0	nM772	0	0	800	2	1	0.014	9.449896e-02	1.518612e-01	5.339408e-01	5.333005e-01	5.335281e-01
0	nM774	0	0	800	2	1	0.004	-5.477484e-01	2.887488e-01	5.819245e-02	5.780001e-02	5.844304e-02
0	nM777	0	0	800	2	1	0.014	-2.165775e-01	1.517044e-01	1.537901e-01	1.531466e-01	1.537999e-01
0	nM781	0	0	800	2	1	0.007	-5.085152e-02	2.050144e-01	8.041682e-01	8.038678e-01	8.039354e-01
0	nM784	0	0	800	2	1	0.015	-7.618729e-02	1.454985e-01	6.006818e-01	6.001116e-01	6.002885e-01
0	nM785	0	0	800	2	1	0.004	-1.852364e-01	2.893248e-01	5.222023e-01	5.215509e-01	5.217884e-01
0	nM786	0	0	800	2	1	0.004	1.944233e-01	2.893172e-01	5.017736e-01	5.011040e-01	5.013593e-01
0	nM787	0	0	800	2	1	0.024	8.712872e-03	1.161671e-01	9.402312e-01	9.401378e-01	9.401567e-01
0	nM788	0	0	800	2	1	0.026	5.096308e-02	1.106244e-01	6.451496e-01	6.446321e-01	6.447798e-01
0	nM789	0	0	800	2	1	0.010	-5.762268e-02	1.777669e-01	7.459113e-01	7.455272e-01	7.456203e-01
0	nM790	0	0	800	2	1	0.028	-2.526503e-02	1.081611e-01	8.153655e-01	8.150816e-01	8.151446e-01
0	nM791	0	0	800	2	1	0.009	-1.689977e-01	1.898392e-01	3.736187e-01	3.728708e-01	3.732579e-01
0	nM798	0	0	800	2	1	0.045	-1.433734e-01	8.517642e-02	9.271731e-02	9.220726e-02	9.288702e-02
0	nM799	0	0	800	2	1	0.068	1.197347e-02	7.050385e-02	8.651891e-01	8.649800e-01	8.650243e-01
0	nM801	0	0	800	2	1	0.036	-1.912549e-01	9.439447e-02	4.308432e-02	4.275870e-02	4.335828e-02
0	nM803	0	0	800	2	1	0.006	-4.563989e-01	2.238671e-01	4.180865e-02	4.148925e-02	4.208393e-02
0	nM808	0	0	800	2	1	0.004	4.316260e-01	2.889955e-01	1.356914e-01	1.350800e-01	1.357477e-01
0	nM812	0	0	800	2	1	0.035	3.530607e-02	9.624156e-02	7.138293e-01	7.134009e-01	7.135099e-01
0	nM818	0	0	800	2	1	0.004	-9.204714e-02	2.893807e-01	7.505051e-01	7.501274e-01	7.502184e-01
0	nM822	0	0	800	2	1	0.004	5.130560e-01	2.888286e-01	7.605890e-02	7.560053e-02	7.627038e-02
0	nM823	0	0	800	2	1	0.009	1.441962e-01	1.898648e-01	4.477969e-01	4.470861e-01	4.473927e-01
0	nM824	0	0	800	2	1	0.018	5.790806e-02	1.348843e-01	6.678089e-01	6.673198e-01	6.674539e-01
0	nM826	0	0	800	2	1	0.005	2.130432e-01	2.506709e-01	3.956400e-01	3.949004e-01	3.952625e-01
0	nM831	0	0	800	2	1	0.024	1.203132e-01	1.160894e-01	3.003371e-01	2.995808e-01	3.000574e-01
0	nM833	0	0	800	2	1	0.021	-5.408167e-02	1.226390e-01	6.593451e-01	6.588453e-01	6.589844e-01
0	nM836	0	0	800	2	1	0.084	-3.486185e-02	6.384346e-02	5.851828e-01	5.845953e-01	5.847832e-01
0	nM841	0	0	800	2	1	0.018	-6.334744e-02	1.348813e-01	6.387310e-01	6.382057e-01	6.383574e-01
0	nM842	0	0	800	2	1	0.009	1.417393e-02	1.899327e-01	9.405310e-01	9.404380e-01	9.404568e-01
0	nM844	0	0	800	2	1	0.006	6.044753e-02	2.244392e-01	7.877477e-01	7.874232e-01	7.874977e-01
0	nM851	0	0	800	2	1	0.054	8.408923e-02	7.837757e-02	2.836521e-01	2.828988e-01	2.833967e-01
0	nM857	0	0	800	2	1	0.007	-3.602019e-01	2.046254e-01	7.874019e-02	7.827293e-02	7.894518e-02
0	nM860	0	0	800	2	1	0.155	-4.136531e-02	4.885486e-02	3.974174e-01	3.966786e-01	3.970387e-01
0	nM864	0	0	800	2	1	0.007	1.513429e-01	2.049523e-01	4.604702e-01	4.597682e-01	4.600621e-01
0	nM865	0	0	800	2	1	0.005	3.934061e-01	2.503974e-01	1.165495e-01	1.159784e-01	1.166564e-01
0	nM868	0	0	800	2	1	0.037	6.904429e-03	9.310639e-02	9.409046e-01	9.408122e-01	9.408309e-01
0	nM871	0	0	800	2	1	0.070	-9.304554e-02	6.924936e-02	1.794499e-01	1.787696e-01	1.793970e-01
0	nM873	0	0	800	2	1	0.004	5.194836e-01	2.888142e-01	7.244752e-02	7.200152e-02	7.266753e-02
0	nM875	0	0	800	2	1	0.018	1.488865e-01	1.347969e-01	2.696984e-01	2.689491e-01	2.694650e-01
0	nM883	0	0	800	2	1	0.014	-1.442199e-01	1.518122e-01	3.424057e-01	3.416503e-01	3.420745e-01
0	nM884	0	0	800	2	1	0.061	5.310071e-02	7.374421e-02	4.716951e-01	4.710012e-01	4.712843e-01
0	nM888	0	0	800	2	1	0.046	-9.582500e-02	8.415332e-02	2.551719e-01	2.544285e-01	2.549631e-01
0	nM890	0	0	800	2	1	0.014	1.324473e-01	1.518256e-01	3.832720e-01	3.825275e-01	3.829035e-01
0	nM892	0	0	800	2	1	0.045	2.449332e-02	8.532309e-02	7.741367e-01	7.737926e-01	7.738729e-01
0	nM896	0	0	800	2	1	0.033	-1.171742e-01	9.966760e-02	2.400853e-01	2.393499e-01	2.399039e-01
0	nM897	0	0	800	2	1	0.005	1.053424e-01	2.507566e-01	6.745269e-01	6.740465e-01	6.741767e-01
0	nM903	0	0	800	2	1	0.006	2.255480e-02	2.244479e-01	9.199805e-01	9.198556e-01	9.198811e-01
0	nM907	0	0	800	2	1	0.005	1.620229e-02	2.507837e-01	9.485034e-01	9.484228e-01	9.484391e-01
0	nM911	0	0	800	2	1	0.005	-1.537298e-01	2.507253e-01	5.399581e-01	5.393236e-01	5.395463e-01
0	nM916	0	0	800	2	1	0.014	-7.487675e-02	1.518749e-01	6.221369e-01	6.215916e-01	6.217540e-01
0	nM918	0	0	800	2	1	0.010	-2.280067e-01	1.775952e-01	1.995651e-01	1.988620e-01	1.994664e-01
0	nM919	0	0	800	2	1	0.005	3.190527e-01	2.505299e-01	2.032074e-01	2.025008e-01	2.031007e-01
0	nM930	0	0	800	2	1	0.070	1.345310e-01	6.916388e-02	5.211333e-02	5.174637e-02	5.237480e-02
0	nM932	0	0	800	2	1	0.004	-3.696179e-01	2.891032e-01	2.014455e-01	2.007406e-01	2.013427e-01
0	nM935	0	0	800	2	1	0.006	4.508390e-03	2.244493e-01	9.839794e-01	9.839543e-01	9.839594e-01
0	nM941	0	0	800	2	1	0.018	-2.088034e-01	1.346973e-01	1.214976e-01	1.209153e-01	1.215913e-01
0	nM948	0	0	800	2	1	0.021	2.003836e-01	1.224487e-01	1.021356e-01	1.015997e-01	1.022806e-01
0	nM957	0	0	800	2	1	0.080	3.481454e-02	6.518992e-02	5.934571e-01	5.928788e-01	5.930608e-01
0	nM962	0	0	800	2	1	0.007	2.251620e-01	2.048673e-01	2.720722e-01	2.713221e-01	2.718349e-01
0	nM963	0	0	800	2	1	0.030	5.311513e-03	1.036931e-01	9.591603e-01	9.590964e-01	9.591093e-01
0	nM966	0	0	800	2	1	0.004	4.250896e-02	2.893952e-01	8.832568e-01	8.830752e-01	8.831132e-01
0	nM967	0	0	800	2	1	0.168	-3.840948e-02	4.734983e-02	4.175013e-01	4.167723e-01	4.171104e-01
0	nM968	0	0	800	2	1	0.089	5.841840e-02	6.216613e-02	3.476485e-01	3.468940e-01	3.473119e-01
0	nM976	0	0	800	2	1	0.004	-4.923779e-01	2.888737e-01	8.868174e-02	8.818346e-02	8.886184e-02
0	nM983	0	0	800	2	1	0.006	9.436672e-02	2.244245e-01	6.742457e-01	6.737650e-01	6.738954e-01
0	nM987	0	0	800	2	1	0.181	-2.574984e-02	4.590888e-02	5.750299e-01	5.744314e-01	5.746267e-01
0	nM990	0	0	800	2	1	0.005	4.952516e-02	2.507782e-01	8.434976e-01	8.432557e-01	8.433079e-01
0	nM991	0	0	800	2	1	0.045	4.981753e-02	8.530927e-02	5.594097e-01	5.587947e-01	5.590019e-01
0	nM994	0	0	800	2	1	0.007	-2.068235e-01	2.048915e-01	3.130748e-01	3.123176e-01	3.127781e-01
0	nM997	0	0	800	2	1	0.004	-4.463963e-01	2.889673e-01	1.227915e-01	1.222064e-01	1.228817e-01
0	nM1004	0	0	800	2	1	0.011	4.249330e-02	1.677104e-01	8.000452e-01	7.997387e-01	7.998080e-01
0	nM1007	0	0	800	2	1	0.102	-6.788083e-02	5.827051e-02	2.443971e-01	2.436592e-01	2.442076e-01
0	nM1011	0	0	800	2	1	0.024	1.596416e-01	1.160300e-01	1.692493e-01	1.685825e-01	1.692208e-01
0	nM1015	0	0	800	2	1	0.054	-5.555065e-02	7.840942e-02	4.788609e-01	4.781725e-01	4.784488e-01
0	nM1017	0	0	800	2	1	0.021	2.602505e-01	1.223075e-01	3.365644e-02	3.337938e-02	3.393650e-02
0	nM1018	0	0	800	2	1	0.122	9.919885e-02	5.383733e-02	6.576313e-02	6.534125e-02	6.599819e-02
0	nM1032	0	0	800	2	1	0.006	-1.476135e-01	2.243885e-01	5.108258e-01	5.101641e-01	5.104114e-01
0	nM1039	0	0	800	2	1	0.011	-3.506656e-01	1.672571e-01	3.634632e-02	3.605476e-02	3.662556e-02
0	nM1040	0	0	800	2	1	0.010	-3.978329e-01	1.772199e-01	2.505061e-02	2.482404e-02	2.532620e-02
0	nM1045	0	0	800	2	1	0.004	-3.041405e-01	2.891988e-01	2.932712e-01	2.925159e-01	2.930015e-01
0	nM1050	0	0	800	2	1	0.070	-7.977359e-03	6.932707e-02	9.084198e-01	9.082770e-01	9.083064e-01
0	nM1052	0	0	800	2	1	0.022	-2.778770e-01	1.188681e-01	1.964950e-02	1.945857e-02	1.991447e-02
0	nM1056	0	0	800	2	1	0.054	5.153687e-02	7.841286e-02	5.112095e-01	5.105482e-01	5.107951e-01
0	nM1061	0	0	800	2	1	0.029	5.313127e-02	1.058386e-01	6.158039e-01	6.152512e-01	6.154177e-01
0	nM1066	0	0	800	2	1	0.004	-5.137178e-02	2.893934e-01	8.591486e-01	8.589304e-01	8.589768e-01
0	nM1069	0	0	800	2	1	0.045	-3.624290e-02	8.531785e-02	6.710981e-01	6.706133e-01	6.707454e-01
0	nM1075	0	0	800	2	1	0.006	-2.869317e-01	2.242194e-01	2.010256e-01	2.003210e-01	2.009236e-01
0	nM1077	0	0	800	2	1	0.026	2.079074e-02	1.106366e-01	8.509878e-01	8.507572e-01	8.508066e-01
0	nM1079	0	0	800	2	1	0.035	3.850488e-02	9.624003e-02	6.891957e-01	6.887344e-01	6.888564e-01
0	nM1081	0	0	800	2	1	0.004	-8.956969e-02	2.893817e-01	7.570061e-01	7.566376e-01	7.567256e-01
0	nM1088	0	0	800	2	1	0.037	1.507675e-01	9.295361e-02	1.052059e-01	1.046622e-01	1.053429e-01
0	nM1090	0	0	800	2	1	0.005	-5.996105e-01	2.498845e-01	1.664351e-02	1.647411e-02	1.689865e-02
0	nM1095	0	0	800	2	1	0.036	1.546766e-01	9.447842e-02	1.019906e-01	1.014552e-01	1.021361e-01
0	nM1096	0	0	800	2	1	0.058	1.117870e-01	7.588092e-02	1.410943e-01	1.404727e-01	1.411365e-01
0	nM1099	0	0	800	2	1	0.172	-1.207310e-02	4.681665e-02	7.965656e-01	7.962541e-01	7.963248e-01
0	nM1105	0	0	800	2	1	0.135	-7.989023e-02	5.168599e-02	1.225773e-01	1.219926e-01	1.226681e-01
0	nM1109	0	0	800	2	1	0.006	6.719164e-02	2.244368e-01	7.647289e-01	7.643713e-01	7.644558e-01
0	nM1111	0	0	800	2	1	0.220	-3.415380e-02	4.268391e-02	4.238583e-01	4.231329e-01	4.234642e-01
0	nM1112	0	0	800	2	1	0.005	-1.342476e-01	2.507393e-01	5.925176e-01	5.919383e-01	5.921209e-01
0	nM1113	0	0	800	2	1	0.055	-7.640803e-02	7.754176e-02	3.247366e-01	3.239794e-01	3.244254e-01
0	nM1114	0	0	800	2	1	0.050	-1.178286e-01	8.105427e-02	1.464226e-01	1.457916e-01	1.464512e-01
0	nM1116	0	0	800	2	1	0.007	1.604455e-01	2.049436e-01	4.339319e-01	4.332123e-01	4.335331e-01
0	nM1118	0	0	800	2	1	0.010	-9.075679e-02	1.777495e-01	6.097807e-01	6.092210e-01	6.093916e-01
0	nM1122	0	0	800	2	1	0.084	2.466724e-02	6.384942e-02	6.993519e-01	6.989040e-01	6.990205e-01
0	nM1126	0	0	800	2	1	0.029	8.271877e-02	1.058148e-01	4.346041e-01	4.338850e-01	4.342050e-01
0	nM1130	0	0	800	2	1	0.089	-1.313128e-01	6.202658e-02	3.456527e-02	3.428325e-02	3.484514e-02
0	nM1134	0	0	800	2	1	0.061	-2.966324e-02	7.376068e-02	6.876776e-01	6.872143e-01	6.873371e-01
0	nM1138	0	0	800	2	1	0.131	-6.917462e-02	5.232688e-02	1.865566e-01	1.858677e-01	1.864872e-01
0	nM1142	0	0	800	2	1	0.029	-1.086066e-02	1.058546e-01	9.183064e-01	9.181789e-01	9.182050e-01
0	nM1144	0	0	800	2	1	0.085	6.079448e-02	6.339089e-02	3.378284e-01	3.370724e-01	3.375022e-01
0	nM1146	0	0	800	2	1	0.011	8.090296e-02	1.676927e-01	6.296202e-01	6.290838e-01	6.292413e-01
0	nM1148	0	0	800	2	1	0.009	8.277200e-02	1.899108e-01	6.630658e-01	6.625708e-01	6.627076e-01
0	nM1152	0	0	800	2	1	0.018	-1.439176e-01	1.348037e-01	2.860198e-01	2.852660e-01	2.857609e-01
0	nM1153	0	0	800	2	1	0.007	-3.335149e-02	2.050189e-01	8.708154e-01	8.706148e-01	8.706571e-01
0	nM1159	0	0	800	2	1	0.014	1.508323e-01	1.518041e-01	3.207198e-01	3.199626e-01	3.204135e-01
0	nM1160	0	0	800	2	1	0.021	-1.487599e-01	1.225409e-01	2.251216e-01	2.243962e-01	2.249692e-01
0	nM1164	0	0	800	2	1	0.004	5.082257e-01	2.888393e-01	7.886818e-02	7.840050e-02	7.907287e-02
0	nM1165	0	0	800	2	1	0.039	5.753333e-02	9.162958e-02	5.302554e-01	5.296115e-01	5.298422e-01
0	nM1170	0	0	800	2	1	0.071	2.027575e-02	6.875930e-02	7.681622e-01	7.678095e-01	7.678925e-01
0	nM1171	0	0	800	2	1	0.007	3.512992e-02	2.050185e-01	8.639920e-01	8.637811e-01	8.638258e-01
0	nM1174	0	0	800	2	1	0.004	6.319555e-01	2.885331e-01	2.879587e-02	2.854648e-02	2.907492e-02
0	nM1175	0	0	800	2	1	0.035	2.985605e-02	9.624388e-02	7.564804e-01	7.561111e-01	7.561994e-01
0	nM1176	0	0	800	2	1	0.079	1.312897e-01	6.550775e-02	4.538767e-02	4.505107e-02	4.565895e-02
0	nM1180	0	0	800	2	1	0.022	2.389657e-01	1.189741e-01	4.492101e-02	4.458661e-02	4.519286e-02
0	nM1184	0	0	800	2	1	0.025	-1.684721e-01	1.131416e-01	1.368723e-01	1.362587e-01	1.369256e-01
0	nM1186	0	0	800	2	1	0.031	1.568604e-01	1.015120e-01	1.226846e-01	1.220997e-01	1.227751e-01
0	nM1188	0	0	800	2	1	0.021	8.594892e-02	1.226162e-01	4.835331e-01	4.828484e-01	4.831203e-01
0	nM1192	0	0	800	2	1	0.022	1.410342e-01	1.191699e-01	2.369746e-01	2.362410e-01	2.367990e-01
0	nM1197	0	0	800	2	1	0.134	5.120154e-02	5.193548e-02	3.244966e-01	3.237395e-01	3.241857e-01
0	nM1198	0	0	800	2	1	0.174	-4.373245e-02	4.665948e-02	3.489042e-01	3.481500e-01	3.485663e-01
0	nM1203	0	0	800	2	1	0.061	-7.796264e-02	7.371651e-02	2.905576e-01	2.898028e-01	2.902918e-01
0	nM1212	0	0	800	2	1	0.004	-2.727904e-01	2.892379e-01	3.458973e-01	3.451425e-01	3.455625e-01
0	nM1216	0	0	800	2	1	0.011	3.911120e-02	1.677114e-01	8.156618e-01	8.153783e-01	8.154413e-01
0	nM1219	0	0	800	2	1	0.010	2.046335e-01	1.776309e-01	2.496599e-01	2.489192e-01	2.494609e-01
0	nM1222	0	0	800	2	1	0.246	9.416711e-03	4.105640e-02	8.186476e-01	8.183686e-01	8.184303e-01
0	cM26	20	0	800	1	2	0.019	3.476008e-03	1.304086e-01	9.787418e-01	9.787085e-01	9.787152e-01
0	cM81	25	0	800	2	1	0.046	1.585377e-01	8.403447e-02	5.957976e-02	5.918174e-02	5.982765e-02
0	nM366	25	0	800	2	1	0.004	4.373523e-01	2.889847e-01	1.305715e-01	1.299701e-01	1.306412e-01
0	nM480	25	0	800	2	1	0.006	-5.580230e-02	2.244407e-01	8.037123e-01	8.034112e-01	8.034790e-01
0	nM535	25	0	800	2	1	0.006	4.055945e-01	2.239897e-01	7.055190e-02	7.011257e-02	7.077629e-02
0	nM1166	25	0	800	2	1	0.010	7.100203e-02	1.777608e-01	6.896873e-01	6.892266e-01	6.893484e-01
0	nM110	33	0	800	2	1	0.005	2.688120e-01	2.506037e-01	2.837491e-01	2.829957e-01	2.834936e-01
0	nM159	33	0	800	2	1	0.101	5.193177e-03	5.863783e-02	9.294510e-01	9.293408e-01	9.293632e-01
0	nM166	33	0	800	2	1	0.406	-9.169943e-03	3.601478e-02	7.990852e-01	7.987774e-01	7.988470e-01
0	nM256	33	0	800	2	1	0.004	-2.292249e-01	2.892853e-01	4.283726e-01	4.276498e-01	4.279763e-01
0	nM445	33	0	800	2	1	0.018	-1.986917e-01	1.347164e-01	1.406369e-01	1.400162e-01	1.406803e-01
0	nM508	33	0	800	2	1	0.034	1.701061e-01	9.776719e-02	8.226042e-02	8.178183e-02	8.245674e-02
0	nM542	33	0	800	2	1	0.007	-1.702964e-01	2.049336e-01	4.062316e-01	4.054969e-01	4.058473e-01
0	nM558	33	0	800	2	1	0.020	-1.970382e-01	1.261555e-01	1.187155e-01	1.181394e-01	1.188166e-01
0	nM637	33	0	800	2	1	0.011	3.313677e-02	1.677130e-01	8.434239e-01	8.431819e-01	8.432341e-01
0	nM651	33	0	800	2	1	0.016	-1.159619e-01	1.398430e-01	4.072228e-01	4.064886e-01	4.068379e-01
0	nM714	33	0	800	2	1	0.009	7.630466e-02	1.899142e-01	6.879499e-01	6.874870e-01	6.876097e-01
0	nM762	33	0	800	2	1	0.081	-8.740596e-02	6.466809e-02	1.768835e-01	1.762065e-01	1.768367e-01
0	nM813	33	0	800	2	1	0.186	4.039845e-02	4.541383e-02	3.739688e-01	3.732210e-01	3.736077e-01
0	nM845	33	0	800	2	1	0.005	-3.947300e-01	2.503948e-01	1.153229e-01	1.147545e-01	1.154330e-01
0	nM861	33	0	800	2	1	0.064	5.662257e-02	7.237598e-02	4.342473e-01	4.335279e-01	4.338484e-01
0	nM1024	33	0	800	2	1	0.122	9.843633e-02	5.383908e-02	6.787118e-02	6.744151e-02	6.810162e-02
0	nM1070	33	0	800	2	1	0.166	-1.167947e-01	4.733121e-02	1.381082e-02	1.366305e-02	1.405315e-02
0	nM1119	33	0	800	2	1	0.004	3.953755e-01	2.890604e-01	1.717612e-01	1.710910e-01	1.717267e-01
0	cM27	40	0	800	2	1	0.004	2.583654e-01	2.892545e-01	3.720133e-01	3.712649e-01	3.716539e-01
0	cM6	50	0	800	2	1	0.069	-7.589082e-02	6.985646e-02	2.776379e-01	2.768861e-01	2.773918e-01
0	cM17	50	0	800	1	2	0.075	5.476258e-01	6.429885e-02	8.102583e-17	7.257783e-17	1.255780e-15
0	cM34	50	0	800	2	1	0.479	6.609557e-02	3.533209e-02	6.175316e-02	6.134657e-02	6.199668e-02
0	cM41	50	0	800	2	1	0.465	-3.011104e-02	3.544846e-02	3.958959e-01	3.951565e-01	3.955183e-01
0	cM46	50	0	800	1	2	0.106	4.502259e-02	5.737953e-02	4.328943e-01	4.321742e-01	4.324960e-01
0	cM49	50	0	800	2	1	0.004	3.795793e-01	2.890870e-01	1.895510e-01	1.888586e-01	1.894747e-01
0	cM55	50	0	800	2	1	0.007	-1.366200e-01	2.049652e-01	5.052509e-01	5.045843e-01	5.048365e-01
0	cM58	50	0	800	2	1	0.092	1.794094e-01	6.072117e-02	3.222371e-03	3.174650e-03	3.352263e-03
0	cM63	50	0	800	2	1	0.409	7.338764e-02	3.588786e-02	4.119076e-02	4.087441e-02	4.146662e-02
0	cM68	50	0	800	2	1	0.142	1.181944e-02	5.060083e-02	8.153695e-01	8.150856e-01	8.151487e-01
0	cM74	50	0	800	2	1	0.159	-1.030969e-01	4.826580e-02	3.298112e-02	3.270778e-02	3.326123e-02
0	nM38	50	0	800	2	1	0.025	6.165930e-02	1.132776e-01	5.863731e-01	5.857869e-01	5.859740e-01
0	nM56	50	0	800	2	1	0.046	5.238719e-02	8.420125e-02	5.340102e-01	5.333699e-01	5.335975e-01
0	nM74	50	0	800	2	1	0.056	1.667215e-01	7.654558e-02	2.969311e-02	2.943846e-02	2.997262e-02
0	nM79	50	0	800	2	1	0.136	-1.073041e-01	5.142248e-02	3.723074e-02	3.693453e-02	3.750954e-02
0	nM99	50	0	800	2	1	0.249	-4.656790e-02	4.088561e-02	2.550532e-01	2.543098e-01	2.548446e-01
0	nM118	50	0	800	2	1	0.025	-1.841021e-01	1.131110e-01	1.039996e-01	1.034589e-01	1.041397e-01
0	nM185	50	0	800	2	1	0.010	-1.149651e-01	1.777320e-01	5.179180e-01	5.172627e-01	5.175038e-01
0	nM299	50	0	800	2	1	0.045	1.387989e-01	8.518592e-02	1.036305e-01	1.030907e-01	1.037716e-01
0	nM312	50	0	800	2	1	0.046	4.466813e-03	8.422152e-02	9.577161e-01	9.576500e-01	9.576633e-01
0	nM328	50	0	800	2	1	0.028	1.464014e-01	1.080405e-01	1.757818e-01	1.751062e-01	1.757376e-01
0	nM367	50	0	800	2	1	0.035	1.350873e-02	9.624849e-02	8.884168e-01	8.882432e-01	8.882793e-01
0	nM371	50	0	800	2	1	0.092	-8.942291e-03	6.105159e-02	8.835865e-01	8.834055e-01	8.834433e-01
0	nM388	50	0	800	2	1	0.006	-2.122376e-01	2.243236e-01	3.443725e-01	3.436174e-01	3.440392e-01
0	nM407	50	0	800	2	1	0.010	4.426312e-01	1.770867e-01	1.263609e-02	1.249775e-02	1.287184e-02
0	nM410	50	0	800	2	1	0.029	-6.187124e-02	1.058326e-01	5.589725e-01	5.583571e-01	5.585646e-01
0	nM413	50	0	800	2	1	0.006	-3.198558e-03	2.244493e-01	9.886335e-01	9.886157e-01	9.886193e-01
0	nM434	50	0	800	2	1	0.009	-1.917146e-01	1.898121e-01	3.127904e-01	3.120332e-01	3.124940e-01
0	nM477	50	0	800	2	1	0.019	-1.307131e-01	1.303266e-01	3.161813e-01	3.154240e-01	3.158806e-01
0	nM481	50	0	800	2	1	0.045	3.098391e-02	8.532045e-02	7.165909e-01	7.161662e-01	7.162738e-01
0	nM491	50	0	800	2	1	0.004	3.021259e-01	2.892014e-01	2.964824e-01	2.957266e-01	2.962081e-01
0	nM530	50	0	800	2	1	0.102	-4.224643e-02	5.830086e-02	4.688927e-01	4.681968e-01	4.684826e-01
0	nM602	50	0	800	2	1	0.092	2.680124e-02	6.104503e-02	6.607510e-01	6.602530e-01	6.603913e-01
0	nM615	50	0	800	2	1	0.004	9.545047e-02	2.893794e-01	7.416033e-01	7.412131e-01	7.413083e-01
0	nM670	50	0	800	2	1	0.029	7.549023e-02	1.058215e-01	4.758236e-01	4.751329e-01	4.754120e-01
0	nM680	50	0	800	2	1	0.006	2.008485e-01	2.243367e-01	3.708970e-01	3.701483e-01	3.705386e-01
0	nM686	50	0	800	2	1	0.028	-3.722242e-02	1.081567e-01	7.308222e-01	7.304171e-01	7.305175e-01
0	nM689	50	0	800	2	1	0.025	-2.141587e-01	1.130447e-01	5.852524e-02	5.813145e-02	5.877518e-02
0	nM702	50	0	800	2	1	0.122	2.765435e-03	5.395164e-02	9.591330e-01	9.590691e-01	9.590820e-01
0	nM708	50	0	800	2	1	0.041	7.954448e-04	8.894720e-02	9.928669e-01	9.928558e-01	9.928580e-01
0	nM718	50	0	800	2	1	0.009	1.933715e-01	1.898100e-01	3.086241e-01	3.078671e-01	3.083332e-01
0	nM724	50	0	800	2	1	0.010	7.051127e-02	1.777610e-01	6.917218e-01	6.912639e-01	6.913845e-01
0	nM731	50	0	800	2	1	0.064	-2.860134e-02	7.239665e-02	6.929010e-01	6.924446e-01	6.925646e-01
0	nM757	50	0	800	2	1	0.030	6.895514e-02	1.036645e-01	5.061301e-01	5.054643e-01	5.057157e-01
0	nM769	50	0	800	2	1	0.041	8.896874e-02	8.889143e-02	3.171932e-01	3.164359e-01	3.168913e-01
0	nM782	50	0	800	2	1	0.004	-1.308085e-02	2.893987e-01	9.639591e-01	9.639027e-01	9.639141e-01
0	nM854	50	0	800	2	1	0.005	-2.209673e-01	2.506623e-01	3.782944e-01	3.775481e-01	3.779298e-01
0	nM893	50	0	800	2	1	0.005	-2.618893e-01	2.506129e-01	2.963417e-01	2.955859e-01	2.960676e-01
0	nM912	50	0	800	2	1	0.034	1.831158e-01	9.773773e-02	6.135880e-02	6.095376e-02	6.160313e-02
0	nM959	50	0	800	2	1	0.139	-4.782005e-02	5.114204e-02	3.500486e-01	3.492946e-01	3.497095e-01
0	nM969	50	0	800	2	1	0.141	-7.050633e-03	5.078835e-02	8.896244e-01	8.894526e-01	8.894884e-01
0	nM995	50	0	800	2	1	0.020	-1.341114e-01	1.262589e-01	2.884692e-01	2.877148e-01	2.882065e-01
0	nM1008	50	0	800	2	1	0.010	5.739788e-02	1.777669e-01	7.468686e-01	7.464858e-01	7.465785e-01
0	nM1093	50	0	800	2	1	0.022	5.652835e-03	1.192743e-01	9.622114e-01	9.621523e-01	9.621642e-01
0	nM1131	50	0	800	2	1	0.121	-4.019375e-02	5.417185e-02	4.583254e-01	4.576219e-01	4.579179e-01
0	nM1135	50	0	800	2	1	0.071	1.066242e-01	6.865938e-02	1.208329e-01	1.202521e-01	1.209284e-01
0	nM1140	50	0	800	2	1	0.013	1.475958e-01	1.591254e-01	3.539246e-01	3.531714e-01	3.535817e-01
0	nM1149	50	0	800	2	1	0.005	2.407265e-02	2.507829e-01	9.235526e-01	9.234333e-01	9.234576e-01
0	nM1157	50	0	800	2	1	0.018	1.740225e-01	1.347592e-01	1.969530e-01	1.962526e-01	1.968600e-01
0	nM1167	50	0	800	2	1	0.071	-6.111042e-02	6.872901e-02	3.741903e-01	3.734426e-01	3.738290e-01
0	nM1200	50	0	800	2	1	0.036	3.432939e-02	9.462915e-02	7.168667e-01	7.164424e-01	7.165498e-01
0	nM1210	50	0	800	2	1	0.055	-3.862619e-03	7.758880e-02	9.603076e-01	9.602455e-01	9.602580e-01
0	nM1217	50	0	800	2	1	0.089	-1.087315e-02	6.219933e-02	8.612722e-01	8.610571e-01	8.611028e-01
0	nM1220	50	0	800	2	1	0.007	-1.035931e-01	2.049895e-01	6.134469e-01	6.128914e-01	6.130595e-01
0	nM111	67	0	800	2	1	0.075	6.226157e-02	6.712147e-02	3.538979e-01	3.531447e-01	3.535550e-01
0	nM115	67	0	800	2	1	0.011	1.702822e-01	1.676088e-01	3.099609e-01	3.092039e-01	3.096683e-01
0	nM149	67	0	800	2	1	0.279	2.935139e-02	3.943628e-02	4.569300e-01	4.562254e-01	4.565229e-01
0	nM167	67	0	800	2	1	0.026	-3.357432e-02	1.106327e-01	7.616066e-01	7.612446e-01	7.613305e-01
0	nM217	67	0	800	2	1	0.033	-7.344743e-02	9.971999e-02	4.616206e-01	4.609194e-01	4.612122e-01
0	nM257	67	0	800	2	1	0.098	-5.809744e-02	5.959538e-02	3.299227e-01	3.291659e-01	3.296054e-01
0	nM295	67	0	800	2	1	0.004	-1.538635e-01	2.893478e-01	5.950405e-01	5.944640e-01	5.946448e-01
0	nM385	67	0	800	2	1	0.054	-4.498783e-02	7.841791e-02	5.663370e-01	5.657293e-01	5.659312e-01
0	nM446	67	0	800	2	1	0.056	5.665659e-02	7.674657e-02	4.605919e-01	4.598900e-01	4.601838e-01
0	nM509	67	0	800	2	1	0.006	-1.638539e-01	2.243744e-01	4.654394e-01	4.647409e-01	4.650300e-01
0	nM559	67	0	800	2	1	0.004	3.531043e-01	2.891290e-01	2.223448e-01	2.216215e-01	2.221980e-01
0	nM610	67	0	800	2	1	0.004	9.913412e-02	2.893778e-01	7.320071e-01	7.316036e-01	7.317034e-01
0	nM715	67	0	800	2	1	0.040	-2.483235e-01	8.983844e-02	5.839373e-03	5.762754e-03	6.013465e-03
0	nM739	67	0	800	2	1	0.045	5.218235e-02	8.530750e-02	5.409124e-01	5.402789e-01	5.405008e-01
0	nM814	67	0	800	2	1	0.007	2.069964e-01	2.048913e-01	3.126702e-01	3.119130e-01	3.123740e-01
0	nM846	67	0	800	2	1	0.177	4.635440e-03	4.629426e-02	9.202663e-01	9.201419e-01	9.201673e-01
0	nM878	67	0	800	2	1	0.031	1.205777e-01	1.015741e-01	2.355448e-01	2.348122e-01	2.353720e-01
0	nM1025	67	0	800	2	1	0.018	-9.251692e-02	1.348601e-01	4.928990e-01	4.922220e-01	4.924852e-01
0	nM1047	67	0	800	2	1	0.044	-3.007115e-01	8.582364e-02	4.841546e-04	4.743522e-04	5.256334e-04
0	nM1071	67	0	800	2	1	0.122	5.966920e-02	5.391036e-02	2.687043e-01	2.679553e-01	2.684725e-01
0	nM1120	67	0	800	2	1	0.034	1.674047e-01	9.777303e-02	8.725263e-02	8.675862e-02	8.743638e-02
0	cM83	75	0	800	1	2	0.443	4.218343e-03	3.561345e-02	9.057425e-01	9.055956e-01	9.056258e-01
0	nM482	75	0	800	2	1	0.007	-5.773541e-02	2.050121e-01	7.783083e-01	7.779702e-01	7.780487e-01
0	nM900	75	0	800	2	1	0.005	2.708793e-01	2.506010e-01	2.800597e-01	2.793073e-01	2.798099e-01
0	nM1168	75	0	800	2	1	0.004	-5.873753e-01	2.886512e-01	4.219133e-02	4.187005e-02	4.246622e-02
0	cM29	80	0	800	2	1	0.011	-1.797484e-01	1.675964e-01	2.838163e-01	2.830629e-01	2.835607e-01
0	cM7	100	0	800	2	1	0.004	-8.978317e-01	2.876485e-01	1.865545e-03	1.835007e-03	1.961589e-03
0	cM12	100	0	800	2	1	0.335	-5.381603e-02	3.742846e-02	1.508722e-01	1.502336e-01	1.508894e-01
0	cM18	100	0	800	2	1	0.005	5.053609e-02	2.507780e-01	8.403455e-01	8.400988e-01	8.401523e-01
0	cM20	100	0	800	2	1	0.134	-4.512890e-01	4.945062e-02	5.698660e-19	5.027026e-19	1.956304e-17
0	cM22	100	0	800	2	1	0.019	-3.622677e-01	1.297766e-01	5.372256e-03	5.300497e-03	5.539783e-03
0	cM35	100	0	800	2	1	0.329	-2.350684e-01	3.672397e-02	2.632120e-10	2.468883e-10	6.656261e-10
0	cM39	100	0	800	2	1	0.239	-2.557159e-02	4.148186e-02	5.377718e-01	5.371352e-01	5.373596e-01
0	cM42	100	0	800	2	1	0.016	-4.473443e-01	1.390042e-01	1.342039e-03	1.318804e-03	1.421146e-03
0	cM47	100	0	800	2	1	0.004	-4.332266e-02	2.893950e-01	8.810385e-01	8.808536e-01	8.808923e-01
0	cM50	100	0	800	2	1	0.004	-5.707031e-01	2.886931e-01	4.840236e-02	4.805185e-02	4.866958e-02
0	cM59	100	0	800	1	2	0.338	5.638303e-01	3.163857e-02	4.650417e-60	3.061760e-60	1.862420e-45
0	cM64	100	0	800	2	1	0.430	-2.063918e-01	3.497438e-02	5.330770e-09	5.046329e-09	1.048417e-08
0	cM69	100	0	800	2	1	0.005	-3.139856e-01	2.505379e-01	2.104832e-01	2.097698e-01	2.103609e-01
0	cM72	100	0	800	2	1	0.395	-7.388478e-02	3.608970e-02	4.096011e-02	4.064491e-02	4.123619e-02
0	cM75	100	0	800	2	1	0.080	-4.642030e-01	6.309686e-02	4.676952e-13	4.302523e-13	2.274799e-12
0	cM77	100	0	800	2	1	0.223	-2.382416e-01	4.168406e-02	1.545644e-08	1.467925e-08	2.807177e-08
0	cM79	100	0	800	2	1	0.030	-1.568742e-01	1.035444e-01	1.301576e-01	1.295571e-01	1.302284e-01
0	cM84	100	0	800	2	1	0.391	-4.135925e-02	3.621560e-02	2.537847e-01	2.530419e-01	2.535783e-01
0	nM5	100	0	800	2	1	0.011	-5.302955e-02	1.677066e-01	7.519302e-01	7.515545e-01	7.516448e-01
0	nM8	100	0	800	2	1	0.006	3.625317e-01	2.240822e-01	1.060898e-01	1.055438e-01	1.062244e-01
0	nM12	100	0	800	2	1	0.019	1.164458e-02	1.304080e-01	9.288711e-01	9.287600e-01	9.287826e-01
0	nM15	100	0	800	2	1	0.069	-1.078032e-01	6.980386e-02	1.228943e-01	1.223090e-01	1.229843e-01
0	nM21	100	0	800	2	1	0.154	-7.271156e-03	4.903815e-02	8.821628e-01	8.819796e-01	8.820179e-01
0	nM29	100	0	800	2	1	0.020	-8.450778e-02	1.263127e-01	5.036660e-01	5.029980e-01	5.032516e-01
0	nM33	100	0	800	2	1	0.077	-2.036501e-01	6.576106e-02	2.024540e-03	1.991873e-03	2.125192e-03
0	nM39	100	0	800	2	1	0.004	-8.649700e-02	2.893829e-01	7.650930e-01	7.647359e-01	7.648203e-01
0	nM41	100	0	800	2	1	0.009	-8.720494e-02	1.899083e-01	6.462192e-01	6.457031e-01	6.458501e-01
0	nM44	100	0	800	2	1	0.016	3.321840e-01	1.394082e-01	1.741400e-02	1.723894e-02	1.767197e-02
0	nM50	100	0	800	2	1	0.064	-2.415786e-02	7.239868e-02	7.387101e-01	7.383159e-01	7.384124e-01
0	nM57	100	0	800	2	1	0.011	-1.624046e-01	1.676186e-01	3.328918e-01	3.321353e-01	3.325711e-01
0	nM61	100	0	800	2	1	0.010	-1.494233e-02	1.777778e-01	9.330373e-01	9.329327e-01	9.329539e-01
0	nM63	100	0	800	2	1	0.022	6.379421e-02	1.192530e-01	5.928347e-01	5.922556e-01	5.924380e-01
0	nM70	100	0	800	2	1	0.087	-4.153664e-02	6.258304e-02	5.070712e-01	5.064062e-01	5.066568e-01
0	nM72	100	0	800	2	1	0.004	-5.154810e-01	2.888232e-01	7.467953e-02	7.422583e-02	7.489430e-02
0	nM77	100	0	800	2	1	0.004	-2.063327e-01	2.893069e-01	4.759326e-01	4.752420e-01	4.755210e-01
0	nM80	100	0	800	2	1	0.022	-4.112585e-02	1.192655e-01	7.303161e-01	7.299103e-01	7.300109e-01
0	nM84	100	0	800	2	1	0.066	2.547359e-02	7.111379e-02	7.202818e-01	7.198622e-01	7.199678e-01
0	nM92	100	0	800	2	1	0.007	-1.096710e-01	2.049855e-01	5.927863e-01	5.922072e-01	5.923896e-01
0	nM97	100	0	800	2	1	0.018	-8.280974e-02	1.348681e-01	5.393866e-01	5.387516e-01	5.389747e-01
0	nM100	100	0	800	2	1	0.264	2.693211e-02	4.012967e-02	5.023337e-01	5.016646e-01	5.019194e-01
0	nM104	100	0	800	2	1	0.055	-1.186216e-01	7.747521e-02	1.261433e-01	1.255511e-01	1.262247e-01
0	nM112	100	0	800	2	1	0.007	8.408151e-02	2.050007e-01	6.818043e-01	6.813333e-01	6.814594e-01
0	nM116	100	0	800	2	1	0.033	-7.429337e-02	9.971921e-02	4.564755e-01	4.557707e-01	4.560686e-01
0	nM119	100	0	800	2	1	0.004	1.463154e-01	2.893527e-01	6.132319e-01	6.126762e-01	6.128444e-01
0	nM127	100	0	800	2	1	0.043	1.361424e-01	8.755403e-02	1.203538e-01	1.197740e-01	1.204505e-01
0	nM141	100	0	800	2	1	0.029	-2.120927e-03	1.058553e-01	9.840196e-01	9.839946e-01	9.839996e-01
0	nM146	100	0	800	2	1	0.015	-8.525456e-02	1.454922e-01	5.580591e-01	5.574428e-01	5.576511e-01
0	nM150	100	0	800	2	1	0.007	-8.573859e-02	2.049998e-01	6.758861e-01	6.754075e-01	6.755369e-01
0	nM152	100	0	800	2	1	0.024	7.197600e-02	1.161396e-01	5.356077e-01	5.349690e-01	5.351953e-01
0	nM155	100	0	800	2	1	0.016	3.555511e-02	1.398976e-01	7.994444e-01	7.991371e-01	7.992066e-01
0	nM157	100	0	800	2	1	0.029	-9.310907e-02	1.058040e-01	3.791161e-01	3.783701e-01	3.787508e-01
0	nM161	100	0	800	2	1	0.044	-1.456352e-01	8.632750e-02	9.199263e-02	9.148466e-02	9.216422e-02
0	nM164	100	0	800	2	1	0.025	-1.925424e-02	1.132966e-01	8.650961e-01	8.648868e-01	8.649312e-01
0	nM168	100	0	800	2	1	0.068	8.827399e-03	7.050443e-02	9.003940e-01	9.002388e-01	9.002709e-01
0	nM170	100	0	800	2	1	0.040	-8.131235e-02	9.022158e-02	3.677265e-01	3.669768e-01	3.673707e-01
0	nM178	100	0	800	2	1	0.163	-1.667208e-02	4.794518e-02	7.281331e-01	7.277243e-01	7.278260e-01
0	nM188	100	0	800	2	1	0.005	-2.606636e-02	2.507826e-01	9.172430e-01	9.171139e-01	9.171403e-01
0	nM193	100	0	800	2	1	0.036	-8.317461e-02	9.459114e-02	3.794998e-01	3.787539e-01	3.791342e-01
0	nM196	100	0	800	2	1	0.050	-2.181933e-02	8.115784e-02	7.881141e-01	7.877903e-01	7.878645e-01
0	nM204	100	0	800	2	1	0.004	-5.956823e-02	2.893914e-01	8.369687e-01	8.367169e-01	8.367716e-01
0	nM218	100	0	800	2	1	0.005	6.646512e-01	2.496782e-01	7.923361e-03	7.826229e-03	8.122043e-03
0	nM220	100	0	800	2	1	0.051	8.323762e-03	8.021788e-02	9.173824e-01	9.172535e-01	9.172798e-01
0	nM226	100	0	800	2	1	0.005	1.492456e-01	2.507287e-01	5.518468e-01	5.512241e-01	5.514372e-01
0	nM235	100	0	800	2	1	0.010	-1.585610e-01	1.776899e-01	3.724763e-01	3.717281e-01	3.721165e-01
0	nM238	100	0	800	2	1	0.007	-1.276162e-01	2.049725e-01	5.337243e-01	5.330838e-01	5.333116e-01
0	nM258	100	0	800	2	1	0.004	3.976392e-01	2.890566e-01	1.693176e-01	1.686508e-01	1.692889e-01
0	nM265	100	0	800	2	1	0.005	-8.512326e-01	2.489674e-01	6.602763e-04	6.474986e-04	7.110804e-04
0	nM270	100	0	800	2	1	0.004	-1.312908e-01	2.893618e-01	6.501498e-01	6.496385e-01	6.497831e-01
0	nM273	100	0	800	2	1	0.014	7.312786e-02	1.518760e-01	6.302951e-01	6.297596e-01	6.299166e-01
0	nM277	100	0	800	2	1	0.051	4.290746e-02	8.020404e-02	5.928136e-01	5.922346e-01	5.924170e-01
0	nM283	100	0	800	2	1	0.011	3.378316e-02	1.677129e-01	8.404102e-01	8.401636e-01	8.402170e-01
0	nM287	100	0	800	2	1	0.006	-4.042119e-01	2.239928e-01	7.151804e-02	7.107529e-02	7.174021e-02
0	nM290	100	0	800	2	1	0.014	3.354718e-01	1.514331e-01	2.702016e-02	2.678142e-02	2.729791e-02
0	nM296	100	0	800	2	1	0.129	7.860660e-02	5.274100e-02	1.365072e-01	1.358942e-01	1.365613e-01
0	nM300	100	0	800	2	1	0.091	1.080183e-01	6.130773e-02	7.846858e-02	7.800221e-02	7.867424e-02
0	nM302	100	0	800	2	1	0.024	-7.583300e-02	1.161365e-01	5.139672e-01	5.133083e-01	5.135529e-01
0	nM315	100	0	800	2	1	0.006	-4.888173e-01	2.237813e-01	2.922674e-02	2.897481e-02	2.950603e-02
0	nM317	100	0	800	2	1	0.037	-5.575858e-02	9.308578e-02	5.493415e-01	5.487163e-01	5.489314e-01
0	nM331	100	0	800	2	1	0.006	-7.074673e-02	2.244354e-01	7.526763e-01	7.523017e-01	7.523917e-01
0	nM333	100	0	800	2	1	0.007	-1.772245e-02	2.050213e-01	9.311367e-01	9.310292e-01	9.310510e-01
0	nM336	100	0	800	2	1	0.007	-2.702976e-01	2.047989e-01	1.872737e-01	1.865840e-01	1.872026e-01
0	nM344	100	0	800	2	1	0.010	1.978102e-02	1.777772e-01	9.114313e-01	9.112932e-01	9.113215e-01
0	nM364	100	0	800	2	1	0.013	2.284974e-01	1.590055e-01	1.510984e-01	1.504593e-01	1.511150e-01
0	nM369	100	0	800	2	1	0.018	1.810032e-01	1.347477e-01	1.795648e-01	1.788844e-01	1.795116e-01
0	nM372	100	0	800	2	1	0.005	1.595576e-01	2.507207e-01	5.247009e-01	5.240519e-01	5.242872e-01
0	nM375	100	0	800	2	1	0.015	-3.197299e-01	1.450827e-01	2.782493e-02	2.758133e-02	2.810334e-02
0	nM389	100	0	800	2	1	0.041	8.085370e-02	8.890114e-02	3.633721e-01	3.626212e-01	3.630203e-01
0	nM395	100	0	800	2	1	0.016	-7.025458e-03	1.399031e-01	9.599623e-01	9.598997e-01	9.599123e-01
0	nM397	100	0	800	2	1	0.005	1.091444e-01	2.507546e-01	6.634886e-01	6.629941e-01	6.631307e-01
0	nM399	100	0	800	2	1	0.011	-4.259536e-01	1.670379e-01	1.095684e-02	1.083251e-02	1.118160e-02
0	nM417	100	0	800	2	1	0.005	1.178848e-01	2.507496e-01	6.383908e-01	6.378651e-01	6.380170e-01
0	nM419	100	0	800	2	1	0.058	-3.677889e-02	7.597288e-02	6.284438e-01	6.279061e-01	6.280643e-01
0	nM435	100	0	800	2	1	0.055	1.633520e-01	7.737314e-02	3.506354e-02	3.477882e-02	3.534328e-02
0	nM440	100	0	800	2	1	0.004	3.974892e-02	2.893957e-01	8.907876e-01	8.906177e-01	8.906530e-01
0	nM442	100	0	800	2	1	0.014	-4.332994e-02	1.518903e-01	7.755103e-01	7.751682e-01	7.752479e-01
0	nM447	100	0	800	2	1	0.052	1.234037e-01	7.918956e-02	1.195509e-01	1.189729e-01	1.196497e-01
0	nM449	100	0	800	2	1	0.005	4.300176e-01	2.503219e-01	8.621038e-02	8.571953e-02	8.639677e-02
0	nM454	100	0	800	2	1	0.119	8.794291e-03	5.467938e-02	8.722650e-01	8.720667e-01	8.721085e-01
0	nM466	100	0	800	2	1	0.028	5.543240e-02	1.081470e-01	6.083972e-01	6.078358e-01	6.080074e-01
0	nM468	100	0	800	2	1	0.005	1.333334e-01	2.507399e-01	5.950403e-01	5.944637e-01	5.946445e-01
0	nM471	100	0	800	2	1	0.068	8.601154e-02	7.043935e-02	2.224193e-01	2.216959e-01	2.222723e-01
0	nM473	100	0	800	2	1	0.007	3.552317e-01	2.046363e-01	8.296441e-02	8.248360e-02	8.315898e-02
0	nM478	100	0	800	2	1	0.022	7.992527e-02	1.192409e-01	5.028705e-01	5.022019e-01	5.024562e-01
0	nM483	100	0	800	2	1	0.011	1.284803e-01	1.676555e-01	4.437035e-01	4.429901e-01	4.433008e-01
0	nM488	100	0	800	2	1	0.007	-8.448557e-02	2.050005e-01	6.803594e-01	6.798866e-01	6.800135e-01
0	nM492	100	0	800	2	1	0.011	1.760094e-01	1.676014e-01	2.939593e-01	2.932039e-01	2.936886e-01
0	nM510	100	0	800	2	1	0.228	5.949393e-02	4.214202e-02	1.584139e-01	1.577631e-01	1.584121e-01
0	nM520	100	0	800	2	1	0.020	1.427485e-01	1.262471e-01	2.585180e-01	2.577731e-01	2.583034e-01
0	nM523	100	0	800	2	1	0.006	-3.683873e-01	2.240702e-01	1.005554e-01	1.000237e-01	1.007046e-01
0	nM531	100	0	800	2	1	0.030	-1.385735e-01	1.035771e-01	1.813177e-01	1.806351e-01	1.812604e-01
0	nM538	100	0	800	2	1	0.100	8.846374e-03	5.896164e-02	8.807741e-01	8.805887e-01	8.806275e-01
0	nM544	100	0	800	2	1	0.039	-1.121365e-01	9.156620e-02	2.210686e-01	2.203462e-01	2.209243e-01
0	nM548	100	0	800	2	1	0.004	4.185636e-01	2.890195e-01	1.479485e-01	1.473148e-01	1.479732e-01
0	nM567	100	0	800	2	1	0.019	-7.597996e-03	1.304084e-01	9.535537e-01	9.534810e-01	9.534957e-01
0	nM572	100	0	800	2	1	0.004	-1.123008e-01	2.893718e-01	6.980569e-01	6.976073e-01	6.977245e-01
0	nM575	100	0	800	2	1	0.005	1.879822e-01	2.506960e-01	4.535715e-01	4.528646e-01	4.531654e-01
0	nM588	100	0	800	2	1	0.166	3.785794e-02	4.749254e-02	4.256100e-01	4.248856e-01	4.252150e-01
0	nM594	100	0	800	2	1	0.083	-7.134581e-02	6.424386e-02	2.670980e-01	2.663496e-01	2.668689e-01
0	nM611	100	0	800	2	1	0.029	-7.292478e-02	1.058238e-01	4.909512e-01	4.902725e-01	4.905375e-01
0	nM616	100	0	800	2	1	0.007	-3.520944e-01	2.046431e-01	8.572391e-02	8.523454e-02	8.591153e-02
0	nM618	100	0	800	2	1	0.022	-8.803318e-02	1.192337e-01	4.605343e-01	4.598323e-01	4.601262e-01
0	nM626	100	0	800	2	1	0.095	-9.989481e-02	6.022315e-02	9.756027e-02	9.703667e-02	9.771735e-02
0	nM634	100	0	800	2	1	0.013	6.950193e-02	1.591921e-01	6.625257e-01	6.620300e-01	6.621672e-01
0	nM642	100	0	800	2	1	0.007	3.096819e-02	2.050194e-01	8.799744e-01	8.797878e-01	8.798269e-01
0	nM647	100	0	800	2	1	0.025	2.795272e-01	1.128657e-01	1.346896e-02	1.332391e-02	1.370946e-02
0	nM653	100	0	800	2	1	0.007	4.387887e-02	2.050164e-01	8.305813e-01	8.303200e-01	8.303772e-01
0	nM659	100	0	800	2	1	0.006	-1.312057e-02	2.244489e-01	9.533994e-01	9.533265e-01	9.533412e-01
0	nM668	100	0	800	2	1	0.019	-2.226619e-01	1.301703e-01	8.755403e-02	8.705912e-02	8.773701e-02
0	nM671	100	0	800	2	1	0.024	-1.167985e-01	1.160939e-01	3.146872e-01	3.139299e-01	3.143884e-01
0	nM673	100	0	800	2	1	0.010	2.510339e-01	1.775563e-01	1.578028e-01	1.571529e-01	1.578025e-01
0	nM677	100	0	800	2	1	0.060	-2.612562e-01	7.390664e-02	4.313430e-04	4.224662e-04	4.697581e-04
0	nM687	100	0	800	2	1	0.016	-4.727402e-01	1.388988e-01	6.984906e-04	6.850865e-04	7.511689e-04
0	nM690	100	0	800	2	1	0.129	5.108465e-02	5.278338e-02	3.334290e-01	3.326725e-01	3.331077e-01
0	nM698	100	0	800	2	1	0.013	3.430593e-01	1.587473e-01	3.098908e-02	3.072695e-02	3.126902e-02
0	nM703	100	0	800	2	1	0.091	1.356944e-01	6.123876e-02	2.698487e-02	2.674634e-02	2.726258e-02
0	nM706	100	0	800	2	1	0.007	-5.775597e-02	2.050121e-01	7.782314e-01	7.778932e-01	7.779717e-01
0	nM709	100	0	800	2	1	0.004	-8.018700e-02	2.893852e-01	7.817794e-01	7.814463e-01	7.815233e-01
0	nM721	100	0	800	2	1	0.044	-9.162925e-02	8.642045e-02	2.893413e-01	2.885867e-01	2.890774e-01
0	nM725	100	0	800	2	1	0.052	-2.793391e-02	7.930379e-02	7.247518e-01	7.243383e-01	7.244417e-01
0	nM727	100	0	800	2	1	0.005	3.982139e-01	2.503878e-01	1.121434e-01	1.115825e-01	1.122619e-01
0	nM734	100	0	800	2	1	0.005	1.656278e-01	2.507158e-01	5.090469e-01	5.083836e-01	5.086325e-01
0	nM740	100	0	800	2	1	0.018	2.331670e-01	1.346472e-01	8.371545e-02	8.323229e-02	8.390813e-02
0	nM743	100	0	800	2	1	0.015	5.560144e-02	1.455102e-01	7.024788e-01	7.020351e-01	7.021500e-01
0	nM753	100	0	800	2	1	0.016	1.517812e-01	1.398001e-01	2.779386e-01	2.771868e-01	2.776920e-01
0	nM755	100	0	800	2	1	0.044	-3.868800e-02	8.647046e-02	6.546984e-01	6.541928e-01	6.543347e-01
0	nM758	100	0	800	2	1	0.068	1.400298e-01	7.033065e-02	4.681925e-02	4.647598e-02	4.708867e-02
0	nM773	100	0	800	2	1	0.011	1.195440e-01	1.676637e-01	4.760551e-01	4.753646e-01	4.756435e-01
0	nM800	100	0	800	2	1	0.005	1.381775e-01	2.507366e-01	5.817287e-01	5.811374e-01	5.813278e-01
0	nM809	100	0	800	2	1	0.004	-3.102769e-03	2.893991e-01	9.914484e-01	9.914350e-01	9.914377e-01
0	nM815	100	0	800	2	1	0.004	-7.350896e-02	2.893874e-01	7.995488e-01	7.992416e-01	7.993111e-01
0	nM819	100	0	800	2	1	0.004	2.747632e-01	2.892356e-01	3.424185e-01	3.416631e-01	3.420873e-01
0	nM832	100	0	800	2	1	0.019	1.858603e-01	1.302426e-01	1.539621e-01	1.533183e-01	1.539714e-01
0	nM843	100	0	800	2	1	0.024	-6.068390e-03	1.161673e-01	9.583518e-01	9.582867e-01	9.582998e-01
0	nM847	100	0	800	2	1	0.096	-4.252312e-02	5.995641e-02	4.783864e-01	4.776977e-01	4.779745e-01
0	nM849	100	0	800	2	1	0.020	1.867376e-01	1.261751e-01	1.392712e-01	1.386530e-01	1.393182e-01
0	nM852	100	0	800	2	1	0.020	4.013873e-03	1.263481e-01	9.746647e-01	9.746251e-01	9.746330e-01
0	nM855	100	0	800	2	1	0.006	1.448756e-01	2.243908e-01	5.186983e-01	5.180437e-01	5.182842e-01
0	nM858	100	0	800	2	1	0.004	2.474411e-01	2.892665e-01	3.925816e-01	3.918408e-01	3.922063e-01
0	nM874	100	0	800	2	1	0.033	-3.860085e-02	9.974452e-02	6.988615e-01	6.984130e-01	6.985297e-01
0	nM886	100	0	800	2	1	0.477	-4.573414e-02	3.537633e-02	1.964581e-01	1.957582e-01	1.963663e-01
0	nM891	100	0	800	2	1	0.004	6.840250e-03	2.893990e-01	9.811488e-01	9.811193e-01	9.811252e-01
0	nM901	100	0	800	2	1	0.079	-3.456409e-02	6.566101e-02	5.987552e-01	5.981828e-01	5.983610e-01
0	nM908	100	0	800	2	1	0.010	2.647010e-01	1.775314e-01	1.363542e-01	1.357415e-01	1.364088e-01
0	nM913	100	0	800	2	1	0.029	5.558078e-02	1.058370e-01	5.996216e-01	5.990502e-01	5.992278e-01
0	nM928	100	0	800	2	1	0.005	-2.154357e-01	2.506684e-01	3.903532e-01	3.896114e-01	3.899794e-01
0	nM931	100	0	800	2	1	0.051	-1.284558e-01	8.008944e-02	1.091309e-01	1.085773e-01	1.092574e-01
0	nM936	100	0	800	2	1	0.014	-1.451239e-01	1.518111e-01	3.393867e-01	3.386309e-01	3.390588e-01
0	nM940	100	0	800	2	1	0.101	3.748606e-02	5.862310e-02	5.227191e-01	5.220682e-01	5.223052e-01
0	nM945	100	0	800	2	1	0.018	1.244623e-02	1.348992e-01	9.265121e-01	9.263973e-01	9.264207e-01
0	nM951	100	0	800	2	1	0.250	-7.527070e-02	4.076341e-02	6.518596e-02	6.476624e-02	6.542228e-02
0	nM954	100	0	800	2	1	0.006	1.927057e-02	2.244483e-01	9.316012e-01	9.314944e-01	9.315161e-01
0	nM960	100	0	800	2	1	0.021	-1.975314e-01	1.224545e-01	1.071180e-01	1.065694e-01	1.072498e-01
0	nM964	100	0	800	2	1	0.030	6.089178e-02	1.036708e-01	5.571302e-01	5.565129e-01	5.567219e-01
0	nM975	100	0	800	2	1	0.005	-4.840044e-01	2.501984e-01	5.340702e-02	5.303448e-02	5.366631e-02
0	nM988	100	0	800	2	1	0.129	1.449671e-02	5.281186e-02	7.837735e-01	7.834433e-01	7.835194e-01
0	nM996	100	0	800	2	1	0.004	1.623378e-01	2.893420e-01	5.749152e-01	5.743165e-01	5.745120e-01
0	nM999	100	0	800	2	1	0.415	6.311325e-02	3.583046e-02	7.854665e-02	7.808002e-02	7.875211e-02
0	nM1009	100	0	800	2	1	0.029	9.018025e-03	1.058548e-01	9.321298e-01	9.320238e-01	9.320453e-01
0	nM1022	100	0	800	2	1	0.020	9.272572e-02	1.263055e-01	4.630801e-01	4.623799e-01	4.626713e-01
0	nM1036	100	0	800	2	1	0.004	-3.621296e-01	2.891150e-01	2.107382e-01	2.100245e-01	2.106154e-01
0	nM1048	100	0	800	2	1	0.011	-1.304997e-01	1.676535e-01	4.365702e-01	4.358523e-01	4.361704e-01
0	nM1051	100	0	800	2	1	0.006	-2.484983e-01	2.242769e-01	2.681967e-01	2.674479e-01	2.679657e-01
0	nM1065	100	0	800	2	1	0.083	1.518362e-01	6.406842e-02	1.802946e-02	1.784996e-02	1.828955e-02
0	nM1072	100	0	800	2	1	0.165	2.229824e-02	4.764882e-02	6.399335e-01	6.394096e-01	6.395606e-01
0	nM1074	100	0	800	2	1	0.028	2.636793e-02	1.081607e-01	8.074602e-01	8.071647e-01	8.072309e-01
0	nM1076	100	0	800	2	1	0.033	-3.106197e-01	9.914600e-02	1.793798e-03	1.764232e-03	1.887690e-03
0	nM1082	100	0	800	2	1	0.018	-2.083405e-01	1.346982e-01	1.223269e-01	1.217428e-01	1.224184e-01
0	nM1094	100	0	800	2	1	0.086	5.884802e-03	6.300882e-02	9.256120e-01	9.254959e-01	9.255195e-01
0	nM1101	100	0	800	2	1	0.010	-8.744711e-02	1.777516e-01	6.228812e-01	6.223368e-01	6.224987e-01
0	nM1104	100	0	800	2	1	0.010	1.180338e-01	1.777294e-01	5.068049e-01	5.061397e-01	5.063905e-01
0	nM1106	100	0	800	2	1	0.357	-2.589785e-02	3.689677e-02	4.829461e-01	4.822610e-01	4.825334e-01
0	nM1117	100	0	800	2	1	0.005	-1.788077e-01	2.507045e-01	4.759175e-01	4.752269e-01	4.755060e-01
0	nM1124	100	0	800	2	1	0.064	-9.564340e-02	7.232453e-02	1.864072e-01	1.857185e-01	1.863382e-01
0	nM1128	100	0	800	2	1	0.004	2.110331e-01	2.893027e-01	4.659378e-01	4.652397e-01	4.655284e-01
0	nM1132	100	0	800	2	1	0.010	-3.840502e-01	1.772580e-01	3.055934e-02	3.029968e-02	3.083917e-02
0	nM1136	100	0	800	2	1	0.149	2.069227e-04	4.970956e-02	9.966797e-01	9.966745e-01	9.966756e-01
0	nM1141	100	0	800	2	1	0.015	2.369711e-01	1.452815e-01	1.032603e-01	1.027216e-01	1.034024e-01
0	nM1145	100	0	800	2	1	0.102	1.166456e-02	5.831858e-02	8.415202e-01	8.412753e-01	8.413283e-01
0	nM1147	100	0	800	2	1	0.009	-2.130253e-01	1.897836e-01	2.620028e-01	2.612564e-01	2.617822e-01
0	nM1158	100	0	800	2	1	0.009	-1.158858e-01	1.898891e-01	5.418490e-01	5.412164e-01	5.414375e-01
0	nM1202	100	0	800	2	1	0.020	1.649151e-01	1.262132e-01	1.917119e-01	1.910172e-01	1.916307e-01
0	nM1205	100	0	800	2	1	0.005	4.199998e-01	2.503432e-01	9.379809e-02	9.328496e-02	9.396499e-02
0	nM1211	100	0	800	2	1	0.004	-5.729525e-01	2.886875e-01	4.752205e-02	4.717554e-02	4.779051e-02
0	nM1213	100	0	800	2	1	0.174	-1.761993e-03	4.668512e-02	9.699028e-01	9.698557e-01	9.698651e-01
0	nM1221	100	0	800	2	1	0.048	-6.195455e-02	8.313169e-02	4.563352e-01	4.556303e-01	4.559283e-01
0	nM1223	100	0	800	2	1	0.013	-2.206942e-01	1.590193e-01	1.655715e-01	1.649100e-01	1.655520e-01
