chr	rs	ps	n_mis	n_obs	allele1	allele0	af	beta	se	p_wald	p_lrt	p_score
0	cM1	0	0	800	2	1	0.004	-7.849030e-01	2.880622e-01	6.575477e-03	6.491407e-03	6.759056e-03
0	cM4	0	0	800	2	1	0.006	-8.969368e-02	2.244269e-01	6.895165e-01	6.890556e-01	6.891775e-01
0	cM12	0	0	800	2	1	0.019	4.139145e-01	1.295829e-01	1.457226e-03	1.432340e-03	1.540327e-03
0	cM14	0	0	800	2	1	0.003	-5.616441e-01	3.536595e-01	1.126615e-01	1.120994e-01	1.127786e-01
0	cM16	0	0	800	2	1	0.005	-8.865236e-01	2.488130e-01	3.883879e-04	3.802775e-04	4.241973e-04
0	cM17	0	0	800	2	1	0.020	-3.402813e-02	1.263424e-01	7.877434e-01	7.874190e-01	7.874934e-01
0	cM23	0	0	800	2	1	0.019	-1.362664e-01	1.303194e-01	2.960467e-01	2.952909e-01	2.957730e-01
0	cM27	0	0	800	2	1	0.003	-7.178570e-02	3.542088e-01	8.394486e-01	8.392006e-01	8.392544e-01
0	cM28	0	0	800	2	1	0.019	2.162736e-01	1.301838e-01	9.704711e-02	9.652492e-02	9.720554e-02
0	cM34	0	0	800	2	1	0.003	-2.381481e-01	3.541176e-01	5.014529e-01	5.007830e-01	5.010386e-01
0	cM35	0	0	800	2	1	0.011	-4.404042e-01	1.669910e-01	8.519674e-03	8.416973e-03	8.724252e-03
0	cM41	0	0	800	2	1	0.015	1.415159e-01	1.454373e-01	3.308298e-01	3.300730e-01	3.305114e-01
0	cM45	0	0	800	2	1	0.004	-2.149138e-01	2.892991e-01	4.577745e-01	4.570706e-01	4.573672e-01
0	cM49	0	0	800	2	1	0.013	8.048627e-03	1.592109e-01	9.596942e-01	9.596311e-01	9.596438e-01
0	cM54	0	0	800	2	1	0.001	3.979795e-01	5.004280e-01	4.266881e-01	4.259643e-01	4.262926e-01
0	cM59	0	0	800	2	1	0.004	-6.822250e-01	2.883897e-01	1.823728e-02	1.805629e-02	1.849804e-02
0	cM62	0	0	800	2	1	0.009	-5.264149e-01	1.890170e-01	5.479376e-03	5.406493e-03	5.648449e-03
0	cM64	0	0	800	2	1	0.001	-3.402027e-01	5.004813e-01	4.968592e-01	4.961855e-01	4.964452e-01
0	cM67	0	0	800	2	1	0.019	5.016233e-02	1.303966e-01	7.005693e-01	7.001230e-01	7.002389e-01
0	cM73	0	0	800	2	1	0.001	3.468456e-01	5.004756e-01	4.884912e-01	4.878105e-01	4.880778e-01
0	nM1	0	0	800	2	1	0.009	1.068064e-01	1.898958e-01	5.739692e-01	5.733695e-01	5.735657e-01
0	nM5	0	0	800	2	1	0.007	-5.859427e-03	2.050222e-01	9.772071e-01	9.771714e-01	9.771786e-01
0	nM10	0	0	800	2	1	0.010	7.708357e-02	1.777576e-01	6.646640e-01	6.641710e-01	6.643069e-01
0	nM13	0	0	800	2	1	0.003	-1.049235e-01	3.541985e-01	7.671330e-01	7.667788e-01	7.668622e-01
0	nM14	0	0	800	2	1	0.016	1.496147e-01	1.398030e-01	2.848608e-01	2.841072e-01	2.846035e-01
0	nM24	0	0	800	2	1	0.007	-1.417049e-01	2.049609e-01	4.895309e-01	4.888511e-01	4.891174e-01
0	nM28	0	0	800	2	1	0.021	-1.604617e-01	1.225224e-01	1.906903e-01	1.899967e-01	1.906114e-01
0	nM32	0	0	800	2	1	0.014	-5.121073e-01	1.508124e-01	7.184789e-04	7.047496e-04	7.721195e-04
0	nM34	0	0	800	2	1	0.009	1.665585e+00	1.805500e-01	2.481731e-19	2.183627e-19	9.824213e-18
0	nM37	0	0	800	2	1	0.019	2.013787e-02	1.304067e-01	8.773148e-01	8.771242e-01	8.771642e-01
0	nM39	0	0	800	2	1	0.003	1.154514e-01	3.541944e-01	7.445439e-01	7.441578e-01	7.442516e-01
0	nM44	0	0	800	2	1	0.007	-3.797419e-01	2.045811e-01	6.379460e-02	6.338014e-02	6.403388e-02
0	nM48	0	0	800	2	1	0.001	-4.494778e-01	5.003733e-01	3.693046e-01	3.685553e-01	3.689475e-01
0	nM53	0	0	800	2	1	0.004	-1.657919e-01	2.893396e-01	5.668055e-01	5.661982e-01	5.663997e-01
0	nM61	0	0	800	2	1	0.010	1.220777e-01	1.777260e-01	4.923534e-01	4.916759e-01	4.919397e-01
0	nM67	0	0	800	2	1	0.013	-6.063355e-02	1.591967e-01	7.033996e-01	7.029572e-01	7.030715e-01
0	nM70	0	0	800	2	1	0.010	1.527294e-02	1.777777e-01	9.315593e-01	9.314524e-01	9.314741e-01
0	nM79	0	0	800	2	1	0.086	-1.716252e-02	6.300624e-02	7.853896e-01	7.850618e-01	7.851372e-01
0	nM84	0	0	800	2	1	0.003	2.329013e-01	3.541220e-01	5.109292e-01	5.102676e-01	5.105148e-01
0	nM90	0	0	800	2	1	0.001	-5.188285e-01	5.002892e-01	3.000233e-01	2.992671e-01	2.997441e-01
0	nM94	0	0	800	2	1	0.001	-2.747649e-01	5.005317e-01	5.831960e-01	5.826063e-01	5.827957e-01
0	nM96	0	0	800	2	1	0.016	1.033685e-02	1.399028e-01	9.411197e-01	9.410276e-01	9.410463e-01
0	nM97	0	0	800	2	1	0.001	1.197652e-01	5.006083e-01	8.109814e-01	8.106910e-01	8.107558e-01
0	nM101	0	0	800	2	1	0.005	-2.950098e-01	2.505668e-01	2.393990e-01	2.386640e-01	2.392189e-01
0	nM104	0	0	800	2	1	0.041	-3.371543e-02	8.893920e-02	7.047263e-01	7.042856e-01	7.043993e-01
0	nM108	0	0	800	2	1	0.001	1.287269e-01	5.006055e-01	7.971351e-01	7.968243e-01	7.968948e-01
0	nM112	0	0	800	2	1	0.011	-2.582638e-01	1.674678e-01	1.234287e-01	1.228423e-01	1.235173e-01
0	nM114	0	0	800	2	1	0.001	1.217918e-01	5.006077e-01	8.078449e-01	8.075499e-01	8.076160e-01
0	nM118	0	0	800	2	1	0.003	-9.541276e-02	3.542018e-01	7.877115e-01	7.873870e-01	7.874615e-01
0	nM124	0	0	800	2	1	0.010	6.688719e-01	1.761947e-01	1.580594e-04	1.543478e-04	1.773021e-04
0	nM129	0	0	800	2	1	0.001	1.669082e-01	5.005914e-01	7.389034e-01	7.385094e-01	7.386059e-01
0	nM131	0	0	800	2	1	0.001	1.286393e-01	5.006055e-01	7.972701e-01	7.969596e-01	7.970300e-01
0	nM136	0	0	800	2	1	0.003	1.348266e-01	3.541858e-01	7.035522e-01	7.031100e-01	7.032242e-01
0	nM138	0	0	800	2	1	0.010	6.727292e-01	1.761763e-01	1.446735e-04	1.412392e-04	1.627451e-04
0	nM140	0	0	800	2	1	0.040	-2.229666e-03	9.026746e-02	9.802999e-01	9.802691e-01	9.802752e-01
0	nM146	0	0	800	2	1	0.003	2.593855e-01	3.540989e-01	4.640647e-01	4.633652e-01	4.636557e-01
0	nM147	0	0	800	2	1	0.001	1.184240e-01	5.006087e-01	8.130588e-01	8.127714e-01	8.128354e-01
0	nM152	0	0	800	2	1	0.007	2.329437e-01	2.048564e-01	2.558348e-01	2.550911e-01	2.556249e-01
0	nM160	0	0	800	2	1	0.004	-4.145832e-01	2.890267e-01	1.518467e-01	1.512065e-01	1.518614e-01
0	nM164	0	0	800	2	1	0.001	1.168816e-01	5.006091e-01	8.154495e-01	8.151657e-01	8.152288e-01
0	nM167	0	0	800	2	1	0.010	3.668877e-01	1.773035e-01	3.884276e-02	3.853823e-02	3.912055e-02
0	nM170	0	0	800	2	1	0.001	1.286393e-01	5.006055e-01	7.972701e-01	7.969596e-01	7.970300e-01
0	nM172	0	0	800	2	1	0.003	1.222168e-01	3.541915e-01	7.301413e-01	7.297352e-01	7.298359e-01
0	nM174	0	0	800	2	1	0.001	1.168075e-01	5.006091e-01	8.155644e-01	8.152808e-01	8.153438e-01
0	nM178	0	0	800	2	1	0.001	1.138263e+00	4.990020e-01	2.280651e-02	2.259432e-02	2.307862e-02
0	nM180	0	0	800	2	1	0.016	-6.233342e-03	1.399031e-01	9.644734e-01	9.644178e-01	9.644290e-01
0	nM186	0	0	800	2	1	0.007	-3.187739e-02	2.050192e-01	8.764784e-01	8.762865e-01	8.763268e-01
0	nM191	0	0	800	2	1	0.001	-4.173815e-02	5.006240e-01	9.335765e-01	9.334727e-01	9.334938e-01
0	nM194	0	0	800	2	1	0.007	-2.152867e-01	2.048806e-01	2.936727e-01	2.929173e-01	2.934024e-01
0	nM197	0	0	800	2	1	0.003	2.546747e-01	3.541032e-01	4.722218e-01	4.715284e-01	4.718110e-01
0	nM202	0	0	800	2	1	0.005	1.261370e-01	2.507446e-01	6.150683e-01	6.145147e-01	6.146817e-01
0	nM208	0	0	800	2	1	0.001	1.301592e-01	5.006050e-01	7.949279e-01	7.946139e-01	7.946853e-01
0	nM210	0	0	800	2	1	0.003	-2.653266e-01	3.540934e-01	4.538897e-01	4.531830e-01	4.534835e-01
0	nM211	0	0	800	2	1	0.028	3.807916e-02	1.081564e-01	7.248750e-01	7.244616e-01	7.245650e-01
0	nM215	0	0	800	2	1	0.107	-2.249616e-02	5.710136e-02	6.937093e-01	6.932539e-01	6.933735e-01
0	nM219	0	0	800	2	1	0.001	1.227770e-01	5.006074e-01	8.063212e-01	8.060240e-01	8.060907e-01
0	nM223	0	0	800	2	1	0.026	-5.678044e-01	1.087980e-01	2.296943e-07	2.199409e-07	3.485266e-07
0	nM228	0	0	800	2	1	0.001	1.212666e-01	5.006078e-01	8.086574e-01	8.083636e-01	8.084294e-01
0	nM230	0	0	800	2	1	0.020	-3.662848e-03	1.263481e-01	9.768797e-01	9.768435e-01	9.768508e-01
0	nM234	0	0	800	2	1	0.001	1.324436e-01	5.006043e-01	7.914110e-01	7.910919e-01	7.911648e-01
0	nM243	0	0	800	2	1	0.001	1.212961e-01	5.006078e-01	8.086117e-01	8.083178e-01	8.083836e-01
0	nM248	0	0	800	2	1	0.007	7.702101e-02	2.050042e-01	7.072364e-01	7.067991e-01	7.069114e-01
0	nM251	0	0	800	2	1	0.018	-1.138035e-01	1.348398e-01	3.989273e-01	3.981893e-01	3.985477e-01
0	nM254	0	0	800	2	1	0.060	-8.910545e-02	7.441623e-02	2.315091e-01	2.307791e-01	2.313440e-01
0	nM258	0	0	800	2	1	0.016	-7.377937e-01	1.374438e-01	1.044702e-07	9.979529e-08	1.665101e-07
0	nM263	0	0	800	2	1	0.018	-8.935178e-02	1.348628e-01	5.078177e-01	5.071533e-01	5.074032e-01
0	nM266	0	0	800	2	1	0.001	-7.634142e-01	4.998963e-01	1.271211e-01	1.265268e-01	1.271999e-01
0	nM270	0	0	800	2	1	0.028	1.539571e-01	1.080274e-01	1.544999e-01	1.538553e-01	1.545079e-01
0	nM274	0	0	800	2	1	0.051	1.241153e-01	8.009802e-02	1.216479e-01	1.210653e-01	1.217412e-01
0	nM281	0	0	800	2	1	0.001	1.260666e-01	5.006063e-01	8.012390e-01	8.009343e-01	8.010030e-01
0	nM288	0	0	800	2	1	0.003	1.164735e-01	3.541939e-01	7.423622e-01	7.419731e-01	7.420679e-01
0	nM289	0	0	800	2	1	0.016	-6.694375e-02	1.398832e-01	6.323765e-01	6.318434e-01	6.319992e-01
0	nM295	0	0	800	2	1	0.011	-7.130011e-02	1.676982e-01	6.708279e-01	6.703428e-01	6.704751e-01
0	nM299	0	0	800	2	1	0.001	1.171119e-01	5.006091e-01	8.150925e-01	8.148081e-01	8.148713e-01
0	nM301	0	0	800	2	1	0.003	-3.576544e-01	3.539916e-01	3.126353e-01	3.118781e-01	3.123391e-01
0	nM306	0	0	800	2	1	0.001	-1.363519e+00	4.982939e-01	6.350073e-03	6.268260e-03	6.530851e-03
0	nM312	0	0	800	2	1	0.001	1.170674e-01	5.006091e-01	8.151615e-01	8.148773e-01	8.149405e-01
0	nM317	0	0	800	2	1	0.015	1.795193e-01	1.453847e-01	2.172730e-01	2.165537e-01	2.171365e-01
0	nM321	0	0	800	2	1	0.006	-2.406187e-02	2.244478e-01	9.146535e-01	9.145203e-01	9.145476e-01
0	nM323	0	0	800	2	1	0.016	-1.655496e-02	1.399021e-01	9.058340e-01	9.056872e-01	9.057174e-01
0	nM330	0	0	800	2	1	0.009	4.685133e-02	1.899262e-01	8.052180e-01	8.049191e-01	8.049862e-01
0	nM335	0	0	800	2	1	0.001	-6.137270e-02	5.006215e-01	9.024603e-01	9.023083e-01	9.023396e-01
0	nM339	0	0	800	2	1	0.001	-7.505632e-01	4.999207e-01	1.336568e-01	1.330494e-01	1.337185e-01
0	nM342	0	0	800	2	1	0.001	1.264085e-01	5.006062e-01	8.007112e-01	8.004057e-01	8.004747e-01
0	nM346	0	0	800	2	1	0.001	5.637797e-01	5.002283e-01	2.600622e-01	2.593166e-01	2.598450e-01
0	nM349	0	0	800	2	1	0.006	1.065895e-01	2.244177e-01	6.349452e-01	6.344152e-01	6.345693e-01
0	nM354	0	0	800	2	1	0.007	3.038336e-01	2.047400e-01	1.382045e-01	1.375883e-01	1.382542e-01
0	nM359	0	0	800	2	1	0.001	-4.096075e-01	5.004162e-01	4.132969e-01	4.125658e-01	4.129084e-01
0	nM365	0	0	800	2	1	0.001	1.192240e-01	5.006084e-01	8.118195e-01	8.115303e-01	8.115948e-01
0	nM369	0	0	800	2	1	0.009	7.027111e-02	1.899171e-01	7.114737e-01	7.110421e-01	7.111523e-01
0	nM372	0	0	800	2	1	0.010	-1.786262e-02	1.777774e-01	9.199905e-01	9.198657e-01	9.198912e-01
0	nM376	0	0	800	2	1	0.004	3.310126e-01	2.891618e-01	2.526636e-01	2.519213e-01	2.524592e-01
0	nM383	0	0	800	2	1	0.046	8.434826e-02	8.416873e-02	3.165831e-01	3.158258e-01	3.162819e-01
0	nM385	0	0	800	2	1	0.001	5.691834e-03	5.006262e-01	9.909315e-01	9.909173e-01	9.909202e-01
0	nM389	0	0	800	2	1	0.001	2.437337e-01	5.005519e-01	6.264417e-01	6.259015e-01	6.260611e-01
0	nM392	0	0	800	2	1	0.016	7.836737e-02	1.398758e-01	5.754566e-01	5.748585e-01	5.750536e-01
0	nM397	0	0	800	2	1	0.009	-1.006419e-02	1.899331e-01	9.577547e-01	9.576886e-01	9.577019e-01
0	nM405	0	0	800	2	1	0.045	-1.759223e-01	8.509994e-02	3.903317e-02	3.872767e-02	3.931082e-02
0	nM408	0	0	800	2	1	0.011	-1.712381e-01	1.676076e-01	3.072511e-01	3.064942e-01	3.069621e-01
0	nM411	0	0	800	2	1	0.006	-2.504654e-01	2.242742e-01	2.644237e-01	2.636763e-01	2.641990e-01
0	nM412	0	0	800	2	1	0.001	1.199655e-01	5.006082e-01	8.106713e-01	8.103805e-01	8.104454e-01
0	nM415	0	0	800	2	1	0.003	-1.961456e-01	3.541499e-01	5.798373e-01	5.792439e-01	5.794357e-01
0	nM419	0	0	800	2	1	0.021	-6.455718e-03	1.226538e-01	9.580370e-01	9.579713e-01	9.579845e-01
0	nM422	0	0	800	2	1	0.037	-1.563133e-01	9.294214e-02	9.299224e-02	9.248140e-02	9.316123e-02
0	nM428	0	0	800	2	1	0.013	-1.411644e-01	1.591327e-01	3.752997e-01	3.745524e-01	3.749375e-01
0	nM433	0	0	800	2	1	0.004	1.249078e-01	2.893653e-01	6.661043e-01	6.656132e-01	6.657482e-01
0	nM440	0	0	800	2	1	0.001	3.306754e-01	5.004894e-01	5.089928e-01	5.083295e-01	5.085784e-01
0	nM443	0	0	800	2	1	0.029	6.080633e-02	1.058334e-01	5.657592e-01	5.651508e-01	5.653532e-01
0	nM448	0	0	800	2	1	0.001	1.731079e-01	5.005887e-01	7.295777e-01	7.291708e-01	7.292718e-01
0	nM451	0	0	800	2	1	0.075	1.537150e-01	6.693684e-02	2.191023e-02	2.170395e-02	2.218059e-02
0	nM452	0	0	800	2	1	0.021	-5.461902e-02	1.226387e-01	6.561767e-01	6.556730e-01	6.558139e-01
0	nM454	0	0	800	2	1	0.001	-4.438308e-01	5.003796e-01	3.753525e-01	3.746052e-01	3.749903e-01
0	nM458	0	0	800	2	1	0.013	1.677171e-01	1.591004e-01	2.921292e-01	2.913741e-01	2.918612e-01
0	nM462	0	0	800	2	1	0.003	1.240647e-01	3.541907e-01	7.262236e-01	7.258122e-01	7.259148e-01
0	nM465	0	0	800	2	1	0.004	1.195523e-01	2.893682e-01	6.796080e-01	6.791342e-01	6.792615e-01
0	nM467	0	0	800	2	1	0.015	2.070352e-01	1.453389e-01	1.546928e-01	1.540479e-01	1.547003e-01
0	nM472	0	0	800	2	1	0.003	1.542582e-01	3.541758e-01	6.632874e-01	6.627927e-01	6.629294e-01
0	nM474	0	0	800	2	1	0.009	-8.060431e-01	1.877779e-01	1.983615e-05	1.925089e-05	2.399308e-05
0	nM478	0	0	800	2	1	0.043	2.710501e-01	8.716003e-02	1.938691e-03	1.907169e-03	2.036882e-03
0	nM483	0	0	800	2	1	0.003	-2.142606e-01	3.541367e-01	5.453361e-01	5.447069e-01	5.449253e-01
0	nM493	0	0	800	2	1	0.001	2.380391e-01	5.005553e-01	6.345252e-01	6.339947e-01	6.341491e-01
0	nM499	0	0	800	2	1	0.013	1.085563e-01	1.591648e-01	4.954132e-01	4.947382e-01	4.949992e-01
0	nM500	0	0	800	2	1	0.020	-1.330488e-01	1.262604e-01	2.923093e-01	2.915541e-01	2.920410e-01
0	nM503	0	0	800	2	1	0.001	1.261137e-01	5.006063e-01	8.011663e-01	8.008615e-01	8.009303e-01
0	nM509	0	0	800	2	1	0.020	9.508929e-02	1.263033e-01	4.517534e-01	4.510453e-01	4.513479e-01
0	nM512	0	0	800	2	1	0.021	3.610180e-01	1.219864e-01	3.172619e-03	3.125495e-03	3.301450e-03
0	nM516	0	0	800	2	1	0.007	1.018347e-01	2.049906e-01	6.194829e-01	6.189345e-01	6.190986e-01
0	nM524	0	0	800	2	1	0.004	1.657462e-01	2.893396e-01	5.669122e-01	5.663051e-01	5.665066e-01
0	nM530	0	0	800	2	1	0.001	1.215129e-01	5.006077e-01	8.082763e-01	8.079819e-01	8.080479e-01
0	nM536	0	0	800	2	1	0.001	1.146013e-01	5.006098e-01	8.189871e-01	8.187086e-01	8.187702e-01
0	nM542	0	0	800	2	1	0.041	-3.451895e-01	8.810385e-02	9.694369e-05	9.452995e-05	1.105025e-04
0	nM544	0	0	800	2	1	0.001	-3.357086e-01	5.004852e-01	5.025634e-01	5.018946e-01	5.021491e-01
0	nM547	0	0	800	2	1	0.020	-2.549492e-01	1.260254e-01	4.340636e-02	4.307918e-02	4.367997e-02
0	nM550	0	0	800	2	1	0.018	1.465823e-01	1.348001e-01	2.771862e-01	2.764346e-01	2.769408e-01
0	nM553	0	0	800	2	1	0.005	-2.990473e-01	2.505608e-01	2.330236e-01	2.322927e-01	2.328557e-01
0	nM554	0	0	800	2	1	0.051	-1.185585e-02	8.021733e-02	8.825406e-01	8.823580e-01	8.823962e-01
0	nM556	0	0	800	2	1	0.007	-7.544314e-02	2.050049e-01	7.129660e-01	7.125364e-01	7.126458e-01
0	nM558	0	0	800	2	1	0.010	-2.623343e-01	1.775359e-01	1.398984e-01	1.392791e-01	1.399438e-01
0	nM565	0	0	800	2	1	0.003	-7.722408e-01	3.531615e-01	2.905774e-02	2.880681e-02	2.933694e-02
0	nM567	0	0	800	2	1	0.001	2.753832e-01	5.005313e-01	5.823486e-01	5.817580e-01	5.819479e-01
0	nM568	0	0	800	2	1	0.039	2.617981e-01	9.118246e-02	4.198149e-03	4.139137e-03	4.346889e-03
0	nM573	0	0	800	2	1	0.001	1.114193e-01	5.006107e-01	8.239297e-01	8.236585e-01	8.237182e-01
0	nM580	0	0	800	2	1	0.005	5.282502e-02	2.507774e-01	8.332180e-01	8.329607e-01	8.330168e-01
0	nM581	0	0	800	2	1	0.007	4.246034e-01	2.044706e-01	3.815811e-02	3.785709e-02	3.843635e-02
0	nM584	0	0	800	2	1	0.041	-5.852826e-02	8.892308e-02	5.106060e-01	5.099442e-01	5.101916e-01
0	nM590	0	0	800	2	1	0.001	1.152891e-01	5.006096e-01	8.179196e-01	8.176395e-01	8.177016e-01
0	nM594	0	0	800	2	1	0.001	1.221757e-01	5.006075e-01	8.072510e-01	8.069551e-01	8.070214e-01
0	nM602	0	0	800	2	1	0.024	-6.354385e-02	1.161457e-01	5.844599e-01	5.838716e-01	5.840600e-01
0	nM607	0	0	800	2	1	0.001	5.691834e-03	5.006262e-01	9.909315e-01	9.909173e-01	9.909202e-01
0	nM609	0	0	800	2	1	0.016	3.415814e-03	1.399032e-01	9.805273e-01	9.804968e-01	9.805029e-01
0	nM611	0	0	800	2	1	0.001	5.980477e-02	5.006217e-01	9.049402e-01	9.047920e-01	9.048226e-01
0	nM615	0	0	800	2	1	0.001	1.255214e-01	5.006065e-01	8.020807e-01	8.017772e-01	8.018456e-01
0	nM616	0	0	800	2	1	0.013	-1.459916e-01	1.591272e-01	3.591829e-01	3.584309e-01	3.588350e-01
0	nM618	0	0	800	2	1	0.007	-9.114608e-02	2.049969e-01	6.567137e-01	6.562107e-01	6.563513e-01
0	nM622	0	0	800	2	1	0.011	2.707801e-01	1.674430e-01	1.062415e-01	1.056951e-01	1.063757e-01
0	nM624	0	0	800	2	1	0.059	-2.613688e-01	7.465006e-02	4.887878e-04	4.789051e-04	5.305287e-04
0	nM625	0	0	800	2	1	0.003	3.167495e-01	3.540404e-01	3.712330e-01	3.704844e-01	3.708743e-01
0	nM626	0	0	800	2	1	0.001	1.286393e-01	5.006055e-01	7.972701e-01	7.969596e-01	7.970300e-01
0	nM630	0	0	800	2	1	0.005	-1.723046e-03	2.507844e-01	9.945198e-01	9.945112e-01	9.945129e-01
0	nM633	0	0	800	2	1	0.004	3.032822e-01	2.891999e-01	2.946365e-01	2.938810e-01	2.943649e-01
0	nM635	0	0	800	2	1	0.001	1.140105e-01	5.006100e-01	8.199042e-01	8.196270e-01	8.196883e-01
0	nM639	0	0	800	2	1	0.001	1.307349e-01	5.006048e-01	7.940412e-01	7.937259e-01	7.937977e-01
0	nM644	0	0	800	2	1	0.004	3.801165e-01	2.890861e-01	1.889246e-01	1.882330e-01	1.888497e-01
0	nM649	0	0	800	2	1	0.001	1.170008e-01	5.006091e-01	8.152648e-01	8.149807e-01	8.150438e-01
0	nM650	0	0	800	2	1	0.035	3.466597e-01	9.546418e-02	2.999920e-04	2.935037e-04	3.300514e-04
0	nM653	0	0	800	2	1	0.018	7.259809e-02	1.348754e-01	5.905475e-01	5.899659e-01	5.901499e-01
0	nM657	0	0	800	2	1	0.004	1.191492e-01	2.893684e-01	6.806289e-01	6.801564e-01	6.802831e-01
0	nM662	0	0	800	2	1	0.010	3.964923e-01	1.772236e-01	2.554583e-02	2.531616e-02	2.582204e-02
0	nM665	0	0	800	2	1	0.018	1.710657e-01	1.347639e-01	2.046782e-01	2.039701e-01	2.045683e-01
0	nM670	0	0	800	2	1	0.019	9.869838e-02	1.303619e-01	4.492070e-01	4.484972e-01	4.488023e-01
0	nM671	0	0	800	2	1	0.004	-1.011200e-01	2.893770e-01	7.268509e-01	7.264403e-01	7.265426e-01
0	nM675	0	0	800	2	1	0.009	1.158585e-01	1.898891e-01	5.419443e-01	5.413117e-01	5.415328e-01
0	nM678	0	0	800	2	1	0.005	-4.922277e-02	2.507783e-01	8.444410e-01	8.442005e-01	8.442524e-01
0	nM681	0	0	800	2	1	0.003	2.086251e-01	3.541409e-01	5.559597e-01	5.553412e-01	5.555511e-01
0	nM684	0	0	800	2	1	0.015	1.041710e-01	1.454768e-01	4.741602e-01	4.734683e-01	4.737490e-01
0	nM687	0	0	800	2	1	0.005	4.548180e-01	2.502670e-01	6.954137e-02	6.910565e-02	6.976806e-02
0	nM691	0	0	800	2	1	0.033	2.831867e-01	9.924890e-02	4.438770e-03	4.377077e-03	4.591662e-03
0	nM694	0	0	800	2	1	0.001	1.382664e-01	5.006023e-01	7.824660e-01	7.821339e-01	7.822106e-01
0	nM696	0	0	800	2	1	0.001	3.325088e-02	5.006248e-01	9.470611e-01	9.469783e-01	9.469950e-01
0	nM700	0	0	800	2	1	0.022	6.520499e-02	1.192521e-01	5.846808e-01	5.840928e-01	5.842810e-01
0	nM705	0	0	800	2	1	0.001	1.204596e-01	5.006081e-01	8.099064e-01	8.096144e-01	8.096797e-01
0	nM712	0	0	800	2	1	0.001	1.210779e-01	5.006079e-01	8.089495e-01	8.086561e-01	8.087217e-01
0	nM719	0	0	800	2	1	0.015	-3.658641e-01	1.449461e-01	1.179112e-02	1.165975e-02	1.202160e-02
0	nM727	0	0	800	2	1	0.003	1.175311e-01	3.541935e-01	7.401067e-01	7.397145e-01	7.398104e-01
0	nM731	0	0	800	2	1	0.001	-3.255855e-01	5.004935e-01	5.155379e-01	5.148805e-01	5.151237e-01
0	nM733	0	0	800	2	1	0.009	2.381395e-01	1.897462e-01	2.098310e-01	2.091181e-01	2.097101e-01
0	nM739	0	0	800	2	1	0.001	-6.159299e-01	5.001512e-01	2.185034e-01	2.177831e-01	2.183644e-01
0	nM743	0	0	800	2	1	0.034	8.267953e-02	9.790873e-02	3.986682e-01	3.979300e-01	3.982887e-01
0	nM748	0	0	800	2	1	0.018	8.118694e-02	1.348693e-01	5.473668e-01	5.467396e-01	5.469563e-01
0	nM750	0	0	800	2	1	0.003	8.920503e-02	3.542039e-01	8.012245e-01	8.009197e-01	8.009885e-01
0	nM752	0	0	800	2	1	0.005	-1.053053e+00	2.479983e-01	2.430123e-05	2.359857e-05	2.915322e-05
0	nM760	0	0	800	2	1	0.006	5.644319e-02	2.244405e-01	8.015047e-01	8.012003e-01	8.012690e-01
0	nM763	0	0	800	2	1	0.003	-3.864473e-01	3.539537e-01	2.752496e-01	2.744985e-01	2.750073e-01
0	nM765	0	0	800	2	1	0.014	-8.389539e-02	1.518690e-01	5.808157e-01	5.802234e-01	5.804145e-01
0	nM769	0	0	800	2	1	0.035	-1.134365e-01	9.616588e-02	2.385143e-01	2.377798e-01	2.383358e-01
0	nM770	0	0	800	2	1	0.005	1.240690e+00	2.469086e-01	6.220013e-07	5.973888e-07	8.903534e-07
0	nM15	11	0	800	2	1	0.009	-3.957988e-02	1.899282e-01	8.349746e-01	8.347199e-01	8.347754e-01
0	nM484	11	0	800	2	1	0.011	-1.870705e-01	1.675864e-01	2.646455e-01	2.638981e-01	2.644205e-01
0	nM71	12	0	800	2	1	0.050	1.178106e-01	8.105430e-02	1.464843e-01	1.458532e-01	1.465127e-01
0	cM5	14	0	800	2	1	0.001	-9.275643e-02	5.006155e-01	8.530528e-01	8.528252e-01	8.528740e-01
0	nM54	14	0	800	2	1	0.009	1.654278e-01	1.898431e-01	3.838020e-01	3.830577e-01	3.834331e-01
0	nM153	14	0	800	2	1	0.005	-4.853440e-02	2.507785e-01	8.465893e-01	8.463520e-01	8.464031e-01
0	nM235	14	0	800	2	1	0.003	1.604993e+00	3.496316e-01	5.134415e-06	4.962752e-06	6.590520e-06
0	nM398	14	0	800	2	1	0.005	1.066999e-02	2.507841e-01	9.660737e-01	9.660206e-01	9.660312e-01
0	nM517	14	0	800	2	1	0.004	-6.697666e-01	2.884263e-01	2.047612e-02	2.027949e-02	2.074323e-02
0	nM595	14	0	800	2	1	0.028	2.629672e-02	1.081608e-01	8.079701e-01	8.076752e-01	8.077413e-01
0	nM720	14	0	800	2	1	0.016	-8.348991e-03	1.399030e-01	9.524278e-01	9.523534e-01	9.523684e-01
0	nM753	14	0	800	2	1	0.003	-1.625609e-01	3.541712e-01	6.463666e-01	6.458507e-01	6.459976e-01
0	nM275	17	0	800	2	1	0.003	1.613797e-01	3.541719e-01	6.487630e-01	6.482500e-01	6.483954e-01
0	nM324	17	0	800	2	1	0.003	1.932760e-01	3.541518e-01	5.853950e-01	5.848077e-01	5.849955e-01
0	nM377	17	0	800	2	1	0.003	9.665616e-02	3.542014e-01	7.850124e-01	7.846840e-01	7.847596e-01
0	nM434	17	0	800	2	1	0.004	3.353024e-01	2.891556e-01	2.465620e-01	2.458228e-01	2.463685e-01
0	nM559	17	0	800	2	1	0.018	-1.429477e-01	1.348050e-01	2.892818e-01	2.885272e-01	2.890179e-01
0	nM574	17	0	800	2	1	0.003	6.697443e-02	3.542100e-01	8.500773e-01	8.498453e-01	8.498951e-01
0	nM706	17	0	800	2	1	0.001	2.989512e-01	5.005144e-01	5.504846e-01	5.498605e-01	5.500747e-01
0	nM713	17	0	800	2	1	0.001	-2.105637e-01	5.005707e-01	6.741260e-01	6.736451e-01	6.737755e-01
0	cM18	20	0	800	2	1	0.005	-2.350600e-01	2.506463e-01	3.486228e-01	3.478685e-01	3.482852e-01
0	cM29	20	0	800	2	1	0.046	-5.897004e-01	8.159361e-02	1.153550e-12	1.064146e-12	5.059456e-12
0	cM36	20	0	800	2	1	0.006	-4.508721e-02	2.244437e-01	8.408403e-01	8.405944e-01	8.406476e-01
0	cM68	20	0	800	2	1	0.004	1.290609e-03	2.893991e-01	9.964429e-01	9.964373e-01	9.964384e-01
0	nM62	20	0	800	2	1	0.001	1.172245e-01	5.006090e-01	8.149178e-01	8.146332e-01	8.146965e-01
0	nM85	20	0	800	2	1	0.019	-2.909333e-01	1.300014e-01	2.550112e-02	2.527172e-02	2.577727e-02
0	nM119	20	0	800	2	1	0.061	7.278246e-03	7.376771e-02	9.214295e-01	9.213069e-01	9.213319e-01
0	nM141	20	0	800	2	1	0.001	1.181337e-01	5.006088e-01	8.135087e-01	8.132220e-01	8.132859e-01
0	nM181	20	0	800	2	1	0.001	1.206413e-01	5.006080e-01	8.096251e-01	8.093327e-01	8.093981e-01
0	nM203	20	0	800	2	1	0.006	4.174382e-01	2.239624e-01	6.270614e-02	6.229586e-02	6.294770e-02
0	nM282	20	0	800	2	1	0.005	5.277798e-01	2.500875e-01	3.513618e-02	3.485108e-02	3.541590e-02
0	nM290	20	0	800	2	1	0.001	-3.963384e-01	5.004296e-01	4.285982e-01	4.278755e-01	4.282018e-01
0	nM307	20	0	800	2	1	0.033	-2.790380e-01	9.926362e-02	5.058558e-03	4.990128e-03	5.221408e-03
0	nM360	20	0	800	2	1	0.040	3.556759e-02	9.025871e-02	6.936401e-01	6.931846e-01	6.933042e-01
0	nM423	20	0	800	2	1	0.001	1.228696e-01	5.006073e-01	8.061780e-01	8.058805e-01	8.059473e-01
0	nM504	20	0	800	2	1	0.066	-3.083428e-01	7.027690e-02	1.300287e-05	1.260326e-05	1.600849e-05
0	nM525	20	0	800	2	1	0.001	9.289362e-01	4.995451e-01	6.331500e-02	6.290238e-02	6.355529e-02
0	nM531	20	0	800	2	1	0.001	1.204596e-01	5.006081e-01	8.099064e-01	8.096144e-01	8.096797e-01
0	nM537	20	0	800	2	1	0.003	-3.157539e-01	3.540415e-01	3.727393e-01	3.719911e-01	3.723792e-01
0	nM585	20	0	800	2	1	0.003	-1.378710e-02	3.542176e-01	9.689618e-01	9.689132e-01	9.689229e-01
0	nM734	20	0	800	2	1	0.033	-1.107185e-01	9.967686e-02	2.670001e-01	2.662518e-01	2.667712e-01
0	nM771	20	0	800	2	1	0.003	1.117108e+00	3.520036e-01	1.563488e-03	1.537103e-03	1.650129e-03
0	nM16	22	0	800	2	1	0.011	1.314305e-03	1.677171e-01	9.937495e-01	9.937397e-01	9.937416e-01
0	nM485	22	0	800	2	1	0.011	1.179974e-01	1.676651e-01	4.817825e-01	4.810964e-01	4.813700e-01
0	cM50	25	0	800	2	1	0.003	-2.060486e-01	3.541428e-01	5.608499e-01	5.602364e-01	5.604426e-01
0	cM55	25	0	800	2	1	0.001	4.196240e-01	5.004058e-01	4.019631e-01	4.012265e-01	4.015815e-01
0	cM74	25	0	800	2	1	0.004	5.776977e-01	2.886757e-01	4.570905e-02	4.537094e-02	4.597992e-02
0	nM6	25	0	800	2	1	0.076	1.546904e-02	6.664770e-02	8.165186e-01	8.162364e-01	8.162990e-01
0	nM40	25	0	800	2	1	0.001	2.098615e-02	5.006257e-01	9.665731e-01	9.665208e-01	9.665313e-01
0	nM49	25	0	800	2	1	0.024	-1.880552e-01	1.159766e-01	1.053070e-01	1.047630e-01	1.054437e-01
0	nM72	25	0	800	2	1	0.085	2.278501e-02	6.342228e-02	7.194966e-01	7.190759e-01	7.191819e-01
0	nM80	25	0	800	2	1	0.044	-5.151531e-02	8.646208e-02	5.514685e-01	5.508455e-01	5.510589e-01
0	nM125	25	0	800	2	1	0.001	1.222478e-01	5.006075e-01	8.071395e-01	8.068434e-01	8.069098e-01
0	nM132	25	0	800	2	1	0.014	4.383178e-02	1.518901e-01	7.729811e-01	7.726353e-01	7.727161e-01
0	nM148	25	0	800	2	1	0.055	2.278347e-02	7.758474e-02	7.690947e-01	7.687434e-01	7.688259e-01
0	nM187	25	0	800	2	1	0.004	4.145491e-01	2.890268e-01	1.518805e-01	1.512401e-01	1.518951e-01
0	nM198	25	0	800	2	1	0.004	-5.944192e-01	2.886331e-01	3.977713e-02	3.946785e-02	4.005421e-02
0	nM224	25	0	800	2	1	0.001	3.909046e-01	5.004349e-01	4.349578e-01	4.342389e-01	4.345586e-01
0	nM244	25	0	800	2	1	0.004	1.291808e-01	2.893630e-01	6.554066e-01	6.549019e-01	6.550433e-01
0	nM259	25	0	800	2	1	0.007	-1.102439e+00	2.012738e-01	5.790311e-08	5.521298e-08	9.592365e-08
0	nM302	25	0	800	2	1	0.003	-7.775188e-01	3.531470e-01	2.797296e-02	2.772847e-02	2.825148e-02
0	nM313	25	0	800	2	1	0.044	-8.950942e-02	8.642324e-02	3.006512e-01	2.998949e-01	3.003711e-01
0	nM331	25	0	800	2	1	0.001	-5.618974e-01	5.002309e-01	2.616581e-01	2.609119e-01	2.614381e-01
0	nM350	25	0	800	2	1	0.025	-1.554021e-02	1.132973e-01	8.909365e-01	8.907667e-01	8.908020e-01
0	nM355	25	0	800	2	1	0.005	3.125456e-01	2.505402e-01	2.125850e-01	2.118696e-01	2.124582e-01
0	nM393	25	0	800	2	1	0.001	1.209557e-01	5.006079e-01	8.091385e-01	8.088454e-01	8.089110e-01
0	nM429	25	0	800	2	1	0.022	-4.815491e-01	1.180500e-01	4.972857e-05	4.839410e-05	5.803757e-05
0	nM444	25	0	800	2	1	0.001	1.212631e-01	5.006078e-01	8.086628e-01	8.083690e-01	8.084348e-01
0	nM468	25	0	800	2	1	0.021	1.176109e-01	1.225833e-01	3.376293e-01	3.368733e-01	3.373034e-01
0	nM479	25	0	800	2	1	0.001	1.189102e-01	5.006085e-01	8.123057e-01	8.120172e-01	8.120815e-01
0	nM494	25	0	800	2	1	0.001	1.128906e-01	5.006103e-01	8.216434e-01	8.213688e-01	8.214294e-01
0	nM569	25	0	800	2	1	0.003	1.603975e-01	3.541724e-01	6.507584e-01	6.502479e-01	6.503922e-01
0	nM603	25	0	800	2	1	0.005	-1.773045e-01	2.507058e-01	4.796354e-01	4.789477e-01	4.792232e-01
0	nM640	25	0	800	2	1	0.003	1.211980e-01	3.541919e-01	7.323042e-01	7.319011e-01	7.320008e-01
0	nM645	25	0	800	2	1	0.021	1.032492e-01	1.225995e-01	3.999473e-01	3.992097e-01	3.995669e-01
0	nM658	25	0	800	2	1	0.001	1.773152e-01	5.005869e-01	7.232717e-01	7.228561e-01	7.229603e-01
0	nM666	25	0	800	2	1	0.005	-4.038586e-01	2.503765e-01	1.071387e-01	1.065901e-01	1.072706e-01
0	nM701	25	0	800	2	1	0.029	-1.621658e-01	1.056995e-01	1.253731e-01	1.247825e-01	1.254566e-01
0	nM744	25	0	800	2	1	0.025	9.837492e-02	1.132451e-01	3.852778e-01	3.845340e-01	3.849077e-01
0	cM6	29	0	800	2	1	0.001	3.112696e-01	5.005049e-01	5.341779e-01	5.335378e-01	5.337653e-01
0	nM55	29	0	800	2	1	0.001	1.817572e-01	5.005849e-01	7.166340e-01	7.162094e-01	7.163169e-01
0	nM154	29	0	800	2	1	0.006	1.237664e-01	2.244066e-01	5.814266e-01	5.808350e-01	5.810256e-01
0	nM236	29	0	800	2	1	0.003	8.637220e-02	3.542047e-01	8.074110e-01	8.071154e-01	8.071816e-01
0	nM399	29	0	800	2	1	0.010	-6.060452e-02	1.777656e-01	7.332507e-01	7.328489e-01	7.329482e-01
0	nM518	29	0	800	2	1	0.007	-4.385445e-01	2.044337e-01	3.224070e-02	3.197149e-02	3.252081e-02
0	nM596	29	0	800	2	1	0.003	1.178644e-01	3.541934e-01	7.393964e-01	7.390031e-01	7.390993e-01
0	nM721	29	0	800	2	1	0.006	1.024694e-01	2.244201e-01	6.480856e-01	6.475717e-01	6.477176e-01
0	nM754	29	0	800	2	1	0.001	1.203309e-01	5.006081e-01	8.101055e-01	8.098138e-01	8.098790e-01
0	cM24	33	0	800	2	1	0.026	1.013955e+00	1.046549e-01	4.617360e-21	4.013039e-21	3.749788e-19
0	cM42	33	0	800	2	1	0.011	2.654622e-02	1.677145e-01	8.742745e-01	8.740792e-01	8.741203e-01
0	cM46	33	0	800	2	1	0.041	-6.922082e-01	8.550535e-02	2.125040e-15	1.922737e-15	2.054000e-14
0	nM2	33	0	800	2	1	0.003	1.179313e-01	3.541933e-01	7.392538e-01	7.388603e-01	7.389566e-01
0	nM17	33	0	800	2	1	0.007	2.249136e-02	2.050208e-01	9.126726e-01	9.125364e-01	9.125643e-01
0	nM25	33	0	800	2	1	0.001	-6.718147e-01	5.000610e-01	1.795032e-01	1.788228e-01	1.794502e-01
0	nM29	33	0	800	2	1	0.031	1.047592e-01	1.015961e-01	3.027902e-01	3.020337e-01	3.025072e-01
0	nM45	33	0	800	2	1	0.001	1.145287e-01	5.006098e-01	8.190998e-01	8.188214e-01	8.188830e-01
0	nM91	33	0	800	2	1	0.006	-5.345914e-01	2.236502e-01	1.706553e-02	1.689302e-02	1.732225e-02
0	nM98	33	0	800	2	1	0.022	4.196556e-01	1.183457e-01	4.138984e-04	4.053313e-04	4.512684e-04
0	nM105	33	0	800	2	1	0.001	3.908075e-01	5.004350e-01	4.350720e-01	4.343531e-01	4.346727e-01
0	nM109	33	0	800	2	1	0.003	-1.856614e+00	3.480672e-01	1.251789e-07	1.196430e-07	1.972293e-07
0	nM115	33	0	800	2	1	0.055	1.386922e-01	7.743344e-02	7.365366e-02	7.320347e-02	7.387085e-02
0	nM161	33	0	800	2	1	0.005	6.634072e-02	2.507734e-01	7.914287e-01	7.911096e-01	7.911825e-01
0	nM175	33	0	800	2	1	0.009	1.258569e-01	1.898812e-01	5.076376e-01	5.069731e-01	5.072232e-01
0	nM212	33	0	800	2	1	0.006	-3.913239e-03	2.244493e-01	9.860941e-01	9.860723e-01	9.860767e-01
0	nM216	33	0	800	2	1	0.001	-1.036530e-01	5.006128e-01	8.360218e-01	8.357687e-01	8.358237e-01
0	nM220	33	0	800	2	1	0.044	3.514328e-02	8.647236e-02	6.845499e-01	6.840826e-01	6.842071e-01
0	nM231	33	0	800	2	1	0.001	-7.359749e-01	4.999478e-01	1.413872e-01	1.407651e-01	1.414287e-01
0	nM255	33	0	800	2	1	0.009	1.482362e-01	1.898609e-01	4.351739e-01	4.344551e-01	4.347746e-01
0	nM267	33	0	800	2	1	0.058	-2.210082e-02	7.598001e-02	7.712212e-01	7.708729e-01	7.709545e-01
0	nM271	33	0	800	2	1	0.005	1.060073e-01	2.507563e-01	6.725913e-01	6.721084e-01	6.722398e-01
0	nM276	33	0	800	2	1	0.006	1.186239e-01	2.244101e-01	5.972277e-01	5.966536e-01	5.968328e-01
0	nM296	33	0	800	2	1	0.003	5.983979e-03	3.542179e-01	9.865258e-01	9.865047e-01	9.865089e-01
0	nM318	33	0	800	2	1	0.003	-4.743752e-01	3.538197e-01	1.803910e-01	1.797095e-01	1.803359e-01
0	nM325	33	0	800	2	1	0.016	8.238259e-02	1.398729e-01	5.560402e-01	5.554218e-01	5.556316e-01
0	nM336	33	0	800	2	1	0.018	4.708058e-01	1.338664e-01	4.611378e-04	4.517367e-04	5.012991e-04
0	nM343	33	0	800	2	1	0.001	-3.577632e-01	5.004660e-01	4.749046e-01	4.742132e-01	4.744932e-01
0	nM366	33	0	800	2	1	0.001	1.402298e-01	5.006016e-01	7.794561e-01	7.791196e-01	7.791976e-01
0	nM373	33	0	800	2	1	0.001	-7.463980e-01	4.999285e-01	1.358299e-01	1.352182e-01	1.358859e-01
0	nM378	33	0	800	2	1	0.006	1.682652e+00	2.164013e-01	2.316682e-14	2.111608e-14	1.628312e-13
0	nM386	33	0	800	2	1	0.030	4.447410e-02	1.036813e-01	6.680754e-01	6.675867e-01	6.677206e-01
0	nM435	33	0	800	2	1	0.003	-1.155614e-01	3.541943e-01	7.443090e-01	7.439226e-01	7.440165e-01
0	nM455	33	0	800	2	1	0.011	2.494090e-01	1.674846e-01	1.368441e-01	1.362305e-01	1.368974e-01
0	nM459	33	0	800	2	1	0.064	3.339860e-02	7.239408e-02	6.446773e-01	6.441593e-01	6.443072e-01
0	nM475	33	0	800	2	1	0.036	-9.919045e-02	9.457180e-02	2.945705e-01	2.938150e-01	2.942990e-01
0	nM486	33	0	800	2	1	0.011	-1.481283e-01	1.676352e-01	3.771595e-01	3.764128e-01	3.767959e-01
0	nM513	33	0	800	2	1	0.010	2.281238e-01	1.775951e-01	1.993340e-01	1.986311e-01	1.992357e-01
0	nM560	33	0	800	2	1	0.001	-3.947437e-02	5.006243e-01	9.371715e-01	9.370733e-01	9.370932e-01
0	nM575	33	0	800	2	1	0.039	-2.314788e-01	9.128517e-02	1.140955e-02	1.128137e-02	1.163748e-02
0	nM591	33	0	800	2	1	0.035	1.559993e-01	9.609113e-02	1.048878e-01	1.043449e-01	1.050256e-01
0	nM612	33	0	800	2	1	0.011	3.919301e-01	1.671423e-01	1.927696e-02	1.908863e-02	1.954088e-02
0	nM619	33	0	800	2	1	0.051	1.039025e-01	8.013406e-02	1.951408e-01	1.944424e-01	1.950519e-01
0	nM627	33	0	800	2	1	0.005	-1.170133e-01	2.507502e-01	6.408756e-01	6.403529e-01	6.405032e-01
0	nM636	33	0	800	2	1	0.003	4.116343e-02	3.542149e-01	9.075151e-01	9.073709e-01	9.074006e-01
0	nM654	33	0	800	2	1	0.005	1.565058e-01	2.507232e-01	5.326631e-01	5.320215e-01	5.322502e-01
0	nM672	33	0	800	2	1	0.051	-3.120067e-02	8.021083e-02	6.973923e-01	6.969418e-01	6.970594e-01
0	nM688	33	0	800	2	1	0.016	-6.770991e-01	1.378347e-01	1.091768e-06	1.050352e-06	1.515113e-06
0	nM697	33	0	800	2	1	0.013	1.400163e-01	1.591340e-01	3.791978e-01	3.784518e-01	3.788325e-01
0	nM707	33	0	800	2	1	0.011	3.523042e-03	1.677171e-01	9.832462e-01	9.832200e-01	9.832253e-01
0	nM714	33	0	800	2	1	0.004	-2.730855e-01	2.892376e-01	3.453755e-01	3.446206e-01	3.450413e-01
0	nM728	33	0	800	2	1	0.014	-1.182106e-01	1.518404e-01	4.364941e-01	4.357761e-01	4.360943e-01
0	nM740	33	0	800	2	1	0.021	2.411494e-02	1.226510e-01	8.441795e-01	8.439386e-01	8.439906e-01
0	nM766	33	0	800	2	1	0.005	3.064030e-01	2.505497e-01	2.217197e-01	2.209969e-01	2.215741e-01
0	nM73	38	0	800	2	1	0.036	-9.390996e-02	9.457856e-02	3.210446e-01	3.202874e-01	3.207379e-01
0	cM19	40	0	800	2	1	0.001	-3.785947e-01	5.004468e-01	4.495647e-01	4.488551e-01	4.491599e-01
0	cM30	40	0	800	2	1	0.001	5.415470e-01	5.002590e-01	2.793427e-01	2.785905e-01	2.790939e-01
0	cM37	40	0	800	2	1	0.001	-3.668629e-02	5.006245e-01	9.416008e-01	9.415095e-01	9.415280e-01
0	cM69	40	0	800	2	1	0.001	7.918749e-01	4.998408e-01	1.135321e-01	1.129679e-01	1.136469e-01
0	nM63	40	0	800	2	1	0.003	-4.374384e-02	3.542145e-01	9.017460e-01	9.015929e-01	9.016245e-01
0	nM86	40	0	800	2	1	0.003	1.225995e-01	3.541913e-01	7.293293e-01	7.289221e-01	7.290233e-01
0	nM120	40	0	800	2	1	0.055	4.534738e-02	7.757232e-02	5.589941e-01	5.583787e-01	5.585862e-01
0	nM142	40	0	800	2	1	0.014	-5.313639e-01	1.507289e-01	4.471188e-04	4.379637e-04	4.864644e-04
0	nM182	40	0	800	2	1	0.041	-3.360868e-02	8.893925e-02	7.056176e-01	7.051781e-01	7.052913e-01
0	nM204	40	0	800	2	1	0.019	-1.165095e-01	1.303435e-01	3.716633e-01	3.709148e-01	3.713042e-01
0	nM283	40	0	800	2	1	0.001	-2.864686e+00	4.902478e-01	7.450534e-09	7.060187e-09	1.428319e-08
0	nM291	40	0	800	2	1	0.004	-9.225639e-02	2.893807e-01	7.499568e-01	7.495783e-01	7.496696e-01
0	nM308	40	0	800	2	1	0.001	1.305277e-01	5.006049e-01	7.943604e-01	7.940456e-01	7.941172e-01
0	nM361	40	0	800	2	1	0.006	-7.187017e-02	2.244350e-01	7.488800e-01	7.485000e-01	7.485917e-01
0	nM424	40	0	800	2	1	0.015	3.939490e-02	1.455169e-01	7.866734e-01	7.863474e-01	7.864222e-01
0	nM505	40	0	800	2	1	0.014	1.221630e-01	1.518365e-01	4.213078e-01	4.205809e-01	4.209149e-01
0	nM526	40	0	800	2	1	0.020	-3.605904e-02	1.263417e-01	7.754050e-01	7.750628e-01	7.751425e-01
0	nM532	40	0	800	2	1	0.004	3.856564e-01	2.890769e-01	1.825530e-01	1.818688e-01	1.824928e-01
0	nM538	40	0	800	2	1	0.004	-1.683722e-01	2.893377e-01	5.607831e-01	5.601695e-01	5.603757e-01
0	nM586	40	0	800	2	1	0.001	1.135199e-01	5.006101e-01	8.206660e-01	8.203899e-01	8.204509e-01
0	nM735	40	0	800	2	1	0.019	9.913374e-02	1.303615e-01	4.472086e-01	4.464974e-01	4.468046e-01
0	nM772	40	0	800	2	1	0.011	-7.230051e-01	1.657528e-01	1.458111e-05	1.413785e-05	1.786421e-05
0	cM7	43	0	800	2	1	0.024	-4.898534e-01	1.148660e-01	2.242809e-05	2.177436e-05	2.699302e-05
0	nM56	43	0	800	2	1	0.001	1.163900e-01	5.006093e-01	8.162119e-01	8.159292e-01	8.159919e-01
0	nM155	43	0	800	2	1	0.001	1.206413e-01	5.006080e-01	8.096251e-01	8.093327e-01	8.093981e-01
0	nM237	43	0	800	2	1	0.004	1.346384e-01	2.893599e-01	6.418454e-01	6.413239e-01	6.414736e-01
0	nM400	43	0	800	2	1	0.004	-6.516251e-02	2.893899e-01	8.219031e-01	8.216289e-01	8.216894e-01
0	nM519	43	0	800	2	1	0.001	2.380391e-01	5.005553e-01	6.345252e-01	6.339947e-01	6.341491e-01
0	nM597	43	0	800	2	1	0.005	9.022816e-02	2.507640e-01	7.190822e-01	7.186609e-01	7.187672e-01
0	nM722	43	0	800	2	1	0.003	-3.097651e-01	3.540482e-01	3.818786e-01	3.811336e-01	3.815112e-01
0	nM755	43	0	800	2	1	0.030	1.376216e-01	1.035787e-01	1.843379e-01	1.836516e-01	1.842736e-01
0	nM18	44	0	800	2	1	0.020	2.468150e-01	1.260457e-01	5.056180e-02	5.020162e-02	5.082576e-02
0	nM487	44	0	800	2	1	0.003	-3.042867e-01	3.540541e-01	3.903583e-01	3.896166e-01	3.899846e-01
0	cM2	50	0	800	2	1	0.019	1.888628e-01	1.302372e-01	1.474111e-01	1.467783e-01	1.474371e-01
0	cM51	50	0	800	2	1	0.037	-2.764031e-01	9.259116e-02	2.920502e-03	2.876433e-03	3.043779e-03
0	cM56	50	0	800	2	1	0.005	1.265153e+00	2.467530e-01	3.693221e-07	3.541489e-07	5.447356e-07
0	cM60	50	0	800	2	1	0.024	-4.923552e-01	1.148526e-01	2.033910e-05	1.974048e-05	2.457625e-05
0	cM65	50	0	800	2	1	0.001	2.844396e-01	5.005250e-01	5.700030e-01	5.693991e-01	5.695983e-01
0	cM75	50	0	800	2	1	0.044	-2.407133e-01	8.606048e-02	5.281690e-03	5.210887e-03	5.447890e-03
0	nM7	50	0	800	2	1	0.014	-9.508329e-02	1.518607e-01	5.314142e-01	5.307715e-01	5.310012e-01
0	nM11	50	0	800	2	1	0.001	1.248331e-01	5.006067e-01	8.031438e-01	8.028418e-01	8.029098e-01
0	nM35	50	0	800	2	1	0.001	1.157677e-01	5.006094e-01	8.171771e-01	8.168958e-01	8.169582e-01
0	nM41	50	0	800	2	1	0.004	-2.932731e-02	2.893973e-01	9.193066e-01	9.191807e-01	9.192064e-01
0	nM50	50	0	800	2	1	0.001	1.181817e-01	5.006087e-01	8.134342e-01	8.131474e-01	8.132113e-01
0	nM68	50	0	800	2	1	0.010	1.717323e-01	1.776746e-01	3.340592e-01	3.333027e-01	3.337371e-01
0	nM74	50	0	800	2	1	0.004	4.374978e-01	2.889844e-01	1.304434e-01	1.298423e-01	1.305134e-01
0	nM81	50	0	800	2	1	0.001	1.218313e-01	5.006076e-01	8.077838e-01	8.074886e-01	8.075548e-01
0	nM102	50	0	800	2	1	0.001	6.665532e-01	5.000699e-01	1.829384e-01	1.822538e-01	1.828774e-01
0	nM126	50	0	800	2	1	0.005	-2.298987e-01	2.506523e-01	3.593140e-01	3.585620e-01	3.589659e-01
0	nM133	50	0	800	2	1	0.004	1.661108e-01	2.893394e-01	5.660595e-01	5.654514e-01	5.656536e-01
0	nM149	50	0	800	2	1	0.028	-1.026099e-01	1.081038e-01	3.428164e-01	3.420611e-01	3.424848e-01
0	nM165	50	0	800	2	1	0.031	-4.007181e-02	1.016539e-01	6.935397e-01	6.930842e-01	6.932038e-01
0	nM168	50	0	800	2	1	0.013	7.066939e-02	1.591915e-01	6.572157e-01	6.567133e-01	6.568536e-01
0	nM188	50	0	800	2	1	0.030	-2.802426e-01	1.032176e-01	6.769424e-03	6.683431e-03	6.955345e-03
0	nM192	50	0	800	2	1	0.005	2.660789e-01	2.506074e-01	2.886769e-01	2.879224e-01	2.884139e-01
0	nM195	50	0	800	2	1	0.036	-1.212435e-02	9.463599e-02	8.980897e-01	8.979310e-01	8.979638e-01
0	nM199	50	0	800	2	1	0.028	-3.926740e-02	1.081558e-01	7.166539e-01	7.162293e-01	7.163368e-01
0	nM225	50	0	800	2	1	0.005	-1.938666e-02	2.507834e-01	9.384008e-01	9.383045e-01	9.383240e-01
0	nM245	50	0	800	2	1	0.013	4.423006e-03	1.592111e-01	9.778439e-01	9.778093e-01	9.778162e-01
0	nM249	50	0	800	2	1	0.064	2.494790e-01	7.186311e-02	5.452047e-04	5.343531e-04	5.900579e-04
0	nM252	50	0	800	2	1	0.055	2.462692e-01	7.709761e-02	1.456996e-03	1.432114e-03	1.540089e-03
0	nM260	50	0	800	2	1	0.034	2.625121e-01	9.751066e-02	7.248336e-03	7.157658e-03	7.439786e-03
0	nM264	50	0	800	2	1	0.005	1.259401e-01	2.507447e-01	6.156203e-01	6.150673e-01	6.152340e-01
0	nM277	50	0	800	2	1	0.001	-1.070576e-02	5.006261e-01	9.829441e-01	9.829174e-01	9.829227e-01
0	nM303	50	0	800	2	1	0.001	-2.513111e-01	5.005472e-01	6.157548e-01	6.152020e-01	6.153686e-01
0	nM314	50	0	800	2	1	0.037	-1.651128e-01	9.292307e-02	7.596950e-02	7.551143e-02	7.618119e-02
0	nM326	50	0	800	2	1	0.011	-6.654529e-01	1.660546e-01	6.712787e-05	6.538494e-05	7.749832e-05
0	nM332	50	0	800	2	1	0.003	-3.716735e-01	3.539735e-01	2.940343e-01	2.932789e-01	2.937635e-01
0	nM340	50	0	800	2	1	0.019	1.476898e-02	1.304076e-01	9.098589e-01	9.097183e-01	9.097472e-01
0	nM347	50	0	800	2	1	0.065	-2.414764e-02	7.174699e-02	7.365321e-01	7.361349e-01	7.362325e-01
0	nM351	50	0	800	2	1	0.005	-1.003637e-01	2.507592e-01	6.890874e-01	6.886260e-01	6.887481e-01
0	nM356	50	0	800	2	1	0.009	2.365304e-01	1.897488e-01	2.129302e-01	2.122145e-01	2.128027e-01
0	nM370	50	0	800	2	1	0.004	2.169173e-01	2.892972e-01	4.535915e-01	4.528847e-01	4.531854e-01
0	nM379	50	0	800	2	1	0.016	3.930848e-02	1.398964e-01	7.787964e-01	7.784590e-01	7.785373e-01
0	nM390	50	0	800	2	1	0.005	-7.707954e-02	2.507695e-01	7.586404e-01	7.582742e-01	7.583614e-01
0	nM394	50	0	800	2	1	0.033	1.318361e-01	9.964466e-02	1.861937e-01	1.855052e-01	1.861251e-01
0	nM406	50	0	800	2	1	0.010	5.078638e-02	1.777695e-01	7.751922e-01	7.748496e-01	7.749295e-01
0	nM409	50	0	800	2	1	0.001	-2.604310e-01	5.005413e-01	6.029997e-01	6.024321e-01	6.026074e-01
0	nM413	50	0	800	2	1	0.003	-4.767611e-01	3.538156e-01	1.782066e-01	1.775279e-01	1.781567e-01
0	nM416	50	0	800	2	1	0.003	5.973634e-01	3.535862e-01	9.152530e-02	9.101868e-02	9.169809e-02
0	nM420	50	0	800	2	1	0.001	-1.311995e+00	4.984672e-01	8.650887e-03	8.546977e-03	8.856706e-03
0	nM430	50	0	800	2	1	0.046	3.270562e-01	8.342210e-02	9.595691e-05	9.356489e-05	1.094156e-04
0	nM436	50	0	800	2	1	0.007	1.249789e-01	2.049746e-01	5.422149e-01	5.415826e-01	5.418034e-01
0	nM441	50	0	800	2	1	0.001	-4.096075e-01	5.004162e-01	4.132969e-01	4.125658e-01	4.129084e-01
0	nM445	50	0	800	2	1	0.006	6.241410e-01	2.233593e-01	5.325356e-03	5.254092e-03	5.492198e-03
0	nM449	50	0	800	2	1	0.005	3.796076e-01	2.504241e-01	1.299510e-01	1.293509e-01	1.300224e-01
0	nM463	50	0	800	2	1	0.045	2.420838e-01	8.489608e-02	4.463264e-03	4.401302e-03	4.616570e-03
0	nM469	50	0	800	2	1	0.001	2.115274e-01	5.005702e-01	6.727207e-01	6.722380e-01	6.723693e-01
0	nM480	50	0	800	2	1	0.001	1.201893e-01	5.006081e-01	8.103249e-01	8.100335e-01	8.100986e-01
0	nM495	50	0	800	2	1	0.001	1.145052e-01	5.006098e-01	8.191363e-01	8.188580e-01	8.189196e-01
0	nM501	50	0	800	2	1	0.005	-1.006102e-01	2.507591e-01	6.883638e-01	6.879014e-01	6.880239e-01
0	nM510	50	0	800	2	1	0.001	7.402053e-01	4.999400e-01	1.391110e-01	1.384931e-01	1.391584e-01
0	nM545	50	0	800	2	1	0.020	1.672680e-01	1.262093e-01	1.854439e-01	1.847563e-01	1.853770e-01
0	nM548	50	0	800	2	1	0.040	7.240317e-01	8.655230e-02	2.666145e-16	2.396949e-16	3.461868e-15
0	nM551	50	0	800	2	1	0.085	2.426067e-01	6.284329e-02	1.223067e-04	1.193439e-04	1.383365e-04
0	nM561	50	0	800	2	1	0.001	1.776406e-01	5.005867e-01	7.227847e-01	7.223685e-01	7.224729e-01
0	nM570	50	0	800	2	1	0.004	-2.344866e-01	2.892800e-01	4.178446e-01	4.171158e-01	4.174536e-01
0	nM576	50	0	800	2	1	0.003	1.242040e-01	3.541906e-01	7.259285e-01	7.255166e-01	7.256194e-01
0	nM582	50	0	800	2	1	0.035	7.021616e-01	9.298478e-02	1.178901e-13	1.079936e-13	6.757795e-13
0	nM604	50	0	800	2	1	0.003	1.231682e-01	3.541911e-01	7.281234e-01	7.277145e-01	7.278162e-01
0	nM631	50	0	800	2	1	0.059	1.600173e-02	7.521912e-02	8.315881e-01	8.313283e-01	8.313851e-01
0	nM641	50	0	800	2	1	0.011	-4.148018e-01	1.670731e-01	1.324155e-02	1.309831e-02	1.348080e-02
0	nM646	50	0	800	2	1	0.003	-1.098927e-01	3.541966e-01	7.564449e-01	7.560756e-01	7.561638e-01
0	nM651	50	0	800	2	1	0.005	-6.323654e-02	2.507744e-01	8.009784e-01	8.006733e-01	8.007422e-01
0	nM659	50	0	800	2	1	0.011	2.889494e-01	1.674050e-01	8.472538e-02	8.423908e-02	8.491552e-02
0	nM663	50	0	800	2	1	0.006	2.320635e-01	2.242990e-01	3.011614e-01	3.004050e-01	3.008806e-01
0	nM667	50	0	800	2	1	0.015	-5.227955e-02	1.455118e-01	7.194803e-01	7.190596e-01	7.191656e-01
0	nM676	50	0	800	2	1	0.001	-6.550238e-01	5.000889e-01	1.906355e-01	1.899420e-01	1.905568e-01
0	nM679	50	0	800	2	1	0.001	1.309888e-01	5.006047e-01	7.936503e-01	7.933345e-01	7.934064e-01
0	nM682	50	0	800	2	1	0.046	-5.481490e-02	8.419931e-02	5.152251e-01	5.145674e-01	5.148108e-01
0	nM685	50	0	800	2	1	0.001	1.054708e+00	4.992320e-01	3.493975e-02	3.465570e-02	3.521952e-02
0	nM692	50	0	800	2	1	0.004	1.607383e+00	2.837502e-01	2.055200e-08	1.953553e-08	3.656954e-08
0	nM702	50	0	800	2	1	0.046	-4.448720e-01	8.273621e-02	9.954207e-08	9.507376e-08	1.591489e-07
0	nM708	50	0	800	2	1	0.010	-2.754433e-01	1.775110e-01	1.211312e-01	1.205497e-01	1.212258e-01
0	nM715	50	0	800	2	1	0.001	2.646288e-01	5.005386e-01	5.971688e-01	5.965947e-01	5.967740e-01
0	nM745	50	0	800	2	1	0.007	3.252856e-01	2.046987e-01	1.124351e-01	1.118736e-01	1.125529e-01
0	nM761	50	0	800	2	1	0.001	1.244401e-01	5.006068e-01	8.037508e-01	8.034498e-01	8.035176e-01
0	nM19	56	0	800	2	1	0.001	-2.287780e-01	5.005607e-01	6.477643e-01	6.472500e-01	6.473961e-01
0	nM488	56	0	800	2	1	0.003	1.269692e-01	3.541894e-01	7.200803e-01	7.196604e-01	7.197661e-01
0	cM8	57	0	800	2	1	0.006	8.659532e-01	2.223462e-01	1.065872e-04	1.039626e-04	1.211076e-04
0	nM57	57	0	800	2	1	0.020	4.194307e-02	1.263394e-01	7.399862e-01	7.395937e-01	7.396897e-01
0	nM156	57	0	800	2	1	0.003	1.187822e-01	3.541930e-01	7.374415e-01	7.370456e-01	7.371427e-01
0	nM238	57	0	800	2	1	0.001	-3.186954e-01	5.004991e-01	5.244670e-01	5.238177e-01	5.240532e-01
0	nM401	57	0	800	2	1	0.001	2.098615e-02	5.006257e-01	9.665731e-01	9.665208e-01	9.665313e-01
0	nM520	57	0	800	2	1	0.004	-4.109559e-03	2.893991e-01	9.886737e-01	9.886560e-01	9.886595e-01
0	nM598	57	0	800	2	1	0.001	-2.529757e-01	5.005461e-01	6.134179e-01	6.128624e-01	6.130305e-01
0	nM723	57	0	800	2	1	0.035	7.891133e-01	9.210687e-02	5.429312e-17	4.857235e-17	8.941493e-16
0	nM756	57	0	800	2	1	0.001	-4.381572e-01	5.003859e-01	3.814900e-01	3.807449e-01	3.811229e-01
0	cM20	60	0	800	2	1	0.001	4.570338e-01	5.003647e-01	3.613074e-01	3.605559e-01	3.609575e-01
0	cM31	60	0	800	2	1	0.003	-1.553713e+00	3.499218e-01	1.025485e-05	9.932619e-06	1.275590e-05
0	cM38	60	0	800	2	1	0.001	-5.016969e-02	5.006231e-01	9.201992e-01	9.200746e-01	9.201001e-01
0	cM70	60	0	800	2	1	0.011	-3.848109e-01	1.671630e-01	2.159128e-02	2.138712e-02	2.186097e-02
0	nM64	60	0	800	2	1	0.001	8.959700e-01	4.996205e-01	7.330336e-02	7.285438e-02	7.352137e-02
0	nM87	60	0	800	2	1	0.021	3.148537e-01	1.221465e-01	1.012515e-02	1.000801e-02	1.034365e-02
0	nM121	60	0	800	2	1	0.005	1.212373e-01	2.507476e-01	6.288710e-01	6.283337e-01	6.284917e-01
0	nM143	60	0	800	2	1	0.015	2.904116e-02	1.455199e-01	8.418691e-01	8.416247e-01	8.416775e-01
0	nM183	60	0	800	2	1	0.009	1.106967e-01	1.898930e-01	5.600967e-01	5.594825e-01	5.596892e-01
0	nM205	60	0	800	2	1	0.001	-1.363519e+00	4.982939e-01	6.350073e-03	6.268260e-03	6.530851e-03
0	nM284	60	0	800	2	1	0.003	8.988991e-03	3.542178e-01	9.797606e-01	9.797289e-01	9.797353e-01
0	nM292	60	0	800	2	1	0.006	1.832921e-01	2.243556e-01	4.141886e-01	4.134579e-01	4.137996e-01
0	nM309	60	0	800	2	1	0.018	4.573860e-01	1.339247e-01	6.694343e-04	6.565059e-04	7.206918e-04
0	nM362	60	0	800	2	1	0.001	-4.961276e-01	5.003181e-01	3.216813e-01	3.209241e-01	3.213738e-01
0	nM425	60	0	800	2	1	0.014	3.659701e-01	1.513446e-01	1.582367e-02	1.566038e-02	1.607550e-02
0	nM506	60	0	800	2	1	0.040	4.205210e-02	9.025522e-02	6.413968e-01	6.408747e-01	6.410247e-01
0	nM527	60	0	800	2	1	0.003	8.455691e-02	3.542053e-01	8.113818e-01	8.110919e-01	8.111566e-01
0	nM533	60	0	800	2	1	0.039	-2.982001e-02	9.164614e-02	7.449772e-01	7.445918e-01	7.446853e-01
0	nM539	60	0	800	2	1	0.001	-2.142783e-01	5.005688e-01	6.687159e-01	6.682280e-01	6.683616e-01
0	nM587	60	0	800	2	1	0.005	1.890582e-01	2.506950e-01	4.509900e-01	4.502813e-01	4.505847e-01
0	nM736	60	0	800	2	1	0.009	-7.445875e-03	1.899332e-01	9.687387e-01	9.686897e-01	9.686996e-01
0	nM773	60	0	800	2	1	0.010	-4.533130e-01	1.770528e-01	1.064042e-02	1.051880e-02	1.086287e-02
0	nM75	62	0	800	2	1	0.001	1.181297e-01	5.006088e-01	8.135149e-01	8.132282e-01	8.132921e-01
0	cM25	67	0	800	2	1	0.010	6.043969e-01	1.764864e-01	6.471144e-04	6.345539e-04	6.972619e-04
0	cM43	67	0	800	2	1	0.003	5.412383e-02	3.542127e-01	8.785944e-01	8.784057e-01	8.784453e-01
0	cM47	67	0	800	2	1	0.004	-6.955224e-01	2.883499e-01	1.608659e-02	1.592133e-02	1.633951e-02
0	nM3	67	0	800	2	1	0.001	1.232871e-01	5.006072e-01	8.055326e-01	8.052341e-01	8.053012e-01
0	nM20	67	0	800	2	1	0.009	6.717451e-02	1.899185e-01	7.236559e-01	7.232409e-01	7.233448e-01
0	nM26	67	0	800	2	1	0.001	-1.262453e-01	5.006063e-01	8.009632e-01	8.006580e-01	8.007269e-01
0	nM30	67	0	800	2	1	0.003	-1.989321e-02	3.542172e-01	9.552276e-01	9.551575e-01	9.551716e-01
0	nM46	67	0	800	2	1	0.026	4.359022e-02	1.106283e-01	6.936686e-01	6.932132e-01	6.933328e-01
0	nM92	67	0	800	2	1	0.001	-4.529492e-01	5.003694e-01	3.656170e-01	3.648667e-01	3.652631e-01
0	nM99	67	0	800	2	1	0.100	-1.275437e-01	5.878936e-02	3.033903e-02	3.008063e-02	3.061878e-02
0	nM106	67	0	800	2	1	0.004	-4.086646e-01	2.890373e-01	1.577866e-01	1.571367e-01	1.577863e-01
0	nM110	67	0	800	2	1	0.005	-1.017647e-01	2.507585e-01	6.849782e-01	6.845114e-01	6.846357e-01
0	nM116	67	0	800	2	1	0.001	3.849642e-01	5.004407e-01	4.419723e-01	4.412577e-01	4.415702e-01
0	nM162	67	0	800	2	1	0.028	-8.608754e-02	1.081218e-01	4.261476e-01	4.254234e-01	4.257523e-01
0	nM176	67	0	800	2	1	0.001	1.253697e-01	5.006066e-01	8.023149e-01	8.020118e-01	8.020801e-01
0	nM213	67	0	800	2	1	0.001	5.967109e-01	5.001804e-01	2.332273e-01	2.324962e-01	2.330589e-01
0	nM217	67	0	800	2	1	0.028	8.337866e-02	1.081245e-01	4.408547e-01	4.401395e-01	4.404531e-01
0	nM221	67	0	800	2	1	0.001	1.272996e-01	5.006059e-01	7.993362e-01	7.990286e-01	7.990982e-01
0	nM232	67	0	800	2	1	0.004	9.200989e-02	2.893808e-01	7.506027e-01	7.502252e-01	7.503161e-01
0	nM256	67	0	800	2	1	0.016	-2.464071e-01	1.396311e-01	7.799659e-02	7.753177e-02	7.820340e-02
0	nM268	67	0	800	2	1	0.004	-1.657919e-01	2.893396e-01	5.668055e-01	5.661982e-01	5.663997e-01
0	nM272	67	0	800	2	1	0.019	4.937595e-02	1.303970e-01	7.050420e-01	7.046018e-01	7.047153e-01
0	nM278	67	0	800	2	1	0.001	1.187279e-01	5.006086e-01	8.125880e-01	8.122999e-01	8.123641e-01
0	nM297	67	0	800	2	1	0.001	1.167745e-01	5.006092e-01	8.156156e-01	8.153321e-01	8.153951e-01
0	nM319	67	0	800	2	1	0.003	1.271113e-01	3.541893e-01	7.197802e-01	7.193599e-01	7.194658e-01
0	nM327	67	0	800	2	1	0.003	5.025506e-01	3.537709e-01	1.558371e-01	1.551903e-01	1.558417e-01
0	nM337	67	0	800	2	1	0.044	-8.796716e-01	8.068032e-02	6.721296e-26	5.643900e-26	5.506649e-23
0	nM344	67	0	800	2	1	0.001	-2.513111e-01	5.005472e-01	6.157548e-01	6.152020e-01	6.153686e-01
0	nM367	67	0	800	2	1	0.005	1.241284e-01	2.507459e-01	6.207105e-01	6.201635e-01	6.203268e-01
0	nM374	67	0	800	2	1	0.006	-3.169839e-01	2.241687e-01	1.577396e-01	1.570899e-01	1.577395e-01
0	nM380	67	0	800	2	1	0.003	-2.351531e-01	3.541201e-01	5.068507e-01	5.061856e-01	5.064363e-01
0	nM387	67	0	800	2	1	0.016	-1.567689e-01	1.397932e-01	2.624404e-01	2.616938e-01	2.622191e-01
0	nM437	67	0	800	2	1	0.001	-7.432741e-01	4.999343e-01	1.374776e-01	1.368627e-01	1.375292e-01
0	nM456	67	0	800	2	1	0.001	-1.329652e+00	4.984086e-01	7.789916e-03	7.694046e-03	7.987217e-03
0	nM460	67	0	800	2	1	0.006	1.211951e-01	2.244084e-01	5.893030e-01	5.887200e-01	5.889049e-01
0	nM476	67	0	800	2	1	0.001	1.183309e-01	5.006087e-01	8.132030e-01	8.129159e-01	8.129799e-01
0	nM489	67	0	800	2	1	0.013	-1.605838e-01	1.591096e-01	3.131533e-01	3.123961e-01	3.128565e-01
0	nM514	67	0	800	2	1	0.014	-3.760192e-02	1.518922e-01	8.045412e-01	8.042413e-01	8.043087e-01
0	nM562	67	0	800	2	1	0.035	2.049722e-01	9.597580e-02	3.301049e-02	3.273699e-02	3.329060e-02
0	nM577	67	0	800	2	1	0.004	1.279207e-01	2.893637e-01	6.585540e-01	6.580533e-01	6.581928e-01
0	nM592	67	0	800	2	1	0.004	-2.082037e-01	2.893052e-01	4.719401e-01	4.712465e-01	4.715293e-01
0	nM613	67	0	800	2	1	0.004	-1.059556e-01	2.893748e-01	7.143475e-01	7.139198e-01	7.140284e-01
0	nM620	67	0	800	2	1	0.001	3.384966e-01	5.004828e-01	4.990206e-01	4.983487e-01	4.986065e-01
0	nM628	67	0	800	2	1	0.006	-2.225907e-01	2.243110e-01	3.213371e-01	3.205799e-01	3.210301e-01
0	nM637	67	0	800	2	1	0.003	1.919048e-01	3.541528e-01	5.880593e-01	5.874750e-01	5.876608e-01
0	nM655	67	0	800	2	1	0.013	1.219786e-01	1.591526e-01	4.436496e-01	4.429361e-01	4.432469e-01
0	nM673	67	0	800	2	1	0.005	-7.084862e-01	2.495271e-01	4.635967e-03	4.572106e-03	4.792138e-03
0	nM689	67	0	800	2	1	0.004	1.657611e-01	2.893396e-01	5.668774e-01	5.662702e-01	5.664717e-01
0	nM698	67	0	800	2	1	0.003	1.171887e-01	3.541936e-01	7.408366e-01	7.404453e-01	7.405409e-01
0	nM709	67	0	800	2	1	0.001	5.871291e-02	5.006219e-01	9.066677e-01	9.065222e-01	9.065522e-01
0	nM716	67	0	800	2	1	0.001	-3.316911e-01	5.004885e-01	5.076919e-01	5.070274e-01	5.072774e-01
0	nM729	67	0	800	2	1	0.030	-1.698916e-02	1.036915e-01	8.698960e-01	8.696941e-01	8.697367e-01
0	nM741	67	0	800	2	1	0.026	-4.912090e-02	1.106254e-01	6.571420e-01	6.566395e-01	6.567798e-01
0	nM767	67	0	800	2	1	0.001	1.207139e-01	5.006080e-01	8.095127e-01	8.092202e-01	8.092856e-01
0	cM9	71	0	800	2	1	0.003	8.968672e-01	3.527922e-01	1.120378e-02	1.107735e-02	1.143030e-02
0	nM58	71	0	800	2	1	0.004	-7.109191e-02	2.893882e-01	8.060064e-01	8.057087e-01	8.057755e-01
0	nM157	71	0	800	2	1	0.009	-2.580197e-01	1.897137e-01	1.741988e-01	1.735253e-01	1.741584e-01
0	nM239	71	0	800	2	1	0.041	-1.976513e-01	8.867159e-02	2.608987e-02	2.585683e-02	2.636670e-02
0	nM402	71	0	800	2	1	0.004	-1.901806e-01	2.893208e-01	5.111553e-01	5.104939e-01	5.107409e-01
0	nM521	71	0	800	2	1	0.001	1.166403e-01	5.006092e-01	8.158237e-01	8.155404e-01	8.156033e-01
0	nM599	71	0	800	2	1	0.004	1.601775e-01	2.893436e-01	5.800150e-01	5.794218e-01	5.796135e-01
0	nM724	71	0	800	2	1	0.004	1.391881e-01	2.893572e-01	6.306303e-01	6.300952e-01	6.302520e-01
0	nM757	71	0	800	2	1	0.003	1.178902e-01	3.541933e-01	7.393414e-01	7.389480e-01	7.390443e-01
0	cM52	75	0	800	2	1	0.011	-9.237151e-01	1.644987e-01	2.708830e-08	2.577020e-08	4.726865e-08
0	cM57	75	0	800	2	1	0.077	-1.256121e-01	6.600543e-02	5.739274e-02	5.700355e-02	5.764485e-02
0	cM76	75	0	800	2	1	0.051	-6.639446e-01	7.669803e-02	2.662926e-17	2.377110e-17	4.893503e-16
0	nM8	75	0	800	2	1	0.005	7.278734e-01	2.494572e-01	3.623777e-03	3.571323e-03	3.761850e-03
0	nM42	75	0	800	2	1	0.035	1.602816e-01	9.608230e-02	9.567437e-02	9.515597e-02	9.583639e-02
0	nM51	75	0	800	2	1	0.033	-4.475047e-02	9.974131e-02	6.537949e-01	6.532882e-01	6.534306e-01
0	nM76	75	0	800	2	1	0.001	1.333933e-01	5.006040e-01	7.899502e-01	7.896290e-01	7.897025e-01
0	nM82	75	0	800	2	1	0.004	7.452106e-01	2.881943e-01	9.891690e-03	9.776605e-03	1.010833e-02
0	nM127	75	0	800	2	1	0.004	-1.476486e-01	2.893519e-01	6.100011e-01	6.094416e-01	6.096120e-01
0	nM134	75	0	800	2	1	0.001	1.160346e-01	5.006094e-01	8.167632e-01	8.164813e-01	8.165438e-01
0	nM150	75	0	800	2	1	0.006	-5.031103e-02	2.244423e-01	8.226901e-01	8.224170e-01	8.224772e-01
0	nM189	75	0	800	2	1	0.001	1.193492e-01	5.006084e-01	8.116256e-01	8.113362e-01	8.114008e-01
0	nM200	75	0	800	2	1	0.001	1.237217e-01	5.006071e-01	8.048609e-01	8.045615e-01	8.046288e-01
0	nM226	75	0	800	2	1	0.004	1.237019e-01	2.893660e-01	6.691357e-01	6.686484e-01	6.687817e-01
0	nM246	75	0	800	2	1	0.006	6.056144e-02	2.244391e-01	7.873573e-01	7.870323e-01	7.871069e-01
0	nM261	75	0	800	2	1	0.004	-4.413760e-01	2.889770e-01	1.270643e-01	1.264701e-01	1.271433e-01
0	nM304	75	0	800	2	1	0.001	1.159224e-01	5.006094e-01	8.169371e-01	8.166555e-01	8.167180e-01
0	nM315	75	0	800	2	1	0.003	1.202344e-01	3.541924e-01	7.343521e-01	7.339518e-01	7.340505e-01
0	nM333	75	0	800	2	1	0.006	-1.019979e+00	2.215261e-01	4.813568e-06	4.651729e-06	6.197491e-06
0	nM352	75	0	800	2	1	0.003	1.217178e-01	3.541917e-01	7.312004e-01	7.307958e-01	7.308960e-01
0	nM357	75	0	800	2	1	0.036	2.344214e-02	9.463332e-02	8.044183e-01	8.041182e-01	8.041857e-01
0	nM395	75	0	800	2	1	0.003	1.193288e-01	3.541927e-01	7.362781e-01	7.358805e-01	7.359782e-01
0	nM431	75	0	800	2	1	0.039	2.770603e-02	9.164697e-02	7.624926e-01	7.621319e-01	7.622173e-01
0	nM446	75	0	800	2	1	0.072	1.161022e-01	6.808968e-02	8.855811e-02	8.806020e-02	8.873853e-02
0	nM470	75	0	800	2	1	0.058	-2.830722e-03	7.598398e-02	9.702916e-01	9.702451e-01	9.702545e-01
0	nM481	75	0	800	2	1	0.018	-6.942056e-02	1.348775e-01	6.069099e-01	6.063469e-01	6.065194e-01
0	nM496	75	0	800	2	1	0.005	-1.900576e-02	2.507835e-01	9.396087e-01	9.395143e-01	9.395334e-01
0	nM571	75	0	800	2	1	0.001	1.731079e-01	5.005887e-01	7.295777e-01	7.291708e-01	7.292718e-01
0	nM605	75	0	800	2	1	0.005	1.308954e-01	2.507416e-01	6.017922e-01	6.012233e-01	6.013994e-01
0	nM642	75	0	800	2	1	0.005	-2.259096e+00	2.376918e-01	2.291571e-20	2.001531e-20	1.384239e-18
0	nM647	75	0	800	2	1	0.004	-3.985333e-01	2.890550e-01	1.683596e-01	1.676941e-01	1.683333e-01
0	nM660	75	0	800	2	1	0.030	1.777487e-01	1.035022e-01	8.630457e-02	8.581344e-02	8.649073e-02
0	nM668	75	0	800	2	1	0.013	2.286584e-01	1.590052e-01	1.508102e-01	1.501716e-01	1.508275e-01
0	nM703	75	0	800	2	1	0.070	-5.515863e-02	6.930015e-02	4.263047e-01	4.255807e-01	4.259094e-01
0	nM746	75	0	800	2	1	0.005	6.227929e-02	2.507747e-01	8.039294e-01	8.036286e-01	8.036963e-01
0	nM21	78	0	800	2	1	0.001	-3.617947e-01	5.004624e-01	4.699403e-01	4.692451e-01	4.695299e-01
0	nM490	78	0	800	2	1	0.106	6.007647e-02	5.736226e-02	2.952705e-01	2.945148e-01	2.949979e-01
0	cM21	80	0	800	2	1	0.018	-6.868341e-01	1.326907e-01	2.867966e-07	2.748033e-07	4.293915e-07
0	cM32	80	0	800	2	1	0.001	-6.636696e-01	5.000747e-01	1.848416e-01	1.841548e-01	1.847762e-01
0	cM39	80	0	800	2	1	0.019	-7.067816e-02	1.303847e-01	5.879188e-01	5.873343e-01	5.875202e-01
0	cM71	80	0	800	2	1	0.011	6.871516e-01	1.659438e-01	3.828504e-05	3.722859e-05	4.512150e-05
0	nM65	80	0	800	2	1	0.006	5.564174e-01	2.235834e-01	1.302634e-02	1.288484e-02	1.326437e-02
0	nM88	80	0	800	2	1	0.006	1.013758e-01	2.244207e-01	6.515919e-01	6.510824e-01	6.512262e-01
0	nM122	80	0	800	2	1	0.001	-3.202062e-01	5.004979e-01	5.225022e-01	5.218512e-01	5.220884e-01
0	nM144	80	0	800	2	1	0.006	-1.230539e-02	2.244490e-01	9.562917e-01	9.562233e-01	9.562371e-01
0	nM184	80	0	800	2	1	0.009	-1.533429e-01	1.898558e-01	4.195149e-01	4.187871e-01	4.191230e-01
0	nM206	80	0	800	2	1	0.007	-2.054417e-01	2.048933e-01	3.163208e-01	3.155635e-01	3.160200e-01
0	nM285	80	0	800	2	1	0.001	-2.810683e-01	5.005273e-01	5.745841e-01	5.739851e-01	5.741808e-01
0	nM293	80	0	800	2	1	0.059	2.205432e-02	7.521720e-02	7.694391e-01	7.690883e-01	7.691706e-01
0	nM310	80	0	800	2	1	0.010	2.512496e-02	1.777763e-01	8.876457e-01	8.874709e-01	8.875073e-01
0	nM363	80	0	800	2	1	0.001	2.007800e-01	5.005758e-01	6.884553e-01	6.879930e-01	6.881154e-01
0	nM426	80	0	800	2	1	0.001	-4.400220e-01	5.003838e-01	3.794660e-01	3.787201e-01	3.791005e-01
0	nM507	80	0	800	2	1	0.004	-5.335282e-02	2.893930e-01	8.537770e-01	8.535506e-01	8.535990e-01
0	nM528	80	0	800	2	1	0.018	-2.724493e-01	1.345547e-01	4.321820e-02	4.289193e-02	4.349202e-02
0	nM534	80	0	800	2	1	0.033	6.827578e-01	9.678161e-02	3.757005e-12	3.478413e-12	1.446657e-11
0	nM540	80	0	800	2	1	0.003	-3.810065e-01	3.539611e-01	2.820702e-01	2.813172e-01	2.818172e-01
0	nM588	80	0	800	2	1	0.001	1.181817e-01	5.006087e-01	8.134342e-01	8.131474e-01	8.132113e-01
0	nM737	80	0	800	2	1	0.005	5.041225e-03	2.507843e-01	9.839672e-01	9.839421e-01	9.839471e-01
0	nM774	80	0	800	2	1	0.004	-6.903854e-02	2.893888e-01	8.115028e-01	8.112132e-01	8.112778e-01
0	nM279	83	0	800	2	1	0.003	-7.695544e-01	3.531688e-01	2.962363e-02	2.936938e-02	2.990311e-02
0	nM328	83	0	800	2	1	0.001	-1.262828e-01	5.006063e-01	8.009052e-01	8.006000e-01	8.006689e-01
0	nM381	83	0	800	2	1	0.004	1.243610e-01	2.893656e-01	6.674780e-01	6.669886e-01	6.671229e-01
0	nM438	83	0	800	2	1	0.029	-7.817327e-02	1.058191e-01	4.602795e-01	4.595773e-01	4.598714e-01
0	nM563	83	0	800	2	1	0.076	-2.186892e-01	6.619883e-02	9.973289e-04	9.792118e-04	1.063305e-03
0	nM578	83	0	800	2	1	0.003	1.607243e+00	3.496187e-01	4.978381e-06	4.811488e-06	6.399517e-06
0	nM710	83	0	800	2	1	0.001	-5.608510e-01	5.002324e-01	2.625481e-01	2.618015e-01	2.623266e-01
0	nM717	83	0	800	2	1	0.007	-1.972545e-01	2.049034e-01	3.360043e-01	3.352481e-01	3.356802e-01
0	cM10	86	0	800	2	1	0.003	9.013208e-01	3.527780e-01	1.080560e-02	1.068256e-02	1.102926e-02
0	nM59	86	0	800	2	1	0.004	1.225857e-01	2.893666e-01	6.719464e-01	6.714627e-01	6.715944e-01
0	nM158	86	0	800	2	1	0.019	4.658322e-02	1.303983e-01	7.210081e-01	7.205894e-01	7.206947e-01
0	nM240	86	0	800	2	1	0.001	1.146013e-01	5.006098e-01	8.189871e-01	8.187086e-01	8.187702e-01
0	nM403	86	0	800	2	1	0.018	-1.101720e-01	1.348435e-01	4.141520e-01	4.134213e-01	4.137630e-01
0	nM522	86	0	800	2	1	0.001	1.256561e-01	5.006065e-01	8.018728e-01	8.015689e-01	8.016375e-01
0	nM600	86	0	800	2	1	0.001	1.217537e-01	5.006077e-01	8.079038e-01	8.076089e-01	8.076749e-01
0	nM725	86	0	800	2	1	0.010	2.844131e-02	1.777757e-01	8.729340e-01	8.727367e-01	8.727782e-01
0	nM758	86	0	800	2	1	0.001	1.215129e-01	5.006077e-01	8.082763e-01	8.079819e-01	8.080479e-01
0	nM77	88	0	800	2	1	0.022	-4.260021e-01	1.183173e-01	3.372209e-04	3.300414e-04	3.697726e-04
0	nM22	89	0	800	2	1	0.011	2.660690e-03	1.677171e-01	9.873467e-01	9.873269e-01	9.873309e-01
0	nM491	89	0	800	2	1	0.005	-3.602117e-03	2.507843e-01	9.885436e-01	9.885257e-01	9.885293e-01
0	cM3	100	0	800	2	1	0.021	-1.410713e-01	1.225523e-01	2.500312e-01	2.492903e-01	2.498315e-01
0	cM11	100	0	800	2	1	0.033	4.214938e-01	9.863169e-02	2.157522e-05	2.094392e-05	2.600736e-05
0	cM13	100	0	800	2	1	0.005	-7.823857e-01	2.492503e-01	1.757899e-03	1.728824e-03	1.850696e-03
0	cM15	100	0	800	2	1	0.039	3.900215e-01	9.060632e-02	1.881093e-05	1.825302e-05	2.280265e-05
0	cM22	100	0	800	2	1	0.021	-2.348133e-01	1.223720e-01	5.535999e-02	5.497921e-02	5.561585e-02
0	cM26	100	0	800	2	1	0.001	-8.310538e-01	4.997611e-01	9.672469e-02	9.620338e-02	9.688396e-02
0	cM33	100	0	800	2	1	0.019	1.570795e+00	1.179595e-01	1.114129e-36	8.663704e-37	6.922173e-31
0	cM40	100	0	800	2	1	0.003	-7.823584e-01	3.531336e-01	2.700909e-02	2.677041e-02	2.728683e-02
0	cM44	100	0	800	2	1	0.009	-2.821502e+00	1.615508e-01	4.318460e-58	2.883274e-58	2.393444e-44
0	cM48	100	0	800	2	1	0.001	-1.212025e+00	4.987843e-01	1.532012e-02	1.516064e-02	1.556976e-02
0	cM53	100	0	800	2	1	0.010	7.702928e-01	1.756749e-01	1.316591e-05	1.276177e-05	1.620058e-05
0	cM58	100	0	800	2	1	0.026	-2.791337e-01	1.101970e-01	1.149816e-02	1.136924e-02	1.172669e-02
0	cM61	100	0	800	2	1	0.014	2.009381e-02	1.518964e-01	8.947912e-01	8.946274e-01	8.946613e-01
0	cM63	100	0	800	2	1	0.003	-2.135637e+00	3.460562e-01	1.076288e-09	1.013895e-09	2.407939e-09
0	cM66	100	0	800	2	1	0.001	-3.147730e+00	4.880679e-01	1.944851e-10	1.822548e-10	5.055012e-10
0	cM72	100	0	800	2	1	0.001	-3.802543e-01	5.004452e-01	4.475794e-01	4.468685e-01	4.471753e-01
0	cM77	100	0	800	2	1	0.005	-1.049991e+00	2.480146e-01	2.567492e-05	2.493664e-05	3.073365e-05
0	nM4	100	0	800	2	1	0.001	1.298994e-01	5.006051e-01	7.953282e-01	7.950148e-01	7.950860e-01
0	nM9	100	0	800	2	1	0.081	-1.862976e-02	6.473872e-02	7.735987e-01	7.732538e-01	7.733343e-01
0	nM12	100	0	800	2	1	0.001	1.402298e-01	5.006016e-01	7.794561e-01	7.791196e-01	7.791976e-01
0	nM23	100	0	800	2	1	0.001	1.602258e+00	4.974028e-01	1.328065e-03	1.305032e-03	1.406675e-03
0	nM27	100	0	800	2	1	0.003	4.285350e-02	3.542147e-01	9.037360e-01	9.035859e-01	9.036169e-01
0	nM31	100	0	800	2	1	0.019	1.427106e-01	1.303108e-01	2.737790e-01	2.730284e-01	2.735390e-01
0	nM33	100	0	800	2	1	0.001	1.200491e-01	5.006082e-01	8.105419e-01	8.102508e-01	8.103158e-01
0	nM36	100	0	800	2	1	0.005	8.033885e-02	2.507682e-01	7.487710e-01	7.483909e-01	7.484827e-01
0	nM38	100	0	800	2	1	0.001	-2.383739e-01	5.005551e-01	6.340486e-01	6.335176e-01	6.336722e-01
0	nM43	100	0	800	2	1	0.006	1.774710e-01	2.243614e-01	4.291761e-01	4.284538e-01	4.287795e-01
0	nM47	100	0	800	2	1	0.020	-1.948068e-01	1.261598e-01	1.229540e-01	1.223685e-01	1.230438e-01
0	nM52	100	0	800	2	1	0.003	1.243948e-01	3.541906e-01	7.255246e-01	7.251122e-01	7.252152e-01
0	nM60	100	0	800	2	1	0.003	-5.824338e-01	3.536174e-01	9.993662e-02	9.940660e-02	1.000875e-01
0	nM66	100	0	800	2	1	0.001	1.209913e-01	5.006079e-01	8.090835e-01	8.087903e-01	8.088559e-01
0	nM69	100	0	800	2	1	0.004	-1.079284e-01	2.893739e-01	7.092683e-01	7.088337e-01	7.089450e-01
0	nM78	100	0	800	2	1	0.006	2.823016e-01	2.242268e-01	2.083984e-01	2.076868e-01	2.082805e-01
0	nM83	100	0	800	2	1	0.001	-1.051294e-01	5.006124e-01	8.337200e-01	8.334634e-01	8.335194e-01
0	nM89	100	0	800	2	1	0.018	-2.464858e-02	1.348971e-01	8.550631e-01	8.548386e-01	8.548866e-01
0	nM93	100	0	800	2	1	0.003	-9.096138e-02	3.542033e-01	7.973951e-01	7.970847e-01	7.971551e-01
0	nM95	100	0	800	2	1	0.007	1.221991e-01	2.049767e-01	5.512367e-01	5.506134e-01	5.508271e-01
0	nM100	100	0	800	2	1	0.003	-6.467417e-02	3.542105e-01	8.551686e-01	8.549443e-01	8.549922e-01
0	nM103	100	0	800	2	1	0.019	3.146215e-01	1.299322e-01	1.568168e-02	1.551946e-02	1.593290e-02
0	nM107	100	0	800	2	1	0.004	3.423356e-03	2.893991e-01	9.905648e-01	9.905501e-01	9.905530e-01
0	nM111	100	0	800	2	1	0.001	1.253697e-01	5.006066e-01	8.023149e-01	8.020118e-01	8.020801e-01
0	nM113	100	0	800	2	1	0.030	3.757650e-02	1.036847e-01	7.171408e-01	7.167169e-01	7.168241e-01
0	nM117	100	0	800	2	1	0.011	3.089663e-01	1.673602e-01	6.524552e-02	6.482557e-02	6.548170e-02
0	nM123	100	0	800	2	1	0.003	1.192171e-01	3.541928e-01	7.365160e-01	7.361187e-01	7.362163e-01
0	nM128	100	0	800	2	1	0.007	-3.176864e-01	2.047136e-01	1.210928e-01	1.205114e-01	1.211876e-01
0	nM130	100	0	800	2	1	0.001	1.171104e-01	5.006091e-01	8.150948e-01	8.148105e-01	8.148737e-01
0	nM135	100	0	800	2	1	0.003	-2.174215e-01	3.541343e-01	5.394219e-01	5.387869e-01	5.390100e-01
0	nM137	100	0	800	2	1	0.001	1.205192e-01	5.006080e-01	8.098142e-01	8.095220e-01	8.095873e-01
0	nM139	100	0	800	2	1	0.010	-7.577310e-02	1.777583e-01	6.700258e-01	6.695397e-01	6.696725e-01
0	nM145	100	0	800	2	1	0.001	-3.145231e-01	5.005024e-01	5.299120e-01	5.292679e-01	5.294988e-01
0	nM151	100	0	800	2	1	0.003	5.235858e-03	3.542179e-01	9.882102e-01	9.881918e-01	9.881955e-01
0	nM159	100	0	800	2	1	0.006	-1.459423e-01	2.243899e-01	5.156236e-01	5.149662e-01	5.152093e-01
0	nM163	100	0	800	2	1	0.010	-1.443918e-01	1.777051e-01	4.167262e-01	4.159969e-01	4.163358e-01
0	nM166	100	0	800	2	1	0.035	-1.216254e-02	9.624872e-02	8.994743e-01	8.993177e-01	8.993500e-01
0	nM169	100	0	800	2	1	0.003	6.408752e-01	3.534907e-01	7.020890e-02	6.977079e-02	7.043407e-02
0	nM171	100	0	800	2	1	0.001	3.011336e-02	5.006251e-01	9.520500e-01	9.519750e-01	9.519901e-01
0	nM173	100	0	800	2	1	0.001	-3.614117e-01	5.004627e-01	4.704106e-01	4.697158e-01	4.700002e-01
0	nM177	100	0	800	2	1	0.024	-5.123584e-01	1.147429e-01	9.149008e-06	8.858490e-06	1.143781e-05
0	nM179	100	0	800	2	1	0.003	-7.013313e-01	3.533468e-01	4.750608e-02	4.715965e-02	4.777456e-02
0	nM185	100	0	800	2	1	0.015	-2.811973e-03	1.455235e-01	9.845881e-01	9.845640e-01	9.845688e-01
0	nM190	100	0	800	2	1	0.006	-2.275190e-01	2.243048e-01	3.107331e-01	3.099759e-01	3.104394e-01
0	nM193	100	0	800	2	1	0.070	-1.079382e-02	6.932660e-02	8.763127e-01	8.761205e-01	8.761609e-01
0	nM196	100	0	800	2	1	0.020	1.496501e-02	1.263471e-01	9.057459e-01	9.055990e-01	9.056293e-01
0	nM201	100	0	800	2	1	0.001	1.209172e-01	5.006079e-01	8.091982e-01	8.089051e-01	8.089707e-01
0	nM207	100	0	800	2	1	0.035	1.355489e-01	9.613000e-02	1.589122e-01	1.582607e-01	1.589092e-01
0	nM209	100	0	800	2	1	0.022	-8.449035e-02	1.192369e-01	4.787846e-01	4.780962e-01	4.783725e-01
0	nM214	100	0	800	2	1	0.001	-3.173762e-01	5.005001e-01	5.261855e-01	5.255378e-01	5.257719e-01
0	nM218	100	0	800	2	1	0.015	-3.018826e-02	1.455196e-01	8.357102e-01	8.354566e-01	8.355118e-01
0	nM222	100	0	800	2	1	0.020	-3.575955e-01	1.257124e-01	4.561205e-03	4.498164e-03	4.716146e-03
0	nM227	100	0	800	2	1	0.014	1.243443e-01	1.518342e-01	4.130609e-01	4.123297e-01	4.126726e-01
0	nM229	100	0	800	2	1	0.004	5.150014e-02	2.893934e-01	8.588004e-01	8.585816e-01	8.586282e-01
0	nM233	100	0	800	2	1	0.058	2.997545e-01	7.523947e-02	7.396226e-05	7.206268e-05	8.509686e-05
0	nM241	100	0	800	2	1	0.009	-9.091340e-02	1.899061e-01	6.322632e-01	6.317301e-01	6.318858e-01
0	nM247	100	0	800	2	1	0.001	1.273437e-01	5.006059e-01	7.992682e-01	7.989606e-01	7.990302e-01
0	nM250	100	0	800	2	1	0.003	8.157691e-02	3.542062e-01	8.179106e-01	8.176304e-01	8.176925e-01
0	nM253	100	0	800	2	1	0.001	1.731079e-01	5.005887e-01	7.295777e-01	7.291708e-01	7.292718e-01
0	nM257	100	0	800	2	1	0.001	-6.030538e-01	5.001709e-01	2.282923e-01	2.275645e-01	2.281335e-01
0	nM262	100	0	800	2	1	0.003	-1.894326e-01	3.541544e-01	5.928771e-01	5.922981e-01	5.924805e-01
0	nM265	100	0	800	2	1	0.040	-2.303099e-02	9.026381e-02	7.986715e-01	7.983630e-01	7.984328e-01
0	nM269	100	0	800	2	1	0.003	2.628637e-01	3.540957e-01	4.580925e-01	4.573887e-01	4.576851e-01
0	nM273	100	0	800	2	1	0.003	1.233461e-02	3.542177e-01	9.722303e-01	9.721868e-01	9.721956e-01
0	nM280	100	0	800	2	1	0.003	5.227216e-01	3.537343e-01	1.398763e-01	1.392569e-01	1.399217e-01
0	nM286	100	0	800	2	1	0.013	1.210015e-01	1.591535e-01	4.473109e-01	4.465998e-01	4.469069e-01
0	nM294	100	0	800	2	1	0.004	3.713208e-01	2.891004e-01	1.993745e-01	1.986716e-01	1.992762e-01
0	nM298	100	0	800	2	1	0.001	1.261137e-01	5.006063e-01	8.011663e-01	8.008615e-01	8.009303e-01
0	nM300	100	0	800	2	1	0.003	5.260271e-01	3.537281e-01	1.373849e-01	1.367702e-01	1.374368e-01
0	nM305	100	0	800	2	1	0.001	2.604406e-01	5.005413e-01	6.029864e-01	6.024188e-01	6.025941e-01
0	nM311	100	0	800	2	1	0.005	2.957414e-02	2.507822e-01	9.061547e-01	9.060084e-01	9.060385e-01
0	nM316	100	0	800	2	1	0.001	-7.463980e-01	4.999285e-01	1.358299e-01	1.352182e-01	1.358859e-01
0	nM320	100	0	800	2	1	0.006	3.371858e-01	2.241318e-01	1.328718e-01	1.322659e-01	1.329355e-01
0	nM322	100	0	800	2	1	0.001	2.110215e-02	5.006257e-01	9.663884e-01	9.663358e-01	9.663464e-01
0	nM329	100	0	800	2	1	0.015	-1.994477e-01	1.453522e-01	1.703964e-01	1.697281e-01	1.703651e-01
0	nM334	100	0	800	2	1	0.001	-4.096075e-01	5.004162e-01	4.132969e-01	4.125658e-01	4.129084e-01
0	nM338	100	0	800	2	1	0.005	2.323232e-01	2.506495e-01	3.542665e-01	3.535134e-01	3.539233e-01
0	nM341	100	0	800	2	1	0.001	-4.720844e-02	5.006234e-01	9.248951e-01	9.247778e-01	9.248017e-01
0	nM345	100	0	800	2	1	0.003	8.637220e-02	3.542047e-01	8.074110e-01	8.071154e-01	8.071816e-01
0	nM348	100	0	800	2	1	0.010	1.030491e-01	1.777411e-01	5.622330e-01	5.616210e-01	5.618260e-01
0	nM353	100	0	800	2	1	0.009	1.263236e-01	1.898808e-01	5.060647e-01	5.053988e-01	5.056503e-01
0	nM358	100	0	800	2	1	0.019	-4.097815e-01	1.295994e-01	1.626644e-03	1.599379e-03	1.715329e-03
0	nM364	100	0	800	2	1	0.011	-5.425497e-01	1.666138e-01	1.176261e-03	1.155451e-03	1.249294e-03
0	nM368	100	0	800	2	1	0.081	-1.304734e-01	6.457712e-02	4.367268e-02	4.334423e-02	4.394600e-02
0	nM371	100	0	800	2	1	0.009	-1.208573e-02	1.899329e-01	9.492795e-01	9.492002e-01	9.492162e-01
0	nM375	100	0	800	2	1	0.024	1.010458e-01	1.161124e-01	3.844303e-01	3.836863e-01	3.840610e-01
0	nM382	100	0	800	2	1	0.005	-2.180354e-01	2.506656e-01	3.846571e-01	3.839131e-01	3.842875e-01
0	nM384	100	0	800	2	1	0.001	1.222478e-01	5.006075e-01	8.071395e-01	8.068434e-01	8.069098e-01
0	nM388	100	0	800	2	1	0.021	-1.904743e-02	1.226521e-01	8.766269e-01	8.764353e-01	8.764755e-01
0	nM391	100	0	800	2	1	0.001	1.182023e-01	5.006087e-01	8.134024e-01	8.131156e-01	8.131795e-01
0	nM396	100	0	800	2	1	0.001	1.773152e-01	5.005869e-01	7.232717e-01	7.228561e-01	7.229603e-01
0	nM404	100	0	800	2	1	0.001	2.989512e-01	5.005144e-01	5.504846e-01	5.498605e-01	5.500747e-01
0	nM407	100	0	800	2	1	0.001	5.742078e-01	5.002134e-01	2.513433e-01	2.506017e-01	2.511412e-01
0	nM410	100	0	800	2	1	0.001	3.646413e-01	5.004598e-01	4.664524e-01	4.657547e-01	4.660428e-01
0	nM414	100	0	800	2	1	0.014	1.806827e-01	1.517633e-01	2.341821e-01	2.334503e-01	2.340118e-01
0	nM417	100	0	800	2	1	0.025	3.573874e-01	1.125901e-01	1.559950e-03	1.533615e-03	1.646476e-03
0	nM421	100	0	800	2	1	0.006	-4.133898e-02	2.244446e-01	8.539163e-01	8.536901e-01	8.537385e-01
0	nM427	100	0	800	2	1	0.001	-4.924721e-01	5.003226e-01	3.252619e-01	3.245048e-01	3.249501e-01
0	nM432	100	0	800	2	1	0.013	-3.467241e-01	1.587373e-01	2.923327e-02	2.898131e-02	2.951257e-02
0	nM439	100	0	800	2	1	0.001	1.159224e-01	5.006094e-01	8.169371e-01	8.166555e-01	8.167180e-01
0	nM442	100	0	800	2	1	0.062	6.397750e-02	7.304032e-02	3.813369e-01	3.805917e-01	3.809699e-01
0	nM447	100	0	800	2	1	0.003	-1.285255e-01	3.541887e-01	7.167958e-01	7.163714e-01	7.164788e-01
0	nM450	100	0	800	2	1	0.003	1.838168e-01	3.541582e-01	6.038875e-01	6.033209e-01	6.034956e-01
0	nM453	100	0	800	2	1	0.001	1.201592e-01	5.006082e-01	8.103714e-01	8.100801e-01	8.101451e-01
0	nM457	100	0	800	2	1	0.001	-4.886628e-01	5.003273e-01	3.290204e-01	3.282636e-01	3.287042e-01
0	nM461	100	0	800	2	1	0.035	1.978525e-01	9.599452e-02	3.961873e-02	3.931025e-02	3.989593e-02
0	nM464	100	0	800	2	1	0.005	1.696845e+00	2.434844e-01	6.686806e-12	6.201923e-12	2.421283e-11
0	nM466	100	0	800	2	1	0.001	-3.548681e-01	5.004686e-01	4.784871e-01	4.777985e-01	4.780752e-01
0	nM471	100	0	800	2	1	0.004	1.102858e-01	2.893728e-01	7.032156e-01	7.027730e-01	7.028874e-01
0	nM473	100	0	800	2	1	0.005	3.716667e-01	2.504390e-01	1.381876e-01	1.375715e-01	1.382374e-01
0	nM477	100	0	800	2	1	0.009	2.329567e-01	1.897543e-01	2.199307e-01	2.192093e-01	2.197888e-01
0	nM482	100	0	800	2	1	0.001	-9.699573e-02	5.006144e-01	8.464183e-01	8.461808e-01	8.462320e-01
0	nM492	100	0	800	2	1	0.004	-4.077206e-01	2.890390e-01	1.587500e-01	1.580987e-01	1.587474e-01
0	nM497	100	0	800	2	1	0.001	1.197652e-01	5.006083e-01	8.109814e-01	8.106910e-01	8.107558e-01
0	nM502	100	0	800	2	1	0.004	4.253524e-01	2.890071e-01	1.414769e-01	1.408546e-01	1.415181e-01
0	nM508	100	0	800	2	1	0.007	6.074242e-02	2.050110e-01	7.670868e-01	7.667326e-01	7.668160e-01
0	nM511	100	0	800	2	1	0.004	2.216830e-01	2.892927e-01	4.437285e-01	4.430151e-01	4.433258e-01
0	nM515	100	0	800	2	1	0.014	-8.915903e-01	1.485828e-01	2.980073e-09	2.816061e-09	6.134265e-09
0	nM523	100	0	800	2	1	0.021	-4.896759e-01	1.214229e-01	6.040189e-05	5.881509e-05	6.999692e-05
0	nM529	100	0	800	2	1	0.049	-5.379735e-02	8.211937e-02	5.125847e-01	5.119246e-01	5.121703e-01
0	nM535	100	0	800	2	1	0.003	8.622308e-02	3.542048e-01	8.077370e-01	8.074419e-01	8.075080e-01
0	nM541	100	0	800	2	1	0.004	-2.160570e-01	2.892980e-01	4.553849e-01	4.546793e-01	4.549783e-01
0	nM543	100	0	800	2	1	0.009	-9.627626e-02	1.899028e-01	6.123114e-01	6.117546e-01	6.119235e-01
0	nM546	100	0	800	2	1	0.030	-7.073888e-02	1.036630e-01	4.951887e-01	4.945136e-01	4.947748e-01
0	nM549	100	0	800	2	1	0.009	2.919652e-01	1.896520e-01	1.240839e-01	1.234960e-01	1.241707e-01
0	nM552	100	0	800	2	1	0.003	1.372914e-02	3.542176e-01	9.690922e-01	9.690438e-01	9.690535e-01
0	nM555	100	0	800	2	1	0.010	-9.346754e-01	1.746724e-01	1.143700e-07	1.092821e-07	1.812364e-07
0	nM557	100	0	800	2	1	0.011	3.027536e-01	1.673744e-01	7.085198e-02	7.041158e-02	7.107568e-02
0	nM564	100	0	800	2	1	0.001	1.057467e+00	4.992247e-01	3.446513e-02	3.418365e-02	3.474502e-02
0	nM566	100	0	800	2	1	0.004	-3.206840e-01	2.891764e-01	2.677830e-01	2.670344e-01	2.675527e-01
0	nM572	100	0	800	2	1	0.004	2.159130e-01	2.892982e-01	4.556855e-01	4.549801e-01	4.552788e-01
0	nM579	100	0	800	2	1	0.004	-5.352107e-02	2.893929e-01	8.533211e-01	8.530940e-01	8.531426e-01
0	nM583	100	0	800	2	1	0.001	1.161632e-01	5.006093e-01	8.165636e-01	8.162814e-01	8.163441e-01
0	nM589	100	0	800	2	1	0.010	5.521031e-02	1.777678e-01	7.562045e-01	7.558349e-01	7.559232e-01
0	nM593	100	0	800	2	1	0.009	-7.184985e-01	1.882227e-01	1.453782e-04	1.419292e-04	1.635124e-04
0	nM601	100	0	800	2	1	0.006	-4.084969e-02	2.244447e-01	8.556263e-01	8.554027e-01	8.554505e-01
0	nM606	100	0	800	2	1	0.001	1.178083e-01	5.006089e-01	8.140130e-01	8.137271e-01	8.137907e-01
0	nM608	100	0	800	2	1	0.003	7.945065e-02	3.542068e-01	8.225767e-01	8.223035e-01	8.223638e-01
0	nM610	100	0	800	2	1	0.004	3.884720e-01	2.890722e-01	1.793763e-01	1.786961e-01	1.793236e-01
0	nM614	100	0	800	2	1	0.001	1.599615e+00	4.974135e-01	1.352900e-03	1.329508e-03	1.432391e-03
0	nM617	100	0	800	2	1	0.007	-1.903343e-01	2.049116e-01	3.532422e-01	3.524888e-01	3.528999e-01
0	nM621	100	0	800	2	1	0.004	-6.267177e-01	2.885475e-01	3.015143e-02	2.989411e-02	3.043112e-02
0	nM623	100	0	800	2	1	0.003	1.750702e-01	3.541637e-01	6.212163e-01	6.206699e-01	6.208329e-01
0	nM629	100	0	800	2	1	0.007	1.217017e-01	2.049770e-01	5.528587e-01	5.522371e-01	5.524494e-01
0	nM632	100	0	800	2	1	0.004	-4.661362e-01	2.889283e-01	1.070685e-01	1.065200e-01	1.072005e-01
0	nM634	100	0	800	2	1	0.006	-9.713155e-02	2.244230e-01	6.652729e-01	6.647807e-01	6.649163e-01
0	nM638	100	0	800	2	1	0.003	-1.626155e-01	3.541712e-01	6.462559e-01	6.457398e-01	6.458868e-01
0	nM643	100	0	800	2	1	0.001	-7.088410e-01	4.999970e-01	1.566714e-01	1.560234e-01	1.566740e-01
0	nM648	100	0	800	2	1	0.007	1.443161e+00	1.985553e-01	8.682962e-13	8.003019e-13	3.932880e-12
0	nM652	100	0	800	2	1	0.059	4.533934e-01	7.348902e-02	1.088165e-09	1.025119e-09	2.432269e-09
0	nM656	100	0	800	2	1	0.003	7.385483e-03	3.542178e-01	9.833704e-01	9.833444e-01	9.833496e-01
0	nM661	100	0	800	2	1	0.028	-2.526944e-01	1.077942e-01	1.931083e-02	1.912225e-02	1.957485e-02
0	nM664	100	0	800	2	1	0.039	1.310616e-02	9.165104e-02	8.863258e-01	8.861489e-01	8.861858e-01
0	nM669	100	0	800	2	1	0.003	-2.940281e-01	3.540650e-01	4.065411e-01	4.058066e-01	4.061566e-01
0	nM674	100	0	800	2	1	0.007	3.957948e-01	2.045430e-01	5.334090e-02	5.296865e-02	5.360030e-02
0	nM677	100	0	800	2	1	0.003	4.965381e-01	3.537815e-01	1.608520e-01	1.601975e-01	1.608441e-01
0	nM680	100	0	800	2	1	0.021	7.342987e-02	1.226264e-01	5.494699e-01	5.488448e-01	5.490598e-01
0	nM683	100	0	800	2	1	0.006	1.201519e-01	2.244091e-01	5.925125e-01	5.919331e-01	5.921157e-01
0	nM686	100	0	800	2	1	0.019	1.260264e-01	1.303324e-01	3.338561e-01	3.330996e-01	3.335343e-01
0	nM690	100	0	800	2	1	0.001	1.613902e+00	4.973556e-01	1.223578e-03	1.202070e-03	1.298387e-03
0	nM693	100	0	800	2	1	0.055	4.169101e-01	7.617237e-02	5.919824e-08	5.645173e-08	9.792460e-08
0	nM695	100	0	800	2	1	0.074	1.299784e-01	6.752209e-02	5.458747e-02	5.420992e-02	5.484471e-02
0	nM699	100	0	800	2	1	0.010	1.205708e-01	1.777273e-01	4.977127e-01	4.970397e-01	4.972986e-01
0	nM704	100	0	800	2	1	0.060	1.235559e-01	7.435452e-02	9.696299e-02	9.644103e-02	9.712164e-02
0	nM711	100	0	800	2	1	0.026	-1.016474e-01	1.105806e-01	3.582606e-01	3.575083e-01	3.579135e-01
0	nM718	100	0	800	2	1	0.016	-7.501738e-02	1.398781e-01	5.918970e-01	5.913169e-01	5.914999e-01
0	nM726	100	0	800	2	1	0.001	-4.778536e-02	5.006234e-01	9.239800e-01	9.238613e-01	9.238855e-01
0	nM730	100	0	800	2	1	0.001	-7.438848e-01	4.999332e-01	1.371542e-01	1.365400e-01	1.372067e-01
0	nM732	100	0	800	2	1	0.011	-2.115414e-01	1.675499e-01	2.071171e-01	2.064067e-01	2.070020e-01
0	nM738	100	0	800	2	1	0.004	-3.934011e-02	2.893958e-01	8.919040e-01	8.917357e-01	8.917707e-01
0	nM742	100	0	800	2	1	0.003	1.164735e-01	3.541939e-01	7.423622e-01	7.419731e-01	7.420679e-01
0	nM747	100	0	800	2	1	0.046	2.697271e-01	8.367868e-02	1.318405e-03	1.295512e-03	1.396670e-03
0	nM749	100	0	800	2	1	0.006	-3.695339e-01	2.240679e-01	9.949917e-02	9.897032e-02	9.965117e-02
0	nM751	100	0	800	2	1	0.001	-2.085236e-01	5.005718e-01	6.771043e-01	6.766273e-01	6.767560e-01
0	nM759	100	0	800	2	1	0.007	-6.519739e-01	2.037191e-01	1.426867e-03	1.402414e-03	1.508932e-03
0	nM762	100	0	800	2	1	0.021	-1.379932e-01	1.225567e-01	2.605235e-01	2.597777e-01	2.603054e-01
0	nM764	100	0	800	2	1	0.025	7.483956e-02	1.132677e-01	5.089749e-01	5.083116e-01	5.085605e-01
0	nM768	100	0	800	2	1	0.024	-2.330606e-01	1.158742e-01	4.462695e-02	4.429395e-02	4.489916e-02
0	nM775	100	0	800	2	1	0.020	-1.089183e-01	1.262893e-01	3.886988e-01	3.879564e-01	3.883262e-01
