chr	rs	ps	n_mis	n_obs	allele1	allele0	af	beta	se	p_wald	p_lrt	p_score
0	cM1	0	0	800	2	1	0.004	-4.394900e-01	2.889806e-01	1.286989e-01	1.281014e-01	1.287736e-01
0	cM2	0	0	800	2	1	0.160	5.484933e-02	4.821092e-02	2.555892e-01	2.548456e-01	2.553797e-01
0	cM6	0	0	800	2	1	0.019	-1.542216e-02	1.304075e-01	9.058904e-01	9.057437e-01	9.057739e-01
0	cM9	0	0	800	2	1	0.009	9.614639e-02	1.899029e-01	6.127913e-01	6.122350e-01	6.124036e-01
0	cM20	0	0	800	2	1	0.054	1.972882e-01	7.812253e-02	1.175030e-02	1.161927e-02	1.198052e-02
0	cM22	0	0	800	1	2	0.196	-4.002878e-01	4.222383e-02	2.822459e-20	2.466811e-20	1.641678e-18
0	cM23	0	0	800	2	1	0.035	9.119315e-02	9.619553e-02	3.434176e-01	3.426624e-01	3.430853e-01
0	cM24	0	0	800	2	1	0.005	9.416909e-01	2.485589e-01	1.628879e-04	1.590771e-04	1.825446e-04
0	cM25	0	0	800	2	1	0.005	2.889065e-01	2.505757e-01	2.492677e-01	2.485271e-01	2.490693e-01
0	cM26	0	0	800	2	1	0.006	3.321064e-01	2.241413e-01	1.388193e-01	1.382019e-01	1.388674e-01
0	cM30	0	0	800	2	1	0.021	1.733134e-02	1.226524e-01	8.876651e-01	8.874903e-01	8.875267e-01
0	cM32	0	0	800	2	1	0.004	-1.151139e-01	2.893704e-01	6.908780e-01	6.904189e-01	6.905400e-01
0	cM33	0	0	800	2	1	0.315	2.175160e-01	3.729334e-02	7.927025e-09	7.513133e-09	1.512568e-08
0	cM35	0	0	800	2	1	0.054	9.977144e-02	7.835452e-02	2.032705e-01	2.025637e-01	2.031636e-01
0	cM36	0	0	800	2	1	0.036	4.627701e-03	9.463681e-02	9.610116e-01	9.609505e-01	9.609628e-01
0	cM37	0	0	800	2	1	0.005	-9.015874e-02	2.507640e-01	7.192891e-01	7.188682e-01	7.189743e-01
0	cM39	0	0	800	2	1	0.004	5.720312e-01	2.886898e-01	4.788097e-02	4.753283e-02	4.814893e-02
0	cM41	0	0	800	1	2	0.025	1.484266e-01	1.131767e-01	1.900800e-01	1.893871e-01	1.900026e-01
0	cM43	0	0	800	2	1	0.064	-2.029572e-01	7.204639e-02	4.966635e-03	4.899189e-03	5.128070e-03
0	cM47	0	0	800	2	1	0.216	-4.106664e-02	4.294191e-02	3.391952e-01	3.384393e-01	3.388675e-01
0	cM49	0	0	800	2	1	0.129	1.882650e-02	5.281015e-02	7.215648e-01	7.211470e-01	7.212520e-01
0	cM51	0	0	800	2	1	0.014	-7.060039e-02	1.518775e-01	6.421649e-01	6.416438e-01	6.417933e-01
0	cM55	0	0	800	2	1	0.011	2.683628e-02	1.677145e-01	8.729123e-01	8.727150e-01	8.727565e-01
0	cM62	0	0	800	2	1	0.171	2.542910e-01	4.608273e-02	4.632867e-08	4.414634e-08	7.790856e-08
0	cM63	0	0	800	2	1	0.004	-4.009792e-01	2.890508e-01	1.657596e-01	1.650979e-01	1.657397e-01
0	cM64	0	0	800	2	1	0.009	-2.270568e-02	1.899317e-01	9.048725e-01	9.047242e-01	9.047548e-01
0	cM66	0	0	800	2	1	0.018	-4.033671e-02	1.348924e-01	7.649959e-01	7.646387e-01	7.647230e-01
0	nM1	0	0	800	2	1	0.050	9.932558e-02	8.108532e-02	2.209550e-01	2.202327e-01	2.208109e-01
0	nM6	0	0	800	2	1	0.090	-1.279656e-01	6.164325e-02	3.822229e-02	3.792094e-02	3.850050e-02
0	nM8	0	0	800	2	1	0.079	-1.105430e-01	6.555572e-02	9.213951e-02	9.163111e-02	9.231071e-02
0	nM13	0	0	800	2	1	0.014	9.480357e-02	1.518609e-01	5.326229e-01	5.319813e-01	5.322100e-01
0	nM14	0	0	800	2	1	0.020	1.619198e-01	1.262181e-01	1.999145e-01	1.992110e-01	1.998150e-01
0	nM16	0	0	800	2	1	0.028	7.444258e-02	1.081327e-01	4.913774e-01	4.906991e-01	4.909638e-01
0	nM20	0	0	800	2	1	0.066	-1.228525e-02	7.111817e-02	8.628963e-01	8.626837e-01	8.627289e-01
0	nM28	0	0	800	2	1	0.004	-1.067073e-01	2.893744e-01	7.124107e-01	7.119804e-01	7.120900e-01
0	nM31	0	0	800	2	1	0.013	1.388965e-01	1.591352e-01	3.830234e-01	3.822787e-01	3.826550e-01
0	nM32	0	0	800	2	1	0.005	2.044328e-01	2.506799e-01	4.150218e-01	4.142916e-01	4.146323e-01
0	nM33	0	0	800	2	1	0.006	4.098728e-01	2.239799e-01	6.762977e-02	6.720098e-02	6.786074e-02
0	nM40	0	0	800	2	1	0.014	-1.451875e-01	1.518110e-01	3.391750e-01	3.384192e-01	3.388474e-01
0	nM42	0	0	800	2	1	0.117	2.012649e-01	5.446740e-02	2.347644e-04	2.295205e-04	2.601553e-04
0	nM44	0	0	800	2	1	0.015	-2.759319e-01	1.451953e-01	5.773834e-02	5.734775e-02	5.798980e-02
0	nM54	0	0	800	2	1	0.007	1.266498e-01	2.049733e-01	5.368279e-01	5.361904e-01	5.364156e-01
0	nM61	0	0	800	2	1	0.141	1.040932e-01	5.065512e-02	4.020997e-02	3.989851e-02	4.048669e-02
0	nM67	0	0	800	2	1	0.028	1.223971e-01	1.080779e-01	2.577688e-01	2.570242e-01	2.575555e-01
0	nM68	0	0	800	2	1	0.005	-7.321515e-01	2.494415e-01	3.429415e-03	3.379237e-03	3.563609e-03
0	nM75	0	0	800	2	1	0.005	-4.205075e-01	2.503422e-01	9.340109e-02	9.288909e-02	9.356903e-02
0	nM81	0	0	800	2	1	0.031	-7.144365e-02	1.016323e-01	4.822843e-01	4.815987e-01	4.818717e-01
0	nM82	0	0	800	2	1	0.021	3.682486e-02	1.226470e-01	7.640641e-01	7.637056e-01	7.637904e-01
0	nM84	0	0	800	2	1	0.016	-6.679167e-02	1.398833e-01	6.331502e-01	6.326181e-01	6.327733e-01
0	nM87	0	0	800	2	1	0.010	-2.274466e-01	1.775961e-01	2.006727e-01	1.999685e-01	2.005715e-01
0	nM92	0	0	800	2	1	0.022	1.560438e-01	1.191464e-01	1.906808e-01	1.899872e-01	1.906019e-01
0	nM94	0	0	800	2	1	0.019	-6.235513e-02	1.303900e-01	6.326245e-01	6.320917e-01	6.322473e-01
0	nM101	0	0	800	2	1	0.004	-3.223049e-01	2.891741e-01	2.653701e-01	2.646224e-01	2.651439e-01
0	nM107	0	0	800	2	1	0.004	4.851653e-02	2.893940e-01	8.669021e-01	8.666956e-01	8.667393e-01
0	nM109	0	0	800	2	1	0.029	5.811973e-02	1.058353e-01	5.830543e-01	5.824645e-01	5.826539e-01
0	nM111	0	0	800	2	1	0.004	-2.575870e-01	2.892554e-01	3.734564e-01	3.727085e-01	3.730958e-01
0	nM115	0	0	800	2	1	0.006	2.226449e-01	2.243109e-01	3.212192e-01	3.204620e-01	3.209123e-01
0	nM116	0	0	800	2	1	0.010	-2.580404e-01	1.775437e-01	1.465085e-01	1.458773e-01	1.465368e-01
0	nM118	0	0	800	2	1	0.090	8.787132e-02	6.173115e-02	1.549960e-01	1.543506e-01	1.550028e-01
0	nM120	0	0	800	2	1	0.010	-1.342331e-01	1.777150e-01	4.502753e-01	4.495662e-01	4.498702e-01
0	nM122	0	0	800	2	1	0.109	1.111848e-01	5.668107e-02	5.015808e-02	4.979970e-02	5.042267e-02
0	nM124	0	0	800	2	1	0.044	5.638433e-02	8.645826e-02	5.144879e-01	5.138295e-01	5.140736e-01
0	nM130	0	0	800	2	1	0.009	1.677496e-01	1.898405e-01	3.771599e-01	3.764131e-01	3.767962e-01
0	nM133	0	0	800	2	1	0.009	2.368481e-01	1.897483e-01	2.123156e-01	2.116005e-01	2.121894e-01
0	nM134	0	0	800	2	1	0.006	1.634238e-01	2.243748e-01	4.666118e-01	4.659142e-01	4.662022e-01
0	nM135	0	0	800	2	1	0.021	3.118457e-02	1.226490e-01	7.993612e-01	7.990537e-01	7.991233e-01
0	nM138	0	0	800	2	1	0.081	-6.417366e-02	6.470220e-02	3.215806e-01	3.208233e-01	3.212732e-01
0	nM145	0	0	800	2	1	0.058	3.387698e-03	7.598394e-02	9.644497e-01	9.643941e-01	9.644053e-01
0	nM147	0	0	800	2	1	0.154	1.366323e-01	4.879972e-02	5.236000e-03	5.165680e-03	5.401523e-03
0	nM154	0	0	800	2	1	0.004	8.013182e-01	2.880055e-01	5.524919e-03	5.451560e-03	5.694642e-03
0	nM160	0	0	800	2	1	0.010	1.135485e-01	1.777331e-01	5.230904e-01	5.224398e-01	5.226765e-01
0	nM164	0	0	800	2	1	0.009	-1.543016e-01	1.898548e-01	4.166127e-01	4.158833e-01	4.162224e-01
0	nM165	0	0	800	2	1	0.004	-7.192379e-02	2.893879e-01	8.037824e-01	8.034814e-01	8.035491e-01
0	nM168	0	0	800	2	1	0.024	7.014849e-03	1.161672e-01	9.518635e-01	9.517882e-01	9.518034e-01
0	nM170	0	0	800	2	1	0.005	-4.012831e-01	2.503817e-01	1.093998e-01	1.088456e-01	1.095257e-01
0	nM174	0	0	800	2	1	0.006	4.839761e-02	2.244428e-01	8.293278e-01	8.290646e-01	8.291222e-01
0	nM177	0	0	800	2	1	0.004	-3.397393e-01	2.891491e-01	2.403603e-01	2.396247e-01	2.401783e-01
0	nM180	0	0	800	2	1	0.033	-1.656590e-01	9.958136e-02	9.659420e-02	9.607326e-02	9.675382e-02
0	nM183	0	0	800	2	1	0.004	2.703988e-01	2.892407e-01	3.501448e-01	3.493907e-01	3.498056e-01
0	nM185	0	0	800	2	1	0.006	-1.569461e-01	2.243806e-01	4.844660e-01	4.837821e-01	4.840531e-01
0	nM187	0	0	800	2	1	0.050	-4.856872e-02	8.114330e-02	5.496396e-01	5.490147e-01	5.492296e-01
0	nM190	0	0	800	2	1	0.005	-1.606800e-01	2.507198e-01	5.217882e-01	5.211364e-01	5.213742e-01
0	nM199	0	0	800	2	1	0.010	1.885139e-01	1.776533e-01	2.889500e-01	2.881955e-01	2.886866e-01
0	nM203	0	0	800	2	1	0.004	-2.564337e-01	2.892567e-01	3.756010e-01	3.748538e-01	3.752386e-01
0	nM204	0	0	800	2	1	0.019	7.384298e-02	1.303825e-01	5.713106e-01	5.707081e-01	5.709063e-01
0	nM207	0	0	800	2	1	0.033	2.005174e-02	9.975135e-02	8.407363e-01	8.404902e-01	8.405435e-01
0	nM211	0	0	800	2	1	0.004	2.634416e-01	2.892488e-01	3.626871e-01	3.619360e-01	3.623360e-01
0	nM215	0	0	800	2	1	0.009	9.882721e-02	1.899012e-01	6.029195e-01	6.023518e-01	6.025272e-01
0	nM218	0	0	800	2	1	0.006	-1.726301e-01	2.243662e-01	4.418762e-01	4.411616e-01	4.414742e-01
0	nM222	0	0	800	2	1	0.015	9.803954e-03	1.455231e-01	9.463037e-01	9.462197e-01	9.462367e-01
0	nM226	0	0	800	2	1	0.022	-1.657070e-01	1.191301e-01	1.646208e-01	1.639607e-01	1.646036e-01
0	nM228	0	0	800	2	1	0.019	-3.872911e-02	1.304015e-01	7.665445e-01	7.661896e-01	7.662732e-01
0	nM236	0	0	800	2	1	0.004	3.597428e-01	2.891188e-01	2.137642e-01	2.130479e-01	2.136350e-01
0	nM239	0	0	800	2	1	0.005	1.481473e-01	2.507295e-01	5.547782e-01	5.541585e-01	5.543693e-01
0	nM243	0	0	800	2	1	0.015	1.633767e-01	1.454086e-01	2.615332e-01	2.607870e-01	2.613134e-01
0	nM244	0	0	800	2	1	0.005	-1.969839e-01	2.506874e-01	4.322326e-01	4.315120e-01	4.318345e-01
0	nM245	0	0	800	2	1	0.046	-2.415632e-02	8.421732e-02	7.743145e-01	7.739707e-01	7.740509e-01
0	nM246	0	0	800	2	1	0.005	-1.031949e-01	2.507577e-01	6.807927e-01	6.803205e-01	6.804471e-01
0	nM249	0	0	800	2	1	0.035	-5.273016e-02	9.623158e-02	5.838790e-01	5.832901e-01	5.834789e-01
0	nM251	0	0	800	2	1	0.035	4.386623e-02	9.623715e-02	6.486478e-01	6.481347e-01	6.482802e-01
0	nM258	0	0	800	2	1	0.040	1.450183e-01	9.012139e-02	1.079803e-01	1.074296e-01	1.081099e-01
0	nM264	0	0	800	2	1	0.004	2.367186e-02	2.893979e-01	9.348287e-01	9.347269e-01	9.347475e-01
0	nM265	0	0	800	2	1	0.004	-1.146185e+00	2.865406e-01	6.920666e-05	6.741588e-05	7.981195e-05
0	nM271	0	0	800	2	1	0.028	9.316743e-02	1.081145e-01	3.890851e-01	3.883428e-01	3.887122e-01
0	nM275	0	0	800	2	1	0.129	1.049955e-01	5.268340e-02	4.660680e-02	4.626451e-02	4.687650e-02
0	nM276	0	0	800	2	1	0.004	-4.383131e-01	2.889828e-01	1.297273e-01	1.291276e-01	1.297992e-01
0	nM278	0	0	800	2	1	0.007	1.805012e-01	2.049227e-01	3.786773e-01	3.779312e-01	3.783124e-01
0	nM281	0	0	800	2	1	0.028	7.276839e-03	1.081645e-01	9.463791e-01	9.462952e-01	9.463122e-01
0	nM283	0	0	800	2	1	0.024	-1.480116e-01	1.160493e-01	2.025317e-01	2.018256e-01	2.024264e-01
0	nM285	0	0	800	2	1	0.043	9.255558e-02	8.762534e-02	2.911668e-01	2.904119e-01	2.909002e-01
0	nM301	0	0	800	2	1	0.052	-5.967584e-02	7.928182e-02	4.518490e-01	4.511410e-01	4.514435e-01
0	nM304	0	0	800	2	1	0.009	1.751551e-01	1.898322e-01	3.564508e-01	3.556981e-01	3.561054e-01
0	nM305	0	0	800	2	1	0.007	-1.354749e-01	2.049662e-01	5.088274e-01	5.081639e-01	5.084130e-01
0	nM308	0	0	800	2	1	0.009	5.129238e-02	1.899247e-01	7.871786e-01	7.868534e-01	7.869280e-01
0	nM311	0	0	800	2	1	0.025	7.538111e-02	1.132672e-01	5.059130e-01	5.052470e-01	5.054986e-01
0	nM315	0	0	800	2	1	0.120	-3.574115e-02	5.441864e-02	5.115109e-01	5.108498e-01	5.110965e-01
0	nM316	0	0	800	2	1	0.004	-4.410714e-02	2.893949e-01	8.789008e-01	8.787126e-01	8.787521e-01
0	nM318	0	0	800	2	1	0.048	-3.500648e-02	8.315138e-02	6.738706e-01	6.733894e-01	6.735200e-01
0	nM322	0	0	800	2	1	0.005	7.820904e-02	2.507691e-01	7.552157e-01	7.548446e-01	7.549334e-01
0	nM330	0	0	800	2	1	0.028	-1.721360e-01	1.079930e-01	1.113421e-01	1.107831e-01	1.114627e-01
0	nM331	0	0	800	2	1	0.005	1.375653e-01	2.507371e-01	5.834036e-01	5.828141e-01	5.830033e-01
0	nM333	0	0	800	2	1	0.028	1.720141e-01	1.079932e-01	1.115959e-01	1.110363e-01	1.117159e-01
0	nM340	0	0	800	2	1	0.009	-3.458570e-02	1.899295e-01	8.555524e-01	8.553287e-01	8.553765e-01
0	nM345	0	0	800	2	1	0.076	-6.174441e-02	6.661410e-02	3.542602e-01	3.535071e-01	3.539170e-01
0	nM346	0	0	800	2	1	0.013	9.583188e-02	1.591750e-01	5.473094e-01	5.466822e-01	5.468989e-01
0	nM348	0	0	800	2	1	0.119	8.073806e-02	5.460552e-02	1.396500e-01	1.390310e-01	1.396960e-01
0	nM352	0	0	800	2	1	0.004	1.178599e-01	2.893690e-01	6.838971e-01	6.834289e-01	6.835538e-01
0	nM357	0	0	800	2	1	0.016	1.623663e-01	1.397852e-01	2.457689e-01	2.450302e-01	2.455769e-01
0	nM360	0	0	800	2	1	0.016	-2.165014e-01	1.396932e-01	1.215776e-01	1.209952e-01	1.216711e-01
0	nM365	0	0	800	2	1	0.007	-1.023974e-01	2.049902e-01	6.175485e-01	6.169978e-01	6.171632e-01
0	nM367	0	0	800	2	1	0.007	-3.840032e-01	2.045711e-01	6.086721e-02	6.046409e-02	6.111253e-02
0	nM372	0	0	800	2	1	0.037	2.970869e-02	9.310077e-02	7.497323e-01	7.493535e-01	7.494448e-01
0	nM373	0	0	800	2	1	0.111	-2.124963e-02	5.624945e-02	7.056983e-01	7.052589e-01	7.053721e-01
0	nM379	0	0	800	2	1	0.136	1.735599e-02	5.155892e-02	7.364886e-01	7.360913e-01	7.361889e-01
0	nM380	0	0	800	2	1	0.007	2.395729e-01	2.048468e-01	2.425425e-01	2.418056e-01	2.423565e-01
0	nM382	0	0	800	2	1	0.006	1.834827e-01	2.243554e-01	4.137031e-01	4.129722e-01	4.133144e-01
0	nM383	0	0	800	2	1	0.085	-6.565062e-02	6.338482e-02	3.006340e-01	2.998777e-01	3.003540e-01
0	nM386	0	0	800	2	1	0.184	-6.324409e-02	4.561938e-02	1.660294e-01	1.653673e-01	1.660088e-01
0	nM387	0	0	800	2	1	0.009	2.291044e-01	1.897602e-01	2.276602e-01	2.269329e-01	2.275027e-01
0	nM388	0	0	800	2	1	0.152	-6.359225e-02	4.915154e-02	1.961090e-01	1.954095e-01	1.960179e-01
0	nM390	0	0	800	2	1	0.025	7.770808e-02	1.132652e-01	4.928671e-01	4.921900e-01	4.924533e-01
0	nM393	0	0	800	2	1	0.004	9.221089e-02	2.893807e-01	7.500760e-01	7.496977e-01	7.497889e-01
0	nM397	0	0	800	2	1	0.035	1.534658e-01	9.609624e-02	1.106613e-01	1.101040e-01	1.107837e-01
0	nM399	0	0	800	2	1	0.010	-9.287305e-02	1.777482e-01	6.014687e-01	6.008994e-01	6.010757e-01
0	nM401	0	0	800	2	1	0.016	7.849169e-02	1.398757e-01	5.748507e-01	5.742519e-01	5.744474e-01
0	nM406	0	0	800	2	1	0.282	-6.585262e-02	3.922031e-02	9.353497e-02	9.302258e-02	9.370256e-02
0	nM408	0	0	800	2	1	0.007	4.803762e-01	2.043158e-01	1.895811e-02	1.877201e-02	1.922110e-02
0	nM413	0	0	800	2	1	0.086	1.189412e-01	6.286833e-02	5.886489e-02	5.846973e-02	5.911417e-02
0	nM420	0	0	800	2	1	0.006	-4.573845e-01	2.238646e-01	4.136757e-02	4.105035e-02	4.164327e-02
0	nM421	0	0	800	2	1	0.014	-2.219908e-01	1.516946e-01	1.437501e-01	1.431238e-01	1.437855e-01
0	nM426	0	0	800	2	1	0.010	2.614439e-01	1.775375e-01	1.412499e-01	1.406280e-01	1.412917e-01
0	nM427	0	0	800	2	1	0.020	8.296838e-02	1.263140e-01	5.114718e-01	5.108107e-01	5.110574e-01
0	nM438	0	0	800	2	1	0.021	-1.671173e-01	1.225112e-01	1.729215e-01	1.722497e-01	1.728841e-01
0	nM439	0	0	800	2	1	0.007	-4.267270e-02	2.050167e-01	8.351708e-01	8.349164e-01	8.349717e-01
0	nM440	0	0	800	2	1	0.004	1.569513e-01	2.893458e-01	5.876702e-01	5.870854e-01	5.872715e-01
0	nM450	0	0	800	2	1	0.066	8.458297e-02	7.105645e-02	2.342577e-01	2.335259e-01	2.340873e-01
0	nM458	0	0	800	2	1	0.044	-2.437697e-02	8.647699e-02	7.781012e-01	7.777628e-01	7.778413e-01
0	nM461	0	0	800	2	1	0.019	-1.429324e-01	1.303105e-01	2.730334e-01	2.722830e-01	2.727946e-01
0	nM466	0	0	800	2	1	0.025	-6.940338e-02	1.132720e-01	5.402397e-01	5.396055e-01	5.398280e-01
0	nM469	0	0	800	2	1	0.034	-7.901071e-02	9.791251e-02	4.199345e-01	4.192069e-01	4.195424e-01
0	nM470	0	0	800	2	1	0.007	2.053081e-01	2.048934e-01	3.166359e-01	3.158786e-01	3.163346e-01
0	nM472	0	0	800	2	1	0.245	-2.355579e-03	4.112819e-02	9.543412e-01	9.542698e-01	9.542842e-01
0	nM474	0	0	800	2	1	0.046	5.791232e-02	8.419671e-02	4.917650e-01	4.910870e-01	4.913513e-01
0	nM479	0	0	800	2	1	0.034	-4.005980e-02	9.794219e-02	6.826386e-01	6.821687e-01	6.822944e-01
0	nM483	0	0	800	2	1	0.007	1.883964e-01	2.049138e-01	3.581676e-01	3.574154e-01	3.578206e-01
0	nM486	0	0	800	2	1	0.005	-3.275879e-01	2.505161e-01	1.913679e-01	1.906736e-01	1.912875e-01
0	nM488	0	0	800	2	1	0.006	7.239399e-02	2.244347e-01	7.471119e-01	7.467294e-01	7.468220e-01
0	nM489	0	0	800	2	1	0.234	2.850635e-02	4.178393e-02	4.952900e-01	4.946150e-01	4.948761e-01
0	nM497	0	0	800	2	1	0.030	2.803266e-02	1.036885e-01	7.869574e-01	7.866318e-01	7.867066e-01
0	nM505	0	0	800	2	1	0.007	-5.734868e-01	2.040147e-01	5.059701e-03	4.991259e-03	5.222569e-03
0	nM509	0	0	800	2	1	0.004	-7.421281e-01	2.882042e-01	1.020283e-02	1.008501e-02	1.042194e-02
0	nM511	0	0	800	2	1	0.026	3.255125e-02	1.106331e-01	7.686609e-01	7.683090e-01	7.683917e-01
0	nM517	0	0	800	2	1	0.031	7.574738e-02	1.016284e-01	4.562875e-01	4.555825e-01	4.558806e-01
0	nM519	0	0	800	2	1	0.070	-1.243782e-01	6.918769e-02	7.260372e-02	7.215717e-02	7.282337e-02
0	nM523	0	0	800	2	1	0.009	-1.484732e-01	1.898607e-01	4.344399e-01	4.337207e-01	4.340409e-01
0	nM529	0	0	800	2	1	0.034	-1.947759e-02	9.795003e-02	8.424289e-01	8.421854e-01	8.422380e-01
0	nM532	0	0	800	2	1	0.007	-1.030486e-01	2.049898e-01	6.153132e-01	6.147599e-01	6.149267e-01
0	nM538	0	0	800	2	1	0.005	-2.226579e-01	2.506605e-01	3.746553e-01	3.739077e-01	3.742936e-01
0	nM541	0	0	800	2	1	0.004	1.716931e-02	2.893985e-01	9.527060e-01	9.526321e-01	9.526470e-01
0	nM543	0	0	800	2	1	0.009	2.564525e-02	1.899312e-01	8.926270e-01	8.924599e-01	8.924946e-01
0	nM544	0	0	800	2	1	0.026	-2.812899e-01	1.101901e-01	1.087210e-02	1.074849e-02	1.109625e-02
0	nM549	0	0	800	2	1	0.129	5.745906e-02	5.277517e-02	2.765920e-01	2.758405e-01	2.763475e-01
0	nM550	0	0	800	2	1	0.044	1.751531e-02	8.647908e-02	8.395477e-01	8.392998e-01	8.393536e-01
0	nM551	0	0	800	2	1	0.020	-1.739164e-01	1.261981e-01	1.685517e-01	1.678859e-01	1.685249e-01
0	nM554	0	0	800	2	1	0.006	-4.340913e-01	2.239227e-01	5.290522e-02	5.253484e-02	5.316537e-02
0	nM558	0	0	800	2	1	0.159	-5.839938e-02	4.835942e-02	2.275546e-01	2.268275e-01	2.273974e-01
0	nM569	0	0	800	2	1	0.005	1.515034e-01	2.507270e-01	5.458448e-01	5.452161e-01	5.454340e-01
0	nM570	0	0	800	2	1	0.021	7.431618e-03	1.226537e-01	9.517007e-01	9.516252e-01	9.516404e-01
0	nM573	0	0	800	2	1	0.005	6.487815e-01	2.497305e-01	9.551776e-03	9.439707e-03	9.765605e-03
0	nM574	0	0	800	2	1	0.005	-1.484002e-02	2.507838e-01	9.528279e-01	9.527541e-01	9.527690e-01
0	nM576	0	0	800	2	1	0.180	-1.425525e-02	4.603919e-02	7.569209e-01	7.565522e-01	7.566403e-01
0	nM581	0	0	800	2	1	0.020	-2.670970e-02	1.263446e-01	8.326264e-01	8.323681e-01	8.324245e-01
0	nM583	0	0	800	2	1	0.005	1.710698e-01	2.507112e-01	4.952232e-01	4.945481e-01	4.948092e-01
0	nM585	0	0	800	2	1	0.056	4.039665e-02	7.675945e-02	5.988428e-01	5.982705e-01	5.984487e-01
0	nM586	0	0	800	2	1	0.021	-7.288665e-02	1.226268e-01	5.524280e-01	5.518059e-01	5.520186e-01
0	nM599	0	0	800	2	1	0.020	1.429859e-01	1.262467e-01	2.577263e-01	2.569817e-01	2.575130e-01
0	nM603	0	0	800	2	1	0.324	-3.763487e-03	3.780382e-02	9.207242e-01	9.206004e-01	9.206257e-01
0	nM604	0	0	800	2	1	0.026	-1.865092e-01	1.104419e-01	9.165723e-02	9.115023e-02	9.182968e-02
0	nM608	0	0	800	2	1	0.004	4.645965e-01	2.889314e-01	1.082346e-01	1.076833e-01	1.083636e-01
0	nM610	0	0	800	2	1	0.018	-5.137523e-02	1.348877e-01	7.033979e-01	7.029555e-01	7.030699e-01
0	nM612	0	0	800	2	1	0.004	2.759594e-01	2.892342e-01	3.403200e-01	3.395643e-01	3.399911e-01
0	nM618	0	0	800	2	1	0.018	2.781166e-02	1.348963e-01	8.367102e-01	8.364581e-01	8.365129e-01
0	nM630	0	0	800	2	1	0.048	1.847350e-01	8.290308e-02	2.613679e-02	2.590345e-02	2.641367e-02
0	nM633	0	0	800	2	1	0.044	7.458545e-02	8.644099e-02	3.884802e-01	3.877377e-01	3.881078e-01
0	nM635	0	0	800	2	1	0.091	-9.607725e-02	6.133263e-02	1.176292e-01	1.170556e-01	1.177332e-01
0	nM638	0	0	800	2	1	0.004	-5.650957e-01	2.887069e-01	5.065650e-02	5.029591e-02	5.092032e-02
0	nM641	0	0	800	2	1	0.160	4.290192e-02	4.822609e-02	3.739489e-01	3.732012e-01	3.735879e-01
0	nM643	0	0	800	2	1	0.005	-3.687130e-02	2.507809e-01	8.831487e-01	8.829670e-01	8.830050e-01
0	nM649	0	0	800	2	1	0.004	3.493704e-01	2.891347e-01	2.272779e-01	2.265509e-01	2.271212e-01
0	nM653	0	0	800	2	1	0.018	-1.756140e-01	1.347566e-01	1.928844e-01	1.921883e-01	1.928005e-01
0	nM658	0	0	800	2	1	0.020	-4.260895e-02	1.263392e-01	7.360108e-01	7.356128e-01	7.357107e-01
0	nM660	0	0	800	2	1	0.040	6.734138e-02	9.023600e-02	4.557177e-01	4.550123e-01	4.553110e-01
0	nM667	0	0	800	2	1	0.004	-1.740750e-02	2.893984e-01	9.520507e-01	9.519757e-01	9.519909e-01
0	nM668	0	0	800	2	1	0.045	-5.546410e-02	8.530491e-02	5.157589e-01	5.151016e-01	5.153446e-01
0	nM669	0	0	800	2	1	0.228	6.282373e-02	4.213597e-02	1.363628e-01	1.357501e-01	1.364174e-01
0	nM672	0	0	800	2	1	0.004	-2.033717e-02	2.893982e-01	9.439932e-01	9.439056e-01	9.439233e-01
0	nM675	0	0	800	2	1	0.007	-3.733699e-01	2.045958e-01	6.838760e-02	6.795604e-02	6.861688e-02
0	nM677	0	0	800	2	1	0.092	6.605493e-02	6.100761e-02	2.792541e-01	2.785019e-01	2.790055e-01
0	nM678	0	0	800	2	1	0.021	-8.848091e-02	1.226140e-01	4.707384e-01	4.700439e-01	4.703279e-01
0	nM682	0	0	800	2	1	0.009	-2.614369e-02	1.899311e-01	8.905532e-01	8.903828e-01	8.904182e-01
0	nM695	0	0	800	2	1	0.015	2.022861e-02	1.455218e-01	8.894793e-01	8.893074e-01	8.893432e-01
0	nM699	0	0	800	2	1	0.037	-1.795087e-01	9.288960e-02	5.365205e-02	5.327847e-02	5.391093e-02
0	nM705	0	0	800	2	1	0.210	4.059992e-02	4.340461e-02	3.498741e-01	3.491200e-01	3.495352e-01
0	nM709	0	0	800	2	1	0.059	-1.119329e-01	7.511681e-02	1.365884e-01	1.359753e-01	1.366424e-01
0	nM715	0	0	800	2	1	0.004	1.799594e-01	2.893290e-01	5.341267e-01	5.334866e-01	5.337141e-01
0	nM719	0	0	800	2	1	0.005	-3.857294e-02	2.507806e-01	8.777973e-01	8.776074e-01	8.776472e-01
0	nM720	0	0	800	2	1	0.016	1.204865e-01	1.398383e-01	3.891591e-01	3.884169e-01	3.887862e-01
0	nM722	0	0	800	2	1	0.025	-1.040746e-01	1.132387e-01	3.583352e-01	3.575830e-01	3.579881e-01
0	nM726	0	0	800	2	1	0.004	-1.199588e-01	2.893679e-01	6.785795e-01	6.781044e-01	6.782323e-01
0	nM731	0	0	800	2	1	0.009	-1.234000e-01	1.898832e-01	5.159612e-01	5.153041e-01	5.155469e-01
0	nM735	0	0	800	2	1	0.041	-4.876551e-02	8.893045e-02	5.836011e-01	5.830119e-01	5.832009e-01
0	nM740	0	0	800	2	1	0.013	2.595762e-01	1.589457e-01	1.028398e-01	1.023022e-01	1.029830e-01
0	nM741	0	0	800	2	1	0.035	-1.916143e-01	9.601037e-02	4.629876e-02	4.595790e-02	4.656888e-02
0	nM744	0	0	800	2	1	0.006	-2.644802e-03	2.244493e-01	9.906013e-01	9.905866e-01	9.905895e-01
0	nM745	0	0	800	2	1	0.015	1.830522e-01	1.453792e-01	2.083493e-01	2.076377e-01	2.082315e-01
0	nM748	0	0	800	2	1	0.007	1.270465e-01	2.049730e-01	5.355526e-01	5.349139e-01	5.351401e-01
0	nM756	0	0	800	2	1	0.045	-7.308087e-02	8.528827e-02	3.917746e-01	3.910334e-01	3.913998e-01
0	nM760	0	0	800	2	1	0.085	4.036318e-02	6.341131e-02	5.246138e-01	5.239646e-01	5.242000e-01
0	nM763	0	0	800	2	1	0.013	-2.396980e-01	1.589849e-01	1.320327e-01	1.314285e-01	1.320986e-01
0	nM769	0	0	800	2	1	0.019	3.441744e-01	1.298383e-01	8.189456e-03	8.089824e-03	8.390822e-03
0	nM773	0	0	800	2	1	0.018	-1.451655e-01	1.348020e-01	2.818596e-01	2.811067e-01	2.816069e-01
0	nM774	0	0	800	2	1	0.046	2.704987e-01	8.367555e-02	1.276587e-03	1.254302e-03	1.353344e-03
0	nM775	0	0	800	2	1	0.028	9.985631e-02	1.081070e-01	3.559319e-01	3.551792e-01	3.555871e-01
0	nM776	0	0	800	2	1	0.010	3.665564e-01	1.773044e-01	3.901978e-02	3.871434e-02	3.929744e-02
0	nM778	0	0	800	2	1	0.013	1.024109e-02	1.592107e-01	9.487282e-01	9.486481e-01	9.486643e-01
0	nM779	0	0	800	2	1	0.019	5.716451e-02	1.303930e-01	6.612137e-01	6.607163e-01	6.608543e-01
0	nM796	0	0	800	2	1	0.128	-5.339756e-02	5.300089e-02	3.140075e-01	3.132502e-01	3.137096e-01
0	nM799	0	0	800	2	1	0.188	-5.864726e-02	4.527187e-02	1.955411e-01	1.948422e-01	1.954513e-01
0	nM805	0	0	800	2	1	0.009	1.644998e-01	1.898441e-01	3.864768e-01	3.857335e-01	3.861059e-01
0	nM807	0	0	800	2	1	0.040	-2.145688e-02	9.026429e-02	8.121657e-01	8.118771e-01	8.119414e-01
0	nM808	0	0	800	2	1	0.016	1.017641e-02	1.399028e-01	9.420320e-01	9.419413e-01	9.419597e-01
0	nM819	0	0	800	2	1	0.036	3.849674e-02	9.462714e-02	6.842452e-01	6.837774e-01	6.839022e-01
0	nM821	0	0	800	2	1	0.004	3.938695e-01	2.890630e-01	1.734015e-01	1.727291e-01	1.733631e-01
0	nM823	0	0	800	2	1	0.136	4.825587e-02	5.153428e-02	3.493588e-01	3.486047e-01	3.490205e-01
0	nM825	0	0	800	2	1	0.026	9.169993e-02	1.105915e-01	4.072520e-01	4.065178e-01	4.068670e-01
0	nM831	0	0	800	2	1	0.019	3.536818e-02	1.304027e-01	7.862898e-01	7.859632e-01	7.860383e-01
0	nM832	0	0	800	2	1	0.006	-3.976519e-01	2.240075e-01	7.625057e-02	7.579155e-02	7.646158e-02
0	nM834	0	0	800	2	1	0.477	9.245465e-03	3.541185e-02	7.940951e-01	7.937799e-01	7.938517e-01
0	nM843	0	0	800	2	1	0.004	2.954616e-01	2.892100e-01	3.072723e-01	3.065154e-01	3.069832e-01
0	nM844	0	0	800	2	1	0.056	-1.002886e-01	7.669064e-02	1.913506e-01	1.906562e-01	1.912702e-01
0	nM848	0	0	800	2	1	0.046	1.478053e-01	8.405898e-02	7.907087e-02	7.860252e-02	7.927506e-02
0	nM849	0	0	800	2	1	0.006	-3.224122e-01	2.241590e-01	1.507356e-01	1.500971e-01	1.507531e-01
0	nM853	0	0	800	2	1	0.004	-3.428974e-01	2.891444e-01	2.360133e-01	2.352804e-01	2.358396e-01
0	nM860	0	0	800	2	1	0.007	-3.178611e-01	2.047133e-01	1.208880e-01	1.203071e-01	1.209833e-01
0	nM862	0	0	800	2	1	0.011	-3.907283e-02	1.677114e-01	8.158394e-01	8.155561e-01	8.156190e-01
0	nM866	0	0	800	2	1	0.085	4.923629e-02	6.340345e-02	4.376513e-01	4.369340e-01	4.372509e-01
0	nM869	0	0	800	2	1	0.249	1.481028e-02	4.091547e-02	7.174684e-01	7.170450e-01	7.171520e-01
0	nM871	0	0	800	2	1	0.020	7.930634e-02	1.263170e-01	5.302910e-01	5.296472e-01	5.298779e-01
0	nM875	0	0	800	2	1	0.070	7.892728e-02	6.927132e-02	2.548811e-01	2.541378e-01	2.546728e-01
0	nM879	0	0	800	2	1	0.025	7.925463e-02	1.132639e-01	4.842972e-01	4.836131e-01	4.838843e-01
0	nM881	0	0	800	2	1	0.014	4.831872e-02	1.518884e-01	7.504772e-01	7.500995e-01	7.501905e-01
0	nM883	0	0	800	2	1	0.072	-1.929772e-02	6.821018e-02	7.773150e-01	7.769755e-01	7.770544e-01
0	nM886	0	0	800	2	1	0.131	-6.367966e-02	5.233562e-02	2.240570e-01	2.233323e-01	2.239066e-01
0	nM887	0	0	800	2	1	0.013	5.824223e-02	1.591978e-01	7.145753e-01	7.141479e-01	7.142564e-01
0	nM890	0	0	800	2	1	0.004	2.897289e-01	2.892173e-01	3.167588e-01	3.160016e-01	3.164575e-01
0	nM892	0	0	800	2	1	0.139	-7.992070e-02	5.109178e-02	1.181536e-01	1.175787e-01	1.182561e-01
0	nM893	0	0	800	2	1	0.010	3.849759e-02	1.777733e-01	8.286110e-01	8.283468e-01	8.284047e-01
0	nM897	0	0	800	2	1	0.009	4.332147e-01	1.893133e-01	2.237786e-02	2.216848e-02	2.264916e-02
0	nM901	0	0	800	2	1	0.004	3.133811e-01	2.891864e-01	2.788408e-01	2.780886e-01	2.785928e-01
0	nM904	0	0	800	2	1	0.010	-2.058471e-01	1.776291e-01	2.468604e-01	2.461211e-01	2.466664e-01
0	nM905	0	0	800	2	1	0.048	2.071980e-02	8.315738e-02	8.032982e-01	8.029965e-01	8.030645e-01
0	nM906	0	0	800	2	1	0.006	-1.965617e-01	2.243415e-01	3.812003e-01	3.804550e-01	3.808334e-01
0	nM909	0	0	800	2	1	0.081	3.069377e-02	6.473295e-02	6.355157e-01	6.349864e-01	6.351401e-01
0	nM912	0	0	800	2	1	0.018	1.233237e-01	1.348293e-01	3.606434e-01	3.598918e-01	3.602941e-01
0	nM914	0	0	800	2	1	0.010	3.209392e-01	1.774152e-01	7.083146e-02	7.039113e-02	7.105520e-02
0	nM916	0	0	800	2	1	0.091	-5.643200e-02	6.139437e-02	3.582832e-01	3.575310e-01	3.579361e-01
0	nM920	0	0	800	2	1	0.004	4.935715e-01	2.888712e-01	8.790995e-02	8.741396e-02	8.809202e-02
0	nM924	0	0	800	2	1	0.007	5.917659e-02	2.050116e-01	7.729242e-01	7.725784e-01	7.726592e-01
0	nM926	0	0	800	2	1	0.016	-2.052436e-02	1.399014e-01	8.834012e-01	8.832199e-01	8.832578e-01
0	nM927	0	0	800	2	1	0.004	2.461990e-01	2.892678e-01	3.949631e-01	3.942232e-01	3.945860e-01
0	nM934	0	0	800	2	1	0.007	-1.249425e-01	2.049746e-01	5.423327e-01	5.417006e-01	5.419213e-01
0	nM936	0	0	800	2	1	0.026	1.089020e-01	1.105719e-01	3.249731e-01	3.242160e-01	3.246616e-01
0	nM937	0	0	800	2	1	0.253	-3.265834e-02	4.069917e-02	4.225417e-01	4.218155e-01	4.221482e-01
0	nM942	0	0	800	2	1	0.004	1.381781e-01	2.893578e-01	6.331128e-01	6.325807e-01	6.327359e-01
0	nM943	0	0	800	2	1	0.071	-5.778482e-02	6.873262e-02	4.007572e-01	4.000200e-01	4.003763e-01
0	nM952	0	0	800	2	1	0.035	9.068210e-02	9.619613e-02	3.461303e-01	3.453755e-01	3.457952e-01
0	nM957	0	0	800	2	1	0.004	-3.286515e-01	2.891651e-01	2.560664e-01	2.553225e-01	2.558560e-01
0	nM966	0	0	800	2	1	0.056	-1.451994e-01	7.660051e-02	5.838194e-02	5.798873e-02	5.863216e-02
0	nM968	0	0	800	2	1	0.005	1.494298e-01	2.507285e-01	5.513559e-01	5.507327e-01	5.509463e-01
0	nM972	0	0	800	2	1	0.147	-3.671951e-02	4.986620e-02	4.617276e-01	4.610264e-01	4.613192e-01
0	nM976	0	0	800	2	1	0.055	2.054954e-01	7.724716e-02	7.965414e-03	7.867885e-03	8.164526e-03
0	nM977	0	0	800	2	1	0.028	9.522628e-02	1.081122e-01	3.786861e-01	3.779399e-01	3.783212e-01
0	nM978	0	0	800	2	1	0.072	7.021593e-03	6.821315e-02	9.180396e-01	9.179117e-01	9.179378e-01
0	nM981	0	0	800	2	1	0.116	4.899293e-03	5.518660e-02	9.292815e-01	9.291711e-01	9.291935e-01
0	nM985	0	0	800	2	1	0.037	6.062299e-02	9.308197e-02	5.150493e-01	5.143914e-01	5.146350e-01
0	nM986	0	0	800	2	1	0.006	-1.769134e-01	2.243620e-01	4.306282e-01	4.299066e-01	4.302308e-01
0	nM987	0	0	800	2	1	0.011	-1.406834e-02	1.677164e-01	9.331715e-01	9.330671e-01	9.330883e-01
0	nM996	0	0	800	2	1	0.016	-1.839051e-01	1.397517e-01	1.885716e-01	1.878803e-01	1.884975e-01
0	nM1002	0	0	800	2	1	0.072	8.090918e-02	6.815345e-02	2.355170e-01	2.347844e-01	2.353442e-01
0	nM1005	0	0	800	2	1	0.014	1.872365e-01	1.517533e-01	2.176327e-01	2.169131e-01	2.174955e-01
0	nM1010	0	0	800	2	1	0.091	-7.416486e-02	6.137073e-02	2.272234e-01	2.264965e-01	2.270668e-01
0	nM1013	0	0	800	2	1	0.018	1.926894e-01	1.347273e-01	1.530461e-01	1.524038e-01	1.530577e-01
0	nM1027	0	0	800	2	1	0.006	-3.342869e-01	2.241372e-01	1.362416e-01	1.356291e-01	1.362964e-01
0	nM1030	0	0	800	2	1	0.013	-7.514827e-02	1.591889e-01	6.370060e-01	6.364786e-01	6.366314e-01
0	nM1032	0	0	800	2	1	0.004	1.763857e-02	2.893984e-01	9.514150e-01	9.513390e-01	9.513544e-01
0	nM1035	0	0	800	2	1	0.010	3.275381e-02	1.777748e-01	8.538694e-01	8.536431e-01	8.536915e-01
0	nM1038	0	0	800	2	1	0.035	-4.602613e-02	9.623589e-02	6.325935e-01	6.320607e-01	6.322163e-01
0	nM1039	0	0	800	2	1	0.009	-1.360663e-01	1.898723e-01	4.738183e-01	4.731261e-01	4.734071e-01
0	nM1041	0	0	800	2	1	0.052	-1.259230e-01	7.918459e-02	1.121754e-01	1.116145e-01	1.122939e-01
0	nM1044	0	0	800	2	1	0.058	1.021907e-01	7.589788e-02	1.785482e-01	1.778690e-01	1.784974e-01
0	nM1046	0	0	800	2	1	0.018	9.978288e-02	1.348537e-01	4.595573e-01	4.588546e-01	4.591495e-01
0	nM1048	0	0	800	2	1	0.007	1.899226e-02	2.050212e-01	9.262163e-01	9.261011e-01	9.261246e-01
0	nM1052	0	0	800	2	1	0.040	4.722937e-02	9.025200e-02	6.009070e-01	6.003371e-01	6.005138e-01
0	nM1055	0	0	800	2	1	0.124	1.303728e-01	5.351820e-02	1.506661e-02	1.490907e-02	1.531510e-02
0	nM1057	0	0	800	2	1	0.007	1.122541e-01	2.049838e-01	5.841031e-01	5.835144e-01	5.837031e-01
0	nM1061	0	0	800	2	1	0.007	1.119549e-01	2.049840e-01	5.851057e-01	5.845181e-01	5.847060e-01
0	nM1062	0	0	800	2	1	0.184	5.571103e-02	4.563168e-02	2.224902e-01	2.217668e-01	2.223430e-01
0	nM1065	0	0	800	2	1	0.045	2.009971e-02	8.532453e-02	8.138286e-01	8.135424e-01	8.136061e-01
0	nM1073	0	0	800	2	1	0.070	-1.060761e-01	6.922588e-02	1.258403e-01	1.252487e-01	1.259225e-01
0	nM1074	0	0	800	2	1	0.021	8.898749e-02	1.226135e-01	4.682012e-01	4.675047e-01	4.677912e-01
0	nM1080	0	0	800	2	1	0.016	-7.795812e-02	1.398761e-01	5.774534e-01	5.768575e-01	5.770510e-01
0	nM1085	0	0	800	2	1	0.051	-8.386080e-02	8.016348e-02	2.958213e-01	2.950657e-01	2.955480e-01
0	nM1087	0	0	800	2	1	0.039	-7.139371e-02	9.161736e-02	4.360578e-01	4.353396e-01	4.356581e-01
0	nM1096	0	0	800	2	1	0.024	-1.977232e-01	1.159564e-01	8.855549e-02	8.805758e-02	8.873591e-02
0	nM1097	0	0	800	2	1	0.040	1.507918e-03	9.026747e-02	9.866761e-01	9.866553e-01	9.866595e-01
0	nM1100	0	0	800	2	1	0.005	4.774804e-02	2.507786e-01	8.490448e-01	8.488112e-01	8.488614e-01
0	nM1103	0	0	800	2	1	0.010	-8.000388e-03	1.777783e-01	9.641169e-01	9.640608e-01	9.640721e-01
0	nM1104	0	0	800	2	1	0.005	-2.143223e-01	2.506696e-01	3.928081e-01	3.920674e-01	3.924326e-01
0	nM1109	0	0	800	2	1	0.018	-1.727768e-02	1.348985e-01	8.981186e-01	8.979600e-01	8.979928e-01
0	nM1117	0	0	800	2	1	0.041	-3.616731e-02	8.893799e-02	6.843685e-01	6.839009e-01	6.840256e-01
0	nM1120	0	0	800	2	1	0.099	-1.223698e-01	5.913487e-02	3.883621e-02	3.853171e-02	3.911400e-02
0	nM1122	0	0	800	2	1	0.022	1.128903e-04	1.192744e-01	9.992451e-01	9.992439e-01	9.992441e-01
0	nM1124	0	0	800	2	1	0.011	1.644840e-01	1.676160e-01	3.267353e-01	3.259783e-01	3.264218e-01
0	nM1125	0	0	800	2	1	0.009	-6.234839e-01	1.886467e-01	9.920278e-04	9.739919e-04	1.057786e-03
0	nM1126	0	0	800	2	1	0.004	1.026917e-01	2.893763e-01	7.227788e-01	7.223626e-01	7.224670e-01
0	nM1127	0	0	800	2	1	0.028	-1.693226e-02	1.081631e-01	8.756440e-01	8.754509e-01	8.754915e-01
0	nM1132	0	0	800	2	1	0.005	1.894155e-01	2.506947e-01	4.501345e-01	4.494253e-01	4.497295e-01
0	nM1134	0	0	800	2	1	0.142	-2.475920e-02	5.059497e-02	6.247207e-01	6.241785e-01	6.243391e-01
0	nM1136	0	0	800	2	1	0.043	1.411602e-01	8.754408e-02	1.072600e-01	1.067111e-01	1.073915e-01
0	nM1140	0	0	800	2	1	0.022	7.060552e-02	1.192482e-01	5.539590e-01	5.533384e-01	5.535499e-01
0	nM1144	0	0	800	2	1	0.079	4.943962e-02	6.564908e-02	4.516183e-01	4.509101e-01	4.512129e-01
0	nM1148	0	0	800	2	1	0.043	1.848739e-02	8.768413e-02	8.330654e-01	8.328078e-01	8.328640e-01
0	nM1153	0	0	800	2	1	0.016	-2.104558e-01	1.397048e-01	1.323520e-01	1.317470e-01	1.324170e-01
0	nM1157	0	0	800	2	1	0.111	-3.929576e-02	5.623728e-02	4.849124e-01	4.842288e-01	4.844994e-01
0	nM1163	0	0	800	2	1	0.004	2.510842e-02	2.893977e-01	9.308833e-01	9.307753e-01	9.307973e-01
0	nM1165	0	0	800	2	1	0.004	2.655017e-01	2.892464e-01	3.589442e-01	3.581921e-01	3.585964e-01
0	nM1170	0	0	800	2	1	0.009	3.504776e-01	1.895277e-01	6.479638e-02	6.437812e-02	6.503352e-02
0	nM1175	0	0	800	2	1	0.055	-1.047508e-01	7.750026e-02	1.768803e-01	1.762033e-01	1.768335e-01
0	nM1180	0	0	800	2	1	0.014	4.484484e-02	1.518897e-01	7.678827e-01	7.675296e-01	7.676127e-01
0	nM1183	0	0	800	2	1	0.098	-1.629877e-02	5.962807e-02	7.846622e-01	7.843333e-01	7.844090e-01
0	nM1190	0	0	800	2	1	0.005	3.053184e-02	2.507820e-01	9.031304e-01	9.029795e-01	9.030106e-01
0	nM1193	0	0	800	2	1	0.037	5.476470e-02	9.308652e-02	5.564837e-01	5.558657e-01	5.560752e-01
0	nM1195	0	0	800	2	1	0.005	-5.471913e-01	2.500352e-01	2.892550e-02	2.867535e-02	2.920463e-02
0	nM1197	0	0	800	2	1	0.004	4.004422e-01	2.890517e-01	1.663279e-01	1.656653e-01	1.663065e-01
0	nM1198	0	0	800	2	1	0.015	1.437705e-01	1.454345e-01	3.231788e-01	3.224216e-01	3.228695e-01
0	nM1205	0	0	800	2	1	0.025	6.865470e-02	1.132726e-01	5.446195e-01	5.439896e-01	5.442085e-01
0	nM1206	0	0	800	2	1	0.006	-5.703866e-02	2.244403e-01	7.994549e-01	7.991475e-01	7.992171e-01
0	nM1211	0	0	800	2	1	0.018	-1.959936e-01	1.347214e-01	1.461158e-01	1.454853e-01	1.461452e-01
0	nM1219	0	0	800	2	1	0.055	-8.363333e-02	7.753242e-02	2.810525e-01	2.802998e-01	2.808011e-01
0	nM1220	0	0	800	2	1	0.064	1.977688e-02	7.240035e-02	7.848009e-01	7.844722e-01	7.845479e-01
0	nM1221	0	0	800	2	1	0.054	-8.440015e-03	7.843351e-02	9.143343e-01	9.142006e-01	9.142280e-01
0	nM1223	0	0	800	2	1	0.056	2.065742e-02	7.676929e-02	7.879342e-01	7.876101e-01	7.876844e-01
0	nM1227	0	0	800	2	1	0.009	-1.575906e-01	1.898515e-01	4.067458e-01	4.060114e-01	4.063611e-01
0	nM1237	0	0	800	2	1	0.014	1.602750e-01	1.517920e-01	2.913400e-01	2.905850e-01	2.910731e-01
0	nM1239	0	0	800	2	1	0.102	-1.386168e-02	5.831797e-02	8.121815e-01	8.118928e-01	8.119572e-01
0	nM1246	0	0	800	2	1	0.031	1.464394e-01	1.015315e-01	1.496087e-01	1.489722e-01	1.496291e-01
0	nM1254	0	0	800	2	1	0.020	7.674083e-02	1.263190e-01	5.436811e-01	5.430503e-01	5.432700e-01
0	nM1256	0	0	800	2	1	0.009	1.962365e-01	1.898063e-01	3.015065e-01	3.007501e-01	3.012252e-01
0	nM1261	0	0	800	2	1	0.019	-3.215481e-02	1.304037e-01	8.052975e-01	8.049987e-01	8.050659e-01
0	nM1266	0	0	800	2	1	0.049	1.793688e-02	8.213899e-02	8.271949e-01	8.269286e-01	8.269870e-01
0	nM1270	0	0	800	2	1	0.004	8.167019e-02	2.893846e-01	7.778479e-01	7.775091e-01	7.775878e-01
0	nM1279	0	0	800	2	1	0.030	-1.268826e-01	1.035959e-01	2.210182e-01	2.202959e-01	2.208741e-01
0	nM1290	0	0	800	2	1	0.013	2.411029e-01	1.589822e-01	1.297787e-01	1.291790e-01	1.298505e-01
0	nM1291	0	0	800	2	1	0.037	-1.819229e-02	9.310448e-02	8.451323e-01	8.448928e-01	8.449444e-01
0	nM1301	0	0	800	2	1	0.131	-5.122273e-02	5.235276e-02	3.281656e-01	3.274087e-01	3.278504e-01
0	nM1304	0	0	800	2	1	0.024	-1.050753e-01	1.161079e-01	3.657492e-01	3.649989e-01	3.653952e-01
0	nM1305	0	0	800	2	1	0.013	8.748307e-02	1.591810e-01	5.827596e-01	5.821695e-01	5.823591e-01
0	nM1306	0	0	800	2	1	0.014	-8.624794e-02	1.518673e-01	5.702515e-01	5.696479e-01	5.698468e-01
0	nM1314	0	0	800	2	1	0.011	-2.434252e-03	1.677171e-01	9.884235e-01	9.884054e-01	9.884090e-01
0	nM1315	0	0	800	2	1	0.068	-5.706387e-02	7.047618e-02	4.183596e-01	4.176312e-01	4.179684e-01
0	nM1326	0	0	800	2	1	0.006	-2.752364e-01	2.242378e-01	2.200226e-01	2.193011e-01	2.198805e-01
0	nM1014	17	0	800	2	1	0.004	1.506409e-01	2.893500e-01	6.027771e-01	6.022093e-01	6.023847e-01
0	nM23	20	0	800	2	1	0.022	1.377962e-01	1.191746e-01	2.479232e-01	2.471834e-01	2.477274e-01
0	nM62	20	0	800	2	1	0.055	5.593748e-02	7.756365e-02	4.710090e-01	4.703146e-01	4.705984e-01
0	cM11	25	0	800	2	1	0.020	-1.702407e-02	1.263467e-01	8.928507e-01	8.926840e-01	8.927186e-01
0	nM36	25	0	800	2	1	0.024	-3.649400e-02	1.161603e-01	7.534746e-01	7.531011e-01	7.531907e-01
0	nM325	25	0	800	2	1	0.007	-2.521708e-01	2.048279e-01	2.186350e-01	2.179146e-01	2.184957e-01
0	nM361	25	0	800	2	1	0.009	-4.128406e-02	1.899278e-01	8.279778e-01	8.277126e-01	8.277708e-01
0	nM490	25	0	800	2	1	0.029	1.891666e-01	1.056433e-01	7.373373e-02	7.328327e-02	7.395073e-02
0	nM534	25	0	800	2	1	0.061	9.984300e-02	7.368344e-02	1.757926e-01	1.751170e-01	1.757484e-01
0	nM587	25	0	800	2	1	0.005	-2.499140e-02	2.507828e-01	9.206444e-01	9.205205e-01	9.205458e-01
0	nM691	25	0	800	2	1	0.034	-1.991634e-02	9.794992e-02	8.389275e-01	8.386787e-01	8.387326e-01
0	nM764	25	0	800	2	1	0.013	6.893823e-02	1.591924e-01	6.650957e-01	6.646032e-01	6.647389e-01
0	nM958	25	0	800	2	1	0.014	5.479435e-02	1.518856e-01	7.183739e-01	7.179517e-01	7.180583e-01
0	nM1069	25	0	800	2	1	0.014	-2.806585e-01	1.515728e-01	6.444647e-02	6.402954e-02	6.468437e-02
0	nM1320	25	0	800	2	1	0.006	2.650659e-02	2.244474e-01	9.060204e-01	9.058739e-01	9.059041e-01
0	cM3	33	0	800	2	1	0.200	-8.938554e-02	4.410851e-02	4.304652e-02	4.272108e-02	4.332052e-02
0	nM70	33	0	800	2	1	0.006	1.706110e-01	2.243681e-01	4.472360e-01	4.465249e-01	4.468320e-01
0	nM191	33	0	800	2	1	0.034	9.223673e-02	9.789802e-02	3.463899e-01	3.456352e-01	3.460546e-01
0	nM233	33	0	800	2	1	0.046	-1.312984e-01	8.409332e-02	1.188397e-01	1.182633e-01	1.189404e-01
0	nM240	33	0	800	2	1	0.044	-5.814018e-02	8.645681e-02	5.014750e-01	5.008051e-01	5.010607e-01
0	nM293	33	0	800	2	1	0.005	1.067330e-01	2.507559e-01	6.704814e-01	6.699958e-01	6.701283e-01
0	nM319	33	0	800	2	1	0.006	-4.269006e-01	2.239400e-01	5.696812e-02	5.658067e-02	5.722103e-02
0	nM354	33	0	800	2	1	0.010	-8.526497e-02	1.777529e-01	6.315846e-01	6.310506e-01	6.312068e-01
0	nM410	33	0	800	2	1	0.013	2.207579e-01	1.590192e-01	1.654493e-01	1.647879e-01	1.654301e-01
0	nM463	33	0	800	2	1	0.025	-2.162805e-01	1.130396e-01	5.606522e-02	5.568149e-02	5.631980e-02
0	nM506	33	0	800	2	1	0.006	-4.851780e-01	2.237913e-01	3.045410e-02	3.019504e-02	3.073389e-02
0	nM627	33	0	800	2	1	0.015	-4.428599e-02	1.455151e-01	7.609486e-01	7.605857e-01	7.606719e-01
0	nM661	33	0	800	2	1	0.031	8.514953e-02	1.016190e-01	4.023216e-01	4.015851e-01	4.019397e-01
0	nM839	33	0	800	2	1	0.071	-1.826975e-02	6.876001e-02	7.905365e-01	7.902161e-01	7.902893e-01
0	nM876	33	0	800	2	1	0.010	-2.961948e-01	1.774691e-01	9.551079e-02	9.499285e-02	9.567324e-02
0	nM898	33	0	800	2	1	0.004	2.591889e-01	2.892536e-01	3.704904e-01	3.697415e-01	3.701323e-01
0	nM1015	33	0	800	2	1	0.037	-1.814340e-01	9.288492e-02	5.113075e-02	5.076807e-02	5.139381e-02
0	nM1166	33	0	800	2	1	0.092	-5.765730e-02	6.101828e-02	3.449865e-01	3.442315e-01	3.446526e-01
0	nM1176	33	0	800	2	1	0.005	9.060860e-02	2.507638e-01	7.179481e-01	7.175253e-01	7.176321e-01
0	nM1267	33	0	800	2	1	0.019	-2.111341e-01	1.301943e-01	1.052659e-01	1.047220e-01	1.054027e-01
0	nM77	40	0	800	2	1	0.044	-2.808887e-02	8.647558e-02	7.454035e-01	7.450187e-01	7.451120e-01
0	nM998	40	0	800	2	1	0.044	-1.303346e-01	8.635814e-02	1.316350e-01	1.310315e-01	1.317019e-01
0	cM12	50	0	800	2	1	0.171	-9.524011e-03	4.695250e-02	8.393090e-01	8.390608e-01	8.391146e-01
0	cM18	50	0	800	2	1	0.025	1.158087e-01	1.132244e-01	3.067008e-01	3.059439e-01	3.064125e-01
0	cM52	50	0	800	2	1	0.004	-2.741188e-01	2.892364e-01	3.435524e-01	3.427972e-01	3.432201e-01
0	cM56	50	0	800	2	1	0.056	1.662997e-01	7.654673e-02	3.010974e-02	2.985267e-02	3.038941e-02
0	nM29	50	0	800	2	1	0.029	3.159582e-01	1.052627e-01	2.769226e-03	2.727019e-03	2.889020e-03
0	nM37	50	0	800	2	1	0.005	3.663327e-01	2.504488e-01	1.439419e-01	1.433152e-01	1.439768e-01
0	nM59	50	0	800	2	1	0.006	-1.501808e-01	2.243864e-01	5.035005e-01	5.028324e-01	5.030861e-01
0	nM71	50	0	800	2	1	0.009	-2.107095e-01	1.897869e-01	2.672289e-01	2.664805e-01	2.669995e-01
0	nM85	50	0	800	2	1	0.009	3.696559e-02	1.899289e-01	8.457333e-01	8.454947e-01	8.455461e-01
0	nM112	50	0	800	2	1	0.004	5.451757e-01	2.887549e-01	5.938550e-02	5.898826e-02	5.963377e-02
0	nM136	50	0	800	2	1	0.005	-1.079347e-01	2.507552e-01	6.669928e-01	6.665028e-01	6.666373e-01
0	nM151	50	0	800	2	1	0.044	-3.824438e-02	8.647070e-02	6.584055e-01	6.579045e-01	6.580441e-01
0	nM166	50	0	800	2	1	0.005	6.965885e-02	2.507722e-01	7.812552e-01	7.809214e-01	7.809986e-01
0	nM181	50	0	800	2	1	0.013	1.387468e-01	1.591353e-01	3.835363e-01	3.827919e-01	3.831676e-01
0	nM216	50	0	800	2	1	0.101	-8.782245e-03	5.863729e-02	8.809821e-01	8.807971e-01	8.808358e-01
0	nM229	50	0	800	2	1	0.009	1.816569e-01	1.898245e-01	3.388707e-01	3.381148e-01	3.385434e-01
0	nM237	50	0	800	2	1	0.021	1.384296e-01	1.225560e-01	2.590177e-01	2.582726e-01	2.588022e-01
0	nM266	50	0	800	2	1	0.004	-3.731847e-01	2.890974e-01	1.971256e-01	1.964250e-01	1.970323e-01
0	nM309	50	0	800	2	1	0.014	-1.536016e-01	1.518007e-01	3.119098e-01	3.111526e-01	3.116146e-01
0	nM341	50	0	800	2	1	0.018	-2.928723e-01	1.345009e-01	2.973748e-02	2.948257e-02	3.001701e-02
0	nM349	50	0	800	2	1	0.009	-1.844186e-01	1.898212e-01	3.315745e-01	3.308179e-01	3.312553e-01
0	nM370	50	0	800	2	1	0.006	-4.929258e-01	2.237701e-01	2.789240e-02	2.764839e-02	2.817087e-02
0	nM377	50	0	800	2	1	0.036	1.440817e-01	9.449941e-02	1.277343e-01	1.271387e-01	1.278115e-01
0	nM402	50	0	800	2	1	0.011	6.777304e-02	1.677000e-01	6.862234e-01	6.857583e-01	6.858819e-01
0	nM414	50	0	800	2	1	0.004	-1.442600e-01	2.893540e-01	6.182275e-01	6.176776e-01	6.178425e-01
0	nM498	50	0	800	2	1	0.116	-6.002488e-02	5.514595e-02	2.767149e-01	2.759634e-01	2.764703e-01
0	nM512	50	0	800	2	1	0.019	-2.302871e-01	1.301536e-01	7.721767e-02	7.675542e-02	7.742636e-02
0	nM527	50	0	800	2	1	0.061	5.203319e-02	7.374516e-02	4.806546e-01	4.799676e-01	4.802422e-01
0	nM535	50	0	800	2	1	0.049	1.708722e-01	8.191842e-02	3.730635e-02	3.700975e-02	3.758511e-02
0	nM545	50	0	800	2	1	0.026	-2.305285e-01	1.103377e-01	3.699698e-02	3.670200e-02	3.727591e-02
0	nM601	50	0	800	2	1	0.129	1.090197e-01	5.267316e-02	3.879805e-02	3.849375e-02	3.907587e-02
0	nM647	50	0	800	2	1	0.005	-1.050809e-01	2.507568e-01	6.752888e-01	6.748094e-01	6.749391e-01
0	nM654	50	0	800	2	1	0.083	3.442715e-02	6.428193e-02	5.924085e-01	5.918290e-01	5.920117e-01
0	nM670	50	0	800	2	1	0.018	-4.580691e-02	1.348902e-01	7.342571e-01	7.338567e-01	7.339555e-01
0	nM683	50	0	800	2	1	0.077	-8.605674e-03	6.615434e-02	8.965321e-01	8.963710e-01	8.964044e-01
0	nM696	50	0	800	2	1	0.004	1.956670e-01	2.893162e-01	4.990407e-01	4.983688e-01	4.986265e-01
0	nM742	50	0	800	2	1	0.005	2.524126e-01	2.506251e-01	3.141765e-01	3.134193e-01	3.138784e-01
0	nM749	50	0	800	2	1	0.019	8.513250e-02	1.303739e-01	5.139524e-01	5.132935e-01	5.135381e-01
0	nM758	50	0	800	2	1	0.206	-5.878005e-02	4.366823e-02	1.786655e-01	1.779863e-01	1.786145e-01
0	nM770	50	0	800	2	1	0.005	3.126345e-01	2.505400e-01	2.124548e-01	2.117396e-01	2.123283e-01
0	nM781	50	0	800	2	1	0.058	-3.037975e-03	7.598396e-02	9.681176e-01	9.680677e-01	9.680778e-01
0	nM797	50	0	800	2	1	0.004	1.514273e-01	2.893494e-01	6.008850e-01	6.003151e-01	6.004918e-01
0	nM802	50	0	800	2	1	0.015	-4.600824e-02	1.455144e-01	7.519512e-01	7.515756e-01	7.516659e-01
0	nM812	50	0	800	2	1	0.031	-1.885017e-01	1.014445e-01	6.351216e-02	6.309878e-02	6.375203e-02
0	nM826	50	0	800	2	1	0.044	1.185424e-01	8.637943e-02	1.703415e-01	1.696733e-01	1.703104e-01
0	nM864	50	0	800	2	1	0.028	-1.469568e-02	1.081635e-01	8.919619e-01	8.917938e-01	8.918287e-01
0	nM894	50	0	800	2	1	0.013	1.256560e-01	1.591490e-01	4.300255e-01	4.293036e-01	4.296284e-01
0	nM931	50	0	800	2	1	0.035	-5.272010e-02	9.623158e-02	5.839508e-01	5.833619e-01	5.835507e-01
0	nM938	50	0	800	2	1	0.044	-6.596506e-03	8.648099e-02	9.392179e-01	9.391229e-01	9.391421e-01
0	nM947	50	0	800	2	1	0.005	2.258278e-01	2.506569e-01	3.678899e-01	3.671403e-01	3.675341e-01
0	nM959	50	0	800	2	1	0.021	-2.585591e-01	1.223120e-01	3.483086e-02	3.454740e-02	3.511067e-02
0	nM982	50	0	800	2	1	0.026	1.144427e-01	1.105649e-01	3.009485e-01	3.001922e-01	3.006680e-01
0	nM989	50	0	800	2	1	0.014	-7.316435e-02	1.518759e-01	6.301244e-01	6.295887e-01	6.297458e-01
0	nM1003	50	0	800	2	1	0.495	-2.451739e-02	3.536861e-02	4.883881e-01	4.877073e-01	4.879747e-01
0	nM1016	50	0	800	2	1	0.015	-9.909990e-02	1.454812e-01	4.959509e-01	4.952764e-01	4.955369e-01
0	nM1028	50	0	800	2	1	0.010	-4.340836e-01	1.771132e-01	1.446423e-02	1.431134e-02	1.470987e-02
0	nM1033	50	0	800	2	1	0.005	9.446410e-03	2.507841e-01	9.699622e-01	9.699152e-01	9.699246e-01
0	nM1049	50	0	800	2	1	0.005	3.999875e-01	2.503843e-01	1.105514e-01	1.099944e-01	1.106742e-01
0	nM1063	50	0	800	2	1	0.015	3.519155e-02	1.455182e-01	8.089693e-01	8.086759e-01	8.087416e-01
0	nM1098	50	0	800	2	1	0.007	2.492344e-02	2.050204e-01	9.032736e-01	9.031229e-01	9.031540e-01
0	nM1105	50	0	800	2	1	0.015	-1.312964e-01	1.454493e-01	3.669598e-01	3.662099e-01	3.666048e-01
0	nM1181	50	0	800	2	1	0.024	-1.130468e-01	1.160985e-01	3.304936e-01	3.297368e-01	3.301756e-01
0	nM1185	50	0	800	2	1	0.022	1.818484e-01	1.191006e-01	1.271952e-01	1.266008e-01	1.272738e-01
0	nM1202	50	0	800	2	1	0.007	6.735811e-02	2.050084e-01	7.425725e-01	7.421836e-01	7.422784e-01
0	nM1207	50	0	800	2	1	0.007	2.172163e-01	2.048780e-01	2.893642e-01	2.886096e-01	2.891002e-01
0	nM1216	50	0	800	2	1	0.209	-7.534074e-02	4.344201e-02	8.325407e-02	8.277235e-02	8.344790e-02
0	nM1247	50	0	800	2	1	0.005	-2.875847e-01	2.505776e-01	2.514418e-01	2.507002e-01	2.512396e-01
0	nM1250	50	0	800	2	1	0.018	-1.278114e-01	1.348240e-01	3.434229e-01	3.426677e-01	3.430907e-01
0	nM1263	50	0	800	2	1	0.009	4.941859e-02	1.899253e-01	7.947766e-01	7.944624e-01	7.945338e-01
0	nM1280	50	0	800	2	1	0.010	-6.739408e-02	1.777625e-01	7.046965e-01	7.042558e-01	7.043695e-01
0	nM1284	50	0	800	2	1	0.010	4.386375e-02	1.777718e-01	8.051714e-01	8.048724e-01	8.049396e-01
0	nM1287	50	0	800	2	1	0.059	2.740888e-02	7.521499e-02	7.156506e-01	7.152247e-01	7.153327e-01
0	nM1302	50	0	800	2	1	0.004	3.523364e-01	2.891302e-01	2.233532e-01	2.226291e-01	2.232043e-01
0	nM1309	50	0	800	2	1	0.019	-1.470463e-01	1.303047e-01	2.594565e-01	2.587111e-01	2.592402e-01
0	nM1312	50	0	800	2	1	0.005	-2.543238e-01	2.506227e-01	3.105241e-01	3.097670e-01	3.102307e-01
0	nM1329	50	0	800	2	1	0.004	9.732423e-02	2.893786e-01	7.367169e-01	7.363199e-01	7.364174e-01
0	nM25	60	0	800	2	1	0.050	-1.104572e-01	8.106727e-02	1.734128e-01	1.727404e-01	1.733743e-01
0	nM64	60	0	800	2	1	0.060	-3.935141e-02	7.447002e-02	5.973551e-01	5.967812e-01	5.969604e-01
0	nM78	60	0	800	2	1	0.006	-4.468777e-02	2.244438e-01	8.422317e-01	8.419879e-01	8.420406e-01
0	nM999	60	0	800	2	1	0.010	2.532985e-01	1.775523e-01	1.540824e-01	1.534384e-01	1.540914e-01
0	cM4	67	0	800	2	1	0.224	-2.937779e-01	4.115006e-02	2.113496e-12	1.953322e-12	8.664850e-12
0	cM28	67	0	800	2	1	0.049	3.336961e-01	8.128761e-02	4.456859e-05	4.335842e-05	5.222721e-05
0	nM72	67	0	800	2	1	0.004	6.971136e-01	2.883450e-01	1.584475e-02	1.568130e-02	1.609666e-02
0	nM126	67	0	800	2	1	0.011	-1.782589e-02	1.677160e-01	9.153820e-01	9.152500e-01	9.152770e-01
0	nM162	67	0	800	2	1	0.004	2.648014e-01	2.892472e-01	3.602138e-01	3.594620e-01	3.598649e-01
0	nM192	67	0	800	2	1	0.011	-8.386224e-02	1.676909e-01	6.171424e-01	6.165912e-01	6.167569e-01
0	nM234	67	0	800	2	1	0.009	1.922282e-01	1.898115e-01	3.114950e-01	3.107379e-01	3.112004e-01
0	nM241	67	0	800	2	1	0.140	-1.611482e-02	5.097492e-02	7.519847e-01	7.516091e-01	7.516994e-01
0	nM294	67	0	800	2	1	0.006	-1.234325e-01	2.244068e-01	5.824465e-01	5.818560e-01	5.820459e-01
0	nM320	67	0	800	2	1	0.005	6.279081e-02	2.507745e-01	8.023521e-01	8.020490e-01	8.021173e-01
0	nM411	67	0	800	2	1	0.117	3.676964e-02	5.491598e-02	5.033308e-01	5.026626e-01	5.029165e-01
0	nM464	67	0	800	2	1	0.010	-1.431891e-03	1.777785e-01	9.935756e-01	9.935656e-01	9.935676e-01
0	nM628	67	0	800	2	1	0.054	-6.733834e-03	7.843371e-02	9.316042e-01	9.314973e-01	9.315190e-01
0	nM662	67	0	800	2	1	0.098	3.298231e-02	5.961943e-02	5.802717e-01	5.796788e-01	5.798703e-01
0	nM840	67	0	800	2	1	0.004	-7.922165e-02	2.893855e-01	7.843413e-01	7.840119e-01	7.840878e-01
0	nM877	67	0	800	2	1	0.020	1.312951e-01	1.262626e-01	2.987213e-01	2.979653e-01	2.984439e-01
0	nM899	67	0	800	2	1	0.114	-2.411890e-02	5.570474e-02	6.651481e-01	6.646557e-01	6.647914e-01
0	nM1017	67	0	800	2	1	0.019	-1.198315e-01	1.303397e-01	3.581755e-01	3.574232e-01	3.578285e-01
0	nM1138	67	0	800	2	1	0.005	-3.161253e-03	2.507843e-01	9.899457e-01	9.899300e-01	9.899331e-01
0	nM1146	67	0	800	2	1	0.054	-2.640641e-02	7.842851e-02	7.364361e-01	7.360387e-01	7.361364e-01
0	nM1167	67	0	800	2	1	0.004	-1.402569e-01	2.893565e-01	6.280080e-01	6.274697e-01	6.276283e-01
0	nM1177	67	0	800	2	1	0.005	8.084471e-02	2.507680e-01	7.472429e-01	7.468606e-01	7.469531e-01
0	nM1268	67	0	800	2	1	0.034	1.968743e-02	9.794997e-02	8.407539e-01	8.405079e-01	8.405611e-01
0	cM13	75	0	800	1	2	0.203	-1.955943e-03	4.401681e-02	9.645678e-01	9.645123e-01	9.645235e-01
0	nM38	75	0	800	2	1	0.006	2.744285e-02	2.244473e-01	9.027171e-01	9.025655e-01	9.025968e-01
0	nM492	75	0	800	2	1	0.006	2.147349e-01	2.243206e-01	3.387221e-01	3.379662e-01	3.383949e-01
0	nM503	75	0	800	2	1	0.007	3.950513e-02	2.050175e-01	8.472496e-01	8.470133e-01	8.470642e-01
0	nM536	75	0	800	2	1	0.135	5.943197e-02	5.172054e-02	2.508598e-01	2.501185e-01	2.506587e-01
0	nM693	75	0	800	2	1	0.025	1.227923e-01	1.132152e-01	2.784300e-01	2.776780e-01	2.781826e-01
0	nM766	75	0	800	2	1	0.006	9.442287e-02	2.244245e-01	6.740631e-01	6.735821e-01	6.737126e-01
0	nM813	75	0	800	2	1	0.004	7.293450e-01	2.882451e-01	1.158792e-02	1.145825e-02	1.181706e-02
0	nM948	75	0	800	2	1	0.004	-3.823258e-01	2.890824e-01	1.863642e-01	1.856755e-01	1.862952e-01
0	nM1264	75	0	800	2	1	0.015	3.313715e-02	1.455188e-01	8.199243e-01	8.196472e-01	8.197085e-01
0	nM65	80	0	800	2	1	0.010	1.086808e-01	1.777369e-01	5.410626e-01	5.404292e-01	5.406510e-01
0	nM1000	80	0	800	2	1	0.005	-4.209349e-01	2.503413e-01	9.306794e-02	9.255689e-02	9.323674e-02
0	nM73	83	0	800	2	1	0.004	-2.966221e-01	2.892085e-01	3.053750e-01	3.046182e-01	3.050884e-01
0	cM7	100	0	800	2	1	0.077	-1.635653e-01	6.590116e-02	1.327025e-02	1.312678e-02	1.350966e-02
0	cM14	100	0	800	2	1	0.009	1.351662e-01	1.898731e-01	4.767492e-01	4.760592e-01	4.763375e-01
0	cM19	100	0	800	2	1	0.231	2.332342e-01	4.113259e-02	1.992554e-08	1.893827e-08	3.553321e-08
0	cM21	100	0	800	2	1	0.076	-7.487286e-01	6.115322e-02	1.044243e-31	8.413104e-32	2.394010e-27
0	cM29	100	0	800	2	1	0.404	-5.557139e-01	3.021158e-02	2.908615e-63	1.871863e-63	3.205454e-47
0	cM31	100	0	800	2	1	0.054	1.716026e-01	7.819848e-02	2.849062e-02	2.824304e-02	2.876949e-02
0	cM34	100	0	800	2	1	0.089	2.788183e-01	6.141243e-02	6.489760e-06	6.277204e-06	8.240101e-06
0	cM40	100	0	800	2	1	0.168	4.056675e-01	4.514014e-02	1.812028e-18	1.604183e-18	5.123848e-17
0	cM42	100	0	800	2	1	0.025	1.484266e-01	1.131767e-01	1.900800e-01	1.893871e-01	1.900026e-01
0	cM44	100	0	800	2	1	0.011	-7.188118e-02	1.676978e-01	6.683045e-01	6.678161e-01	6.679499e-01
0	cM48	100	0	800	1	2	0.216	-4.106664e-02	4.294191e-02	3.391952e-01	3.384393e-01	3.388675e-01
0	cM53	100	0	800	2	1	0.009	8.803527e-01	1.873593e-01	3.082250e-06	2.974625e-06	4.054672e-06
0	cM57	100	0	800	2	1	0.004	-4.881411e-01	2.888827e-01	9.146538e-02	9.095893e-02	9.163833e-02
0	cM67	100	0	800	2	1	0.011	5.880817e-01	1.664201e-01	4.333260e-04	4.244141e-04	4.718588e-04
0	nM2	100	0	800	2	1	0.007	3.334911e-01	2.046821e-01	1.036416e-01	1.031018e-01	1.037826e-01
0	nM7	100	0	800	2	1	0.015	7.129130e-02	1.455016e-01	6.242905e-01	6.237478e-01	6.239087e-01
0	nM9	100	0	800	2	1	0.034	2.427110e-02	9.794869e-02	8.043575e-01	8.040574e-01	8.041249e-01
0	nM11	100	0	800	2	1	0.030	5.656260e-02	1.036739e-01	5.855059e-01	5.849188e-01	5.851064e-01
0	nM15	100	0	800	2	1	0.040	4.043833e-02	9.025614e-02	6.542462e-01	6.537401e-01	6.538822e-01
0	nM17	100	0	800	2	1	0.081	-7.319249e-02	6.469021e-02	2.582137e-01	2.574689e-01	2.579996e-01
0	nM21	100	0	800	2	1	0.005	4.974832e-01	2.501652e-01	4.708449e-02	4.673999e-02	4.735355e-02
0	nM27	100	0	800	2	1	0.007	1.234489e-01	2.049757e-01	5.471714e-01	5.465441e-01	5.467609e-01
0	nM30	100	0	800	2	1	0.007	-1.970363e-01	2.049036e-01	3.365395e-01	3.357834e-01	3.362147e-01
0	nM46	100	0	800	2	1	0.100	-6.392434e-02	5.891904e-02	2.782705e-01	2.775185e-01	2.780234e-01
0	nM66	100	0	800	2	1	0.005	-2.005301e-01	2.506839e-01	4.239880e-01	4.232626e-01	4.235938e-01
0	nM83	100	0	800	2	1	0.010	1.187233e-01	1.777289e-01	5.043251e-01	5.036577e-01	5.039107e-01
0	nM89	100	0	800	2	1	0.404	-8.015762e-04	3.605175e-02	9.822668e-01	9.822391e-01	9.822446e-01
0	nM91	100	0	800	2	1	0.034	-1.578956e-02	9.795086e-02	8.719776e-01	8.717789e-01	8.718208e-01
0	nM93	100	0	800	2	1	0.006	4.144439e-01	2.239694e-01	6.461828e-02	6.420069e-02	6.485581e-02
0	nM96	100	0	800	2	1	0.101	-1.612000e-02	5.863534e-02	7.834492e-01	7.831185e-01	7.831948e-01
0	nM99	100	0	800	2	1	0.004	7.460511e-02	2.893870e-01	7.966247e-01	7.963132e-01	7.963839e-01
0	nM102	100	0	800	2	1	0.028	-7.770828e-02	1.081298e-01	4.725623e-01	4.718692e-01	4.721514e-01
0	nM104	100	0	800	2	1	0.004	-2.866646e-01	2.892211e-01	3.219076e-01	3.211504e-01	3.215999e-01
0	nM108	100	0	800	2	1	0.014	-2.717458e-02	1.518950e-01	8.580587e-01	8.578388e-01	8.578856e-01
0	nM117	100	0	800	2	1	0.010	-1.932366e-01	1.776469e-01	2.770311e-01	2.762794e-01	2.767859e-01
0	nM119	100	0	800	2	1	0.013	2.006387e-01	1.590526e-01	2.075115e-01	2.068007e-01	2.073955e-01
0	nM127	100	0	800	2	1	0.011	8.925769e-02	1.676874e-01	5.946759e-01	5.940989e-01	5.942800e-01
0	nM137	100	0	800	2	1	0.015	8.244445e-02	1.454943e-01	5.711107e-01	5.705080e-01	5.707063e-01
0	nM139	100	0	800	2	1	0.005	-1.195362e-01	2.507486e-01	6.336940e-01	6.331625e-01	6.333174e-01
0	nM142	100	0	800	2	1	0.007	-1.428982e-01	2.049599e-01	4.858801e-01	4.851973e-01	4.854670e-01
0	nM146	100	0	800	2	1	0.030	1.095300e-02	1.036925e-01	9.159028e-01	9.157716e-01	9.157985e-01
0	nM152	100	0	800	2	1	0.100	-3.660989e-02	5.894823e-02	5.347430e-01	5.341035e-01	5.343304e-01
0	nM155	100	0	800	2	1	0.010	1.197966e-02	1.777780e-01	9.462917e-01	9.462077e-01	9.462247e-01
0	nM163	100	0	800	2	1	0.005	8.683762e-02	2.507655e-01	7.292160e-01	7.288086e-01	7.289098e-01
0	nM169	100	0	800	2	1	0.011	5.166286e-02	1.677072e-01	7.581217e-01	7.577547e-01	7.578422e-01
0	nM172	100	0	800	2	1	0.005	-1.039393e-01	2.507574e-01	6.786184e-01	6.781433e-01	6.782712e-01
0	nM176	100	0	800	2	1	0.007	2.398553e-01	2.048464e-01	2.419871e-01	2.412506e-01	2.418021e-01
0	nM182	100	0	800	2	1	0.018	2.453472e-01	1.346200e-01	6.875077e-02	6.831790e-02	6.897923e-02
0	nM184	100	0	800	2	1	0.036	-1.898882e-01	9.439793e-02	4.460087e-02	4.426798e-02	4.487311e-02
0	nM193	100	0	800	2	1	0.004	-1.146185e+00	2.865406e-01	6.920666e-05	6.741588e-05	7.981195e-05
0	nM200	100	0	800	2	1	0.009	3.133203e-02	1.899302e-01	8.690125e-01	8.688092e-01	8.688521e-01
0	nM202	100	0	800	2	1	0.010	-1.344231e-01	1.777149e-01	4.496342e-01	4.489247e-01	4.492294e-01
0	nM208	100	0	800	2	1	0.026	9.032682e-02	1.105929e-01	4.143146e-01	4.135840e-01	4.139255e-01
0	nM217	100	0	800	2	1	0.043	1.648210e-01	8.749224e-02	5.995063e-02	5.955113e-02	6.019778e-02
0	nM219	100	0	800	2	1	0.022	7.379783e-02	1.192458e-01	5.361777e-01	5.355395e-01	5.357653e-01
0	nM221	100	0	800	2	1	0.006	-2.478732e-01	2.242778e-01	2.694034e-01	2.686542e-01	2.691705e-01
0	nM223	100	0	800	2	1	0.004	-3.270985e-01	2.891674e-01	2.583218e-01	2.575769e-01	2.581075e-01
0	nM227	100	0	800	2	1	0.031	-9.111149e-02	1.016126e-01	3.701731e-01	3.694241e-01	3.698153e-01
0	nM230	100	0	800	2	1	0.020	3.458313e-03	1.263481e-01	9.781704e-01	9.781362e-01	9.781431e-01
0	nM235	100	0	800	2	1	0.014	2.893759e-02	1.518946e-01	8.489571e-01	8.487234e-01	8.487737e-01
0	nM238	100	0	800	2	1	0.018	1.407318e-01	1.348079e-01	2.968276e-01	2.960718e-01	2.965529e-01
0	nM242	100	0	800	2	1	0.014	5.660755e-02	1.518848e-01	7.094703e-01	7.090360e-01	7.091472e-01
0	nM247	100	0	800	2	1	0.004	2.703011e-01	2.892409e-01	3.503190e-01	3.495650e-01	3.499796e-01
0	nM260	100	0	800	2	1	0.041	-2.056587e-02	8.894422e-02	8.172015e-01	8.169203e-01	8.169827e-01
0	nM262	100	0	800	2	1	0.004	2.392362e-01	2.892751e-01	4.084732e-01	4.077396e-01	4.080875e-01
0	nM267	100	0	800	2	1	0.009	1.617527e-01	1.898471e-01	3.944610e-01	3.937209e-01	3.940843e-01
0	nM272	100	0	800	2	1	0.005	-1.266242e-01	2.507443e-01	6.137028e-01	6.131476e-01	6.133156e-01
0	nM277	100	0	800	2	1	0.019	-8.479327e-02	1.303741e-01	5.156313e-01	5.149739e-01	5.152170e-01
0	nM295	100	0	800	2	1	0.024	-7.118892e-02	1.161402e-01	5.400794e-01	5.394451e-01	5.396676e-01
0	nM300	100	0	800	2	1	0.013	2.169740e-01	1.590257e-01	1.728279e-01	1.721562e-01	1.727908e-01
0	nM306	100	0	800	2	1	0.190	3.050088e-02	4.507680e-02	4.988289e-01	4.981568e-01	4.984147e-01
0	nM310	100	0	800	2	1	0.006	-1.907911e-01	2.243477e-01	3.953434e-01	3.946038e-01	3.949662e-01
0	nM312	100	0	800	2	1	0.009	-9.005020e-02	1.899066e-01	6.355003e-01	6.349710e-01	6.351247e-01
0	nM321	100	0	800	2	1	0.074	2.004414e-02	6.767495e-02	7.671677e-01	7.668136e-01	7.668970e-01
0	nM335	100	0	800	2	1	0.033	-1.128414e-01	9.967387e-02	2.579298e-01	2.571851e-01	2.577162e-01
0	nM337	100	0	800	2	1	0.006	-4.043822e-01	2.239924e-01	7.139848e-02	7.095615e-02	7.162092e-02
0	nM344	100	0	800	2	1	0.015	2.572710e-01	1.452383e-01	7.688044e-02	7.641932e-02	7.708994e-02
0	nM347	100	0	800	2	1	0.033	-9.869816e-02	9.969267e-02	3.224624e-01	3.217052e-01	3.221540e-01
0	nM350	100	0	800	2	1	0.026	-1.476818e-02	1.106378e-01	8.938457e-01	8.936805e-01	8.937148e-01
0	nM356	100	0	800	2	1	0.075	-3.865451e-03	6.715751e-02	9.541151e-01	9.540433e-01	9.540578e-01
0	nM358	100	0	800	2	1	0.007	-3.907197e-01	2.045552e-01	5.647930e-02	5.609386e-02	5.673312e-02
0	nM366	100	0	800	2	1	0.010	1.554149e-01	1.776934e-01	3.820418e-01	3.812968e-01	3.816742e-01
0	nM368	100	0	800	2	1	0.417	5.661980e-02	3.581308e-02	1.142786e-01	1.137127e-01	1.143915e-01
0	nM371	100	0	800	2	1	0.015	-1.870599e-01	1.453728e-01	1.985511e-01	1.978491e-01	1.984546e-01
0	nM378	100	0	800	2	1	0.146	5.648575e-03	5.005877e-02	9.101867e-01	9.100466e-01	9.100754e-01
0	nM381	100	0	800	2	1	0.035	3.526310e-02	9.624158e-02	7.141624e-01	7.137344e-01	7.138432e-01
0	nM389	100	0	800	2	1	0.005	1.474985e-01	2.507300e-01	5.565132e-01	5.558953e-01	5.561047e-01
0	nM395	100	0	800	2	1	0.011	3.265002e-02	1.677132e-01	8.456948e-01	8.454562e-01	8.455076e-01
0	nM398	100	0	800	2	1	0.065	-1.746671e-01	7.148517e-02	1.476519e-02	1.460998e-02	1.501229e-02
0	nM412	100	0	800	2	1	0.006	-3.564953e-03	2.244493e-01	9.873316e-01	9.873118e-01	9.873158e-01
0	nM422	100	0	800	2	1	0.004	-1.882069e-01	2.893224e-01	5.155505e-01	5.148931e-01	5.151362e-01
0	nM424	100	0	800	2	1	0.031	1.429452e-01	1.015377e-01	1.595786e-01	1.589260e-01	1.595738e-01
0	nM430	100	0	800	2	1	0.022	1.714460e-01	1.191199e-01	1.504655e-01	1.498275e-01	1.504837e-01
0	nM437	100	0	800	2	1	0.005	5.971676e-02	2.507754e-01	8.118426e-01	8.115535e-01	8.116180e-01
0	nM442	100	0	800	2	1	0.014	-1.590402e-02	1.518970e-01	9.166381e-01	9.165080e-01	9.165346e-01
0	nM447	100	0	800	2	1	0.006	-4.915421e-01	2.237739e-01	2.833580e-02	2.808914e-02	2.861457e-02
0	nM453	100	0	800	2	1	0.005	-2.017834e-01	2.506826e-01	4.210964e-01	4.203695e-01	4.207037e-01
0	nM460	100	0	800	2	1	0.031	7.626884e-02	1.016279e-01	4.531920e-01	4.524849e-01	4.527860e-01
0	nM468	100	0	800	2	1	0.035	5.160000e-02	9.623234e-02	5.919682e-01	5.913882e-01	5.915712e-01
0	nM471	100	0	800	2	1	0.018	-6.410436e-02	1.348808e-01	6.347269e-01	6.341968e-01	6.343510e-01
0	nM475	100	0	800	2	1	0.015	2.133531e-01	1.453274e-01	1.424750e-01	1.418510e-01	1.425137e-01
0	nM493	100	0	800	2	1	0.101	7.591613e-02	5.857650e-02	1.953444e-01	1.946457e-01	1.952550e-01
0	nM495	100	0	800	2	1	0.048	1.720353e-01	8.293732e-02	3.837338e-02	3.807126e-02	3.865149e-02
0	nM499	100	0	800	2	1	0.004	-4.780700e-01	2.889038e-01	9.836396e-02	9.783817e-02	9.851894e-02
0	nM510	100	0	800	2	1	0.005	1.008055e-01	2.507590e-01	6.877906e-01	6.873275e-01	6.874503e-01
0	nM513	100	0	800	2	1	0.011	1.450059e-01	1.676386e-01	3.873037e-01	3.865607e-01	3.869321e-01
0	nM516	100	0	800	2	1	0.004	-1.023872e-01	2.893764e-01	7.235672e-01	7.231520e-01	7.232560e-01
0	nM524	100	0	800	2	1	0.004	2.981028e-01	2.892066e-01	3.029654e-01	3.022088e-01	3.026821e-01
0	nM530	100	0	800	2	1	0.040	-2.839205e-01	8.970620e-02	1.609654e-03	1.582624e-03	1.697793e-03
0	nM537	100	0	800	2	1	0.140	-3.945839e-03	5.097792e-02	9.383224e-01	9.382260e-01	9.382456e-01
0	nM540	100	0	800	2	1	0.005	-3.240083e-02	2.507817e-01	8.972325e-01	8.970724e-01	8.971056e-01
0	nM542	100	0	800	2	1	0.244	-4.802724e-02	4.116441e-02	2.436729e-01	2.429354e-01	2.434848e-01
0	nM556	100	0	800	2	1	0.010	3.151936e-01	1.774281e-01	7.603835e-02	7.558005e-02	7.624988e-02
0	nM559	100	0	800	2	1	0.035	2.092813e-01	9.596413e-02	2.948745e-02	2.923400e-02	2.976687e-02
0	nM564	100	0	800	2	1	0.005	-1.729091e-01	2.507096e-01	4.905968e-01	4.899178e-01	4.901832e-01
0	nM584	100	0	800	2	1	0.048	-6.224253e-02	8.313142e-02	4.542439e-01	4.535375e-01	4.538376e-01
0	nM594	100	0	800	2	1	0.030	-3.580073e-02	1.036855e-01	7.299734e-01	7.295671e-01	7.296679e-01
0	nM602	100	0	800	2	1	0.101	-4.025034e-02	5.862080e-02	4.925203e-01	4.918430e-01	4.921066e-01
0	nM609	100	0	800	2	1	0.005	1.956958e-01	2.506886e-01	4.352500e-01	4.345312e-01	4.348506e-01
0	nM611	100	0	800	2	1	0.010	2.261108e-01	1.775983e-01	2.033324e-01	2.026255e-01	2.032254e-01
0	nM615	100	0	800	2	1	0.011	2.777237e-01	1.674287e-01	9.755766e-02	9.703407e-02	9.771476e-02
0	nM620	100	0	800	2	1	0.061	-1.182776e-01	7.364924e-02	1.086788e-01	1.081263e-01	1.088065e-01
0	nM622	100	0	800	2	1	0.005	3.302708e-01	2.505117e-01	1.877531e-01	1.870628e-01	1.876809e-01
0	nM624	100	0	800	2	1	0.058	-8.937595e-02	7.591814e-02	2.394398e-01	2.387048e-01	2.392596e-01
0	nM629	100	0	800	2	1	0.014	-3.450838e-02	1.518931e-01	8.203353e-01	8.200587e-01	8.201199e-01
0	nM631	100	0	800	2	1	0.006	-3.869190e-02	2.244452e-01	8.631754e-01	8.629632e-01	8.630082e-01
0	nM642	100	0	800	2	1	0.009	-6.598477e-01	1.884916e-01	4.898356e-04	4.799347e-04	5.316356e-04
0	nM645	100	0	800	2	1	0.015	-2.496712e-01	1.452549e-01	8.602975e-02	8.553945e-02	8.621660e-02
0	nM655	100	0	800	2	1	0.004	-2.421689e-01	2.892721e-01	4.027497e-01	4.020134e-01	4.023675e-01
0	nM665	100	0	800	2	1	0.016	2.726632e-03	1.399033e-01	9.844556e-01	9.844312e-01	9.844361e-01
0	nM671	100	0	800	2	1	0.020	-2.404072e-01	1.260612e-01	5.687068e-02	5.648363e-02	5.712377e-02
0	nM700	100	0	800	2	1	0.022	3.450178e-01	1.186475e-01	3.739286e-03	3.685494e-03	3.879597e-03
0	nM712	100	0	800	2	1	0.122	7.608368e-02	5.388446e-02	1.583462e-01	1.576955e-01	1.583446e-01
0	nM716	100	0	800	2	1	0.005	-1.587168e-01	2.507214e-01	5.268886e-01	5.262416e-01	5.264751e-01
0	nM724	100	0	800	2	1	0.011	2.393121e-02	1.677150e-01	8.865712e-01	8.863948e-01	8.864316e-01
0	nM728	100	0	800	2	1	0.006	1.407176e-01	2.243941e-01	5.307730e-01	5.301296e-01	5.303599e-01
0	nM730	100	0	800	2	1	0.011	-1.143047e-01	1.676683e-01	4.956070e-01	4.949322e-01	4.951930e-01
0	nM734	100	0	800	2	1	0.036	1.160803e-01	9.454770e-02	2.199056e-01	2.191842e-01	2.197637e-01
0	nM736	100	0	800	2	1	0.009	-5.902605e-02	1.899219e-01	7.560405e-01	7.556707e-01	7.557591e-01
0	nM739	100	0	800	2	1	0.009	6.048342e-02	1.899213e-01	7.502151e-01	7.498370e-01	7.499281e-01
0	nM743	100	0	800	2	1	0.005	2.686060e-01	2.506040e-01	2.841186e-01	2.833651e-01	2.838624e-01
0	nM746	100	0	800	2	1	0.006	-3.256314e-01	2.241532e-01	1.466951e-01	1.460635e-01	1.467229e-01
0	nM759	100	0	800	2	1	0.018	3.134228e-02	1.348953e-01	8.163295e-01	8.160471e-01	8.161098e-01
0	nM767	100	0	800	2	1	0.076	-5.169508e-02	6.662482e-02	4.380301e-01	4.373130e-01	4.376296e-01
0	nM777	100	0	800	2	1	0.022	4.122445e-02	1.192655e-01	7.296948e-01	7.292881e-01	7.293890e-01
0	nM782	100	0	800	2	1	0.006	1.758116e-03	2.244494e-01	9.937522e-01	9.937424e-01	9.937444e-01
0	nM791	100	0	800	2	1	0.011	-2.075634e-01	1.675561e-01	2.157951e-01	2.150771e-01	2.156617e-01
0	nM795	100	0	800	2	1	0.004	-2.886032e-01	2.892187e-01	3.186440e-01	3.178868e-01	3.183403e-01
0	nM800	100	0	800	2	1	0.007	-2.367155e-01	2.048510e-01	2.482112e-01	2.474712e-01	2.480148e-01
0	nM803	100	0	800	2	1	0.004	1.338562e-02	2.893987e-01	9.631200e-01	9.630623e-01	9.630739e-01
0	nM806	100	0	800	2	1	0.040	1.373764e-02	9.026618e-02	8.790753e-01	8.788874e-01	8.789268e-01
0	nM809	100	0	800	2	1	0.011	2.179619e-01	1.675396e-01	1.936483e-01	1.929515e-01	1.935628e-01
0	nM814	100	0	800	2	1	0.006	-1.966945e-01	2.243413e-01	3.808784e-01	3.801330e-01	3.805118e-01
0	nM824	100	0	800	2	1	0.025	-6.115323e-02	1.132779e-01	5.894503e-01	5.888675e-01	5.890523e-01
0	nM827	100	0	800	2	1	0.026	-5.862682e-03	1.106389e-01	9.577537e-01	9.576876e-01	9.577009e-01
0	nM829	100	0	800	2	1	0.086	-6.126974e-02	6.297182e-02	3.308627e-01	3.301060e-01	3.305443e-01
0	nM836	100	0	800	2	1	0.098	1.671401e-02	5.962792e-02	7.793161e-01	7.789795e-01	7.790575e-01
0	nM841	100	0	800	2	1	0.011	3.306087e-01	1.673083e-01	4.849377e-02	4.814284e-02	4.876085e-02
0	nM852	100	0	800	2	1	0.007	-2.670986e-01	2.048041e-01	1.925530e-01	1.918573e-01	1.924699e-01
0	nM856	100	0	800	2	1	0.006	2.885354e-01	2.242168e-01	1.985167e-01	1.978147e-01	1.984203e-01
0	nM858	100	0	800	2	1	0.016	8.003719e-03	1.399030e-01	9.543930e-01	9.543216e-01	9.543360e-01
0	nM867	100	0	800	2	1	0.006	5.323324e-02	2.244415e-01	8.125773e-01	8.122893e-01	8.123534e-01
0	nM870	100	0	800	2	1	0.020	1.212352e-01	1.262753e-01	3.373024e-01	3.365464e-01	3.369768e-01
0	nM872	100	0	800	2	1	0.096	1.129053e-01	5.984198e-02	5.956035e-02	5.916241e-02	5.980828e-02
0	nM900	100	0	800	2	1	0.049	1.808095e-01	8.189169e-02	2.753425e-02	2.729239e-02	2.781244e-02
0	nM907	100	0	800	2	1	0.006	-6.182588e-02	2.244387e-01	7.830273e-01	7.826960e-01	7.827725e-01
0	nM917	100	0	800	2	1	0.035	9.954406e-02	9.618515e-02	3.010192e-01	3.002628e-01	3.007386e-01
0	nM923	100	0	800	2	1	0.098	6.913124e-02	5.958062e-02	2.462748e-01	2.455358e-01	2.460819e-01
0	nM939	100	0	800	2	1	0.005	1.259624e-01	2.507447e-01	6.155576e-01	6.150046e-01	6.151713e-01
0	nM944	100	0	800	2	1	0.072	-1.224475e-01	6.807575e-02	7.244466e-02	7.199867e-02	7.266468e-02
0	nM949	100	0	800	2	1	0.011	5.999364e-02	1.677037e-01	7.206355e-01	7.202164e-01	7.203219e-01
0	nM961	100	0	800	2	1	0.009	6.298209e-02	1.899203e-01	7.402604e-01	7.398684e-01	7.399642e-01
0	nM969	100	0	800	2	1	0.034	-1.219114e-01	9.785734e-02	2.132009e-01	2.124850e-01	2.130729e-01
0	nM971	100	0	800	2	1	0.007	-1.248599e-01	2.049746e-01	5.425998e-01	5.419679e-01	5.421885e-01
0	nM974	100	0	800	2	1	0.124	3.224982e-02	5.370469e-02	5.483417e-01	5.477155e-01	5.479314e-01
0	nM983	100	0	800	2	1	0.043	1.552389e-01	8.751420e-02	7.646578e-02	7.600605e-02	7.667628e-02
0	nM993	100	0	800	2	1	0.004	-2.006398e-01	2.893119e-01	4.881933e-01	4.875124e-01	4.877800e-01
0	nM1004	100	0	800	2	1	0.013	-3.913241e-01	1.586073e-01	1.382440e-02	1.367652e-02	1.406680e-02
0	nM1009	100	0	800	2	1	0.005	-1.294027e-02	2.507839e-01	9.588609e-01	9.587965e-01	9.588095e-01
0	nM1019	100	0	800	2	1	0.048	3.122553e-02	8.315326e-02	7.073752e-01	7.069381e-01	7.070504e-01
0	nM1029	100	0	800	2	1	0.004	1.782641e-01	2.893303e-01	5.379867e-01	5.373502e-01	5.375745e-01
0	nM1031	100	0	800	2	1	0.013	2.329744e-01	1.589974e-01	1.432406e-01	1.426152e-01	1.432773e-01
0	nM1034	100	0	800	2	1	0.048	4.712584e-02	8.314388e-02	5.710103e-01	5.704075e-01	5.706059e-01
0	nM1040	100	0	800	2	1	0.009	-4.598096e-01	1.892346e-01	1.532515e-02	1.516563e-02	1.557481e-02
0	nM1042	100	0	800	2	1	0.022	-8.119794e-02	1.192398e-01	4.960921e-01	4.954177e-01	4.956781e-01
0	nM1047	100	0	800	2	1	0.044	5.449275e-02	8.645978e-02	5.287003e-01	5.280550e-01	5.282870e-01
0	nM1053	100	0	800	2	1	0.010	4.149298e-02	1.777725e-01	8.155068e-01	8.152231e-01	8.152861e-01
0	nM1058	100	0	800	2	1	0.006	2.104214e-02	2.244481e-01	9.253308e-01	9.252142e-01	9.252380e-01
0	nM1060	100	0	800	2	1	0.007	-1.658395e-01	2.049382e-01	4.186314e-01	4.179031e-01	4.182400e-01
0	nM1064	100	0	800	2	1	0.007	-1.271012e-01	2.049729e-01	5.353769e-01	5.347379e-01	5.349643e-01
0	nM1066	100	0	800	2	1	0.018	2.251550e-01	1.346642e-01	9.492163e-02	9.440534e-02	9.508562e-02
0	nM1079	100	0	800	2	1	0.128	-1.069291e-01	5.289933e-02	4.357494e-02	4.324695e-02	4.384836e-02
0	nM1081	100	0	800	2	1	0.014	2.457513e-01	1.516487e-01	1.055135e-01	1.049690e-01	1.056496e-01
0	nM1084	100	0	800	2	1	0.004	5.009766e-01	2.888552e-01	8.324181e-02	8.276013e-02	8.343568e-02
0	nM1086	100	0	800	2	1	0.021	2.368953e-01	1.223670e-01	5.322771e-02	5.285594e-02	5.348731e-02
0	nM1089	100	0	800	2	1	0.050	-6.565484e-02	8.112823e-02	4.185997e-01	4.178714e-01	4.182083e-01
0	nM1095	100	0	800	2	1	0.010	3.054742e-01	1.774494e-01	8.555265e-02	8.506381e-02	8.574071e-02
0	nM1099	100	0	800	2	1	0.005	1.498251e-01	2.507283e-01	5.503034e-01	5.496792e-01	5.498935e-01
0	nM1101	100	0	800	2	1	0.006	-1.238532e-01	2.244065e-01	5.811617e-01	5.805698e-01	5.807606e-01
0	nM1106	100	0	800	2	1	0.004	4.176337e-02	2.893953e-01	8.852901e-01	8.851117e-01	8.851489e-01
0	nM1116	100	0	800	2	1	0.011	-2.819110e-01	1.674200e-01	9.260072e-02	9.209100e-02	9.277073e-02
0	nM1131	100	0	800	2	1	0.013	2.085621e-02	1.592094e-01	8.958094e-01	8.956472e-01	8.956808e-01
0	nM1139	100	0	800	2	1	0.004	-1.350421e-02	2.893987e-01	9.627935e-01	9.627353e-01	9.627470e-01
0	nM1141	100	0	800	2	1	0.009	-2.629741e-01	1.897051e-01	1.660653e-01	1.654031e-01	1.660446e-01
0	nM1150	100	0	800	2	1	0.010	-2.004070e-01	1.776369e-01	2.595818e-01	2.588364e-01	2.593653e-01
0	nM1154	100	0	800	2	1	0.028	-6.966490e-02	1.081366e-01	5.196113e-01	5.189575e-01	5.191972e-01
0	nM1160	100	0	800	2	1	0.007	-5.452774e-01	2.041116e-01	7.705968e-03	7.610896e-03	7.902388e-03
0	nM1162	100	0	800	2	1	0.005	3.154630e-01	2.505356e-01	2.083427e-01	2.076312e-01	2.082250e-01
0	nM1168	100	0	800	2	1	0.009	-9.199063e-02	1.899055e-01	6.282334e-01	6.276954e-01	6.278537e-01
0	nM1174	100	0	800	2	1	0.028	-1.226141e-01	1.080776e-01	2.569254e-01	2.561812e-01	2.567135e-01
0	nM1178	100	0	800	2	1	0.019	-8.656174e-02	1.303727e-01	5.069102e-01	5.062450e-01	5.064957e-01
0	nM1182	100	0	800	2	1	0.013	-1.898266e-02	1.592097e-01	9.051227e-01	9.049749e-01	9.050053e-01
0	nM1191	100	0	800	2	1	0.020	7.684145e-02	1.263189e-01	5.431528e-01	5.425214e-01	5.427415e-01
0	nM1200	100	0	800	2	1	0.007	-5.954878e-01	2.039357e-01	3.599144e-03	3.546977e-03	3.736734e-03
0	nM1203	100	0	800	2	1	0.069	2.224271e-02	6.990366e-02	7.504234e-01	7.500456e-01	7.501366e-01
0	nM1208	100	0	800	2	1	0.004	2.083422e-01	2.893051e-01	4.716453e-01	4.709515e-01	4.712346e-01
0	nM1210	100	0	800	2	1	0.119	-8.243476e-02	5.460234e-02	1.315083e-01	1.309051e-01	1.315755e-01
0	nM1217	100	0	800	2	1	0.009	1.423726e-01	1.898665e-01	4.535622e-01	4.528553e-01	4.531562e-01
0	nM1225	100	0	800	2	1	0.011	-1.178560e-02	1.677166e-01	9.439956e-01	9.439081e-01	9.439258e-01
0	nM1228	100	0	800	2	1	0.007	3.924178e-01	2.045511e-01	5.541254e-02	5.503154e-02	5.566831e-02
0	nM1244	100	0	800	2	1	0.013	1.565797e-01	1.591146e-01	3.253799e-01	3.246228e-01	3.250680e-01
0	nM1248	100	0	800	2	1	0.007	-1.210410e-01	2.049775e-01	5.550167e-01	5.543972e-01	5.546079e-01
0	nM1255	100	0	800	2	1	0.018	-5.246750e-02	1.348871e-01	6.973996e-01	6.969492e-01	6.970667e-01
0	nM1265	100	0	800	2	1	0.013	-1.540324e-01	1.591177e-01	3.333174e-01	3.325609e-01	3.329962e-01
0	nM1273	100	0	800	2	1	0.045	-2.159545e-01	8.498436e-02	1.123840e-02	1.111167e-02	1.146515e-02
0	nM1277	100	0	800	2	1	0.014	1.640166e-02	1.518969e-01	9.140396e-01	9.139055e-01	9.139329e-01
0	nM1281	100	0	800	2	1	0.005	-1.371812e-01	2.507373e-01	5.844552e-01	5.838669e-01	5.840553e-01
0	nM1285	100	0	800	2	1	0.065	2.284384e-03	7.175203e-02	9.746098e-01	9.745701e-01	9.745781e-01
0	nM1288	100	0	800	2	1	0.065	6.667847e-02	7.171324e-02	3.527595e-01	3.520060e-01	3.524177e-01
0	nM1292	100	0	800	2	1	0.015	-7.412552e-03	1.455233e-01	9.593883e-01	9.593247e-01	9.593375e-01
0	nM1294	100	0	800	2	1	0.015	1.567099e-01	1.454178e-01	2.815142e-01	2.807614e-01	2.812621e-01
0	nM1297	100	0	800	2	1	0.005	-9.774756e-02	2.507605e-01	6.967851e-01	6.963339e-01	6.964518e-01
0	nM1310	100	0	800	2	1	0.048	-2.392479e-02	8.315630e-02	7.736444e-01	7.732996e-01	7.733801e-01
0	nM1313	100	0	800	2	1	0.014	-5.720639e-02	1.518845e-01	7.065383e-01	7.061001e-01	7.062128e-01
0	nM1323	100	0	800	2	1	0.014	-1.172881e-01	1.518413e-01	4.400834e-01	4.393677e-01	4.396821e-01
0	nM1325	100	0	800	2	1	0.005	-5.479065e-02	2.507768e-01	8.271081e-01	8.268417e-01	8.269001e-01
0	nM1327	100	0	800	2	1	0.005	-4.139630e-02	2.507801e-01	8.689306e-01	8.687272e-01	8.687701e-01
0	nM1330	100	0	800	2	1	0.013	-6.430326e-02	1.591948e-01	6.863739e-01	6.859089e-01	6.860324e-01
