chr	rs	ps	n_mis	n_obs	allele1	allele0	af	beta	se	p_wald	p_lrt	p_score
0	cM5	0	0	800	2	1	0.306	-9.851447e-02	3.821701e-02	1.012246e-02	1.000535e-02	1.034095e-02
0	cM9	0	0	800	2	1	0.006	-2.204478e-01	2.243136e-01	3.260206e-01	3.252635e-01	3.257079e-01
0	cM10	0	0	800	2	1	0.236	-1.555441e-01	4.127673e-02	1.764499e-04	1.723627e-04	1.972477e-04
0	cM13	0	0	800	2	1	0.024	1.761103e-01	1.160001e-01	1.293623e-01	1.287633e-01	1.294352e-01
0	cM15	0	0	800	2	1	0.041	-6.117247e-02	8.892083e-02	4.916886e-01	4.910105e-01	4.912749e-01
0	cM18	0	0	800	1	2	0.412	5.079988e-01	3.110819e-02	6.165990e-52	4.301084e-52	9.501807e-41
0	cM25	0	0	800	2	1	0.004	-6.083658e-01	2.885966e-01	3.534101e-02	3.505481e-02	3.562066e-02
0	cM29	0	0	800	2	1	0.092	3.597587e-02	6.103912e-02	5.557663e-01	5.551476e-01	5.553576e-01
0	cM31	0	0	800	2	1	0.009	5.676785e-01	1.888673e-01	2.732712e-03	2.690959e-03	2.851647e-03
0	cM37	0	0	800	2	1	0.020	-1.594633e-01	1.262220e-01	2.068303e-01	2.061202e-01	2.067158e-01
0	cM38	0	0	800	2	1	0.004	-1.361954e-01	2.893589e-01	6.379981e-01	6.374719e-01	6.376240e-01
0	cM40	0	0	800	2	1	0.438	2.439904e-01	3.459526e-02	3.805927e-12	3.523847e-12	1.463452e-11
0	cM43	0	0	800	2	1	0.336	-4.401751e-02	3.740995e-02	2.396958e-01	2.389606e-01	2.395151e-01
0	cM45	0	0	800	2	1	0.006	6.145182e-01	2.233927e-01	6.078879e-03	5.999809e-03	6.256167e-03
0	cM48	0	0	800	2	1	0.004	-2.479399e-01	2.892659e-01	3.916277e-01	3.908865e-01	3.912530e-01
0	cM51	0	0	800	2	1	0.024	-4.535247e-01	1.150527e-01	8.793777e-05	8.572341e-05	1.005707e-04
0	cM52	0	0	800	2	1	0.004	-5.379143e-01	2.887719e-01	6.286257e-02	6.245168e-02	6.310380e-02
0	cM56	0	0	800	2	1	0.210	1.627895e-01	4.304436e-02	1.672575e-04	1.633574e-04	1.872854e-04
0	cM60	0	0	800	2	1	0.004	7.625365e-02	2.893865e-01	7.922324e-01	7.919145e-01	7.919871e-01
0	cM63	0	0	800	2	1	0.013	1.391237e-01	1.591349e-01	3.822452e-01	3.815004e-01	3.818775e-01
0	cM67	0	0	800	2	1	0.005	-1.430054e-01	2.507332e-01	5.686018e-01	5.679964e-01	5.681966e-01
0	cM74	0	0	800	2	1	0.096	6.538057e-02	5.993062e-02	2.756296e-01	2.748784e-01	2.753867e-01
0	cM75	0	0	800	1	2	0.089	4.857768e-01	5.977617e-02	1.677511e-15	1.516708e-15	1.675449e-14
0	cM77	0	0	800	2	1	0.362	-3.688506e-01	3.440160e-02	3.768121e-25	3.181022e-25	2.098287e-22
0	nM1	0	0	800	2	1	0.129	-5.479826e-03	5.281399e-02	9.173882e-01	9.172593e-01	9.172857e-01
0	nM2	0	0	800	2	1	0.422	-2.127256e-02	3.580235e-02	5.525691e-01	5.519472e-01	5.521597e-01
0	nM4	0	0	800	2	1	0.024	1.800000e-01	1.159926e-01	1.211011e-01	1.205197e-01	1.211958e-01
0	nM9	0	0	800	2	1	0.009	-2.412427e-01	1.897413e-01	2.039463e-01	2.032389e-01	2.038380e-01
0	nM11	0	0	800	2	1	0.004	-4.173549e-01	2.890217e-01	1.491241e-01	1.484884e-01	1.491457e-01
0	nM13	0	0	800	2	1	0.004	2.766360e-02	2.893974e-01	9.238699e-01	9.237511e-01	9.237753e-01
0	nM18	0	0	800	2	1	0.004	-3.734198e-01	2.890970e-01	1.968432e-01	1.961429e-01	1.967505e-01
0	nM21	0	0	800	2	1	0.007	5.718781e-01	2.040203e-01	5.185056e-03	5.115278e-03	5.349820e-03
0	nM22	0	0	800	2	1	0.005	-3.716154e-01	2.504391e-01	1.382421e-01	1.376258e-01	1.382917e-01
0	nM24	0	0	800	2	1	0.025	-6.830690e-02	1.132728e-01	5.466601e-01	5.460322e-01	5.462495e-01
0	nM29	0	0	800	2	1	0.412	6.119026e-03	3.593132e-02	8.648191e-01	8.646094e-01	8.646538e-01
0	nM30	0	0	800	2	1	0.061	-5.234538e-02	7.374488e-02	4.780249e-01	4.773359e-01	4.776130e-01
0	nM31	0	0	800	2	1	0.110	-8.301844e-02	5.645703e-02	1.418283e-01	1.412054e-01	1.418687e-01
0	nM34	0	0	800	2	1	0.006	2.597501e-01	2.242609e-01	2.471088e-01	2.463694e-01	2.469144e-01
0	nM36	0	0	800	2	1	0.058	4.675362e-02	7.596600e-02	5.384301e-01	5.377941e-01	5.380180e-01
0	nM42	0	0	800	2	1	0.015	1.756977e-01	1.453905e-01	2.272309e-01	2.265039e-01	2.270742e-01
0	nM47	0	0	800	2	1	0.004	3.365538e-01	2.891537e-01	2.448016e-01	2.440634e-01	2.446114e-01
0	nM48	0	0	800	2	1	0.020	5.055899e-02	1.263355e-01	6.891190e-01	6.886576e-01	6.887797e-01
0	nM52	0	0	800	2	1	0.314	-2.709250e-02	3.810890e-02	4.773395e-01	4.766500e-01	4.769277e-01
0	nM55	0	0	800	2	1	0.013	-3.430554e-03	1.592111e-01	9.828145e-01	9.827876e-01	9.827930e-01
0	nM58	0	0	800	2	1	0.019	-3.198886e-02	1.304038e-01	8.062823e-01	8.059850e-01	8.060517e-01
0	nM60	0	0	800	2	1	0.050	6.599143e-02	8.112788e-02	4.162172e-01	4.154876e-01	4.158271e-01
0	nM61	0	0	800	2	1	0.005	-1.910586e-01	2.506931e-01	4.462126e-01	4.455008e-01	4.458090e-01
0	nM66	0	0	800	2	1	0.263	-6.315762e-02	4.014012e-02	1.160159e-01	1.154459e-01	1.161241e-01
0	nM68	0	0	800	2	1	0.006	-3.278749e-01	2.241490e-01	1.439285e-01	1.433018e-01	1.439634e-01
0	nM72	0	0	800	2	1	0.031	-9.333583e-02	1.016100e-01	3.585986e-01	3.578464e-01	3.582512e-01
0	nM74	0	0	800	2	1	0.006	1.128988e-01	2.244138e-01	6.150444e-01	6.144908e-01	6.146579e-01
0	nM77	0	0	800	2	1	0.007	-3.762805e-01	2.045891e-01	6.625699e-02	6.583326e-02	6.649098e-02
0	nM82	0	0	800	2	1	0.039	-3.072734e-03	9.165214e-02	9.732635e-01	9.732216e-01	9.732300e-01
0	nM89	0	0	800	2	1	0.005	-3.890534e-01	2.504059e-01	1.206546e-01	1.200742e-01	1.207505e-01
0	nM92	0	0	800	2	1	0.018	1.931284e-01	1.347265e-01	1.521111e-01	1.514704e-01	1.521251e-01
0	nM100	0	0	800	2	1	0.004	-2.430395e-01	2.892712e-01	4.010597e-01	4.003226e-01	4.006786e-01
0	nM102	0	0	800	2	1	0.009	1.271534e-01	1.898800e-01	5.032738e-01	5.026056e-01	5.028595e-01
0	nM105	0	0	800	2	1	0.018	8.001970e-02	1.348702e-01	5.531424e-01	5.525210e-01	5.527331e-01
0	nM111	0	0	800	2	1	0.004	2.950090e-01	2.892106e-01	3.080143e-01	3.072574e-01	3.077243e-01
0	nM115	0	0	800	2	1	0.007	1.725559e-01	2.049313e-01	4.000298e-01	3.992922e-01	3.996493e-01
0	nM120	0	0	800	2	1	0.011	2.087379e-02	1.677155e-01	9.009828e-01	9.008285e-01	9.008604e-01
0	nM123	0	0	800	2	1	0.005	2.191027e-01	2.506644e-01	3.823334e-01	3.815885e-01	3.819656e-01
0	nM129	0	0	800	2	1	0.020	1.116081e-01	1.262864e-01	3.770864e-01	3.763397e-01	3.767228e-01
0	nM133	0	0	800	2	1	0.006	7.099573e-02	2.244353e-01	7.518344e-01	7.514585e-01	7.515489e-01
0	nM136	0	0	800	2	1	0.035	1.437367e-02	9.624833e-02	8.813236e-01	8.811391e-01	8.811777e-01
0	nM141	0	0	800	2	1	0.005	2.439617e-01	2.506356e-01	3.306633e-01	3.299065e-01	3.303451e-01
0	nM142	0	0	800	2	1	0.007	1.124662e-01	2.049836e-01	5.833927e-01	5.828032e-01	5.829924e-01
0	nM144	0	0	800	2	1	0.039	2.184729e-02	9.164894e-02	8.116474e-01	8.113580e-01	8.114226e-01
0	nM145	0	0	800	2	1	0.004	-2.328063e-01	2.892817e-01	4.211899e-01	4.204630e-01	4.207972e-01
0	nM148	0	0	800	2	1	0.015	1.178248e-01	1.454637e-01	4.181847e-01	4.174562e-01	4.177936e-01
0	nM150	0	0	800	2	1	0.006	6.743560e-02	2.244367e-01	7.638999e-01	7.635412e-01	7.636260e-01
0	nM156	0	0	800	2	1	0.024	-9.401993e-02	1.161198e-01	4.183652e-01	4.176368e-01	4.179739e-01
0	nM157	0	0	800	2	1	0.005	-1.091400e-01	2.507546e-01	6.635012e-01	6.630067e-01	6.631433e-01
0	nM161	0	0	800	2	1	0.005	8.662867e-02	2.507656e-01	7.298420e-01	7.294355e-01	7.295364e-01
0	nM162	0	0	800	2	1	0.005	-3.189557e-02	2.507818e-01	8.988264e-01	8.986688e-01	8.987014e-01
0	nM170	0	0	800	2	1	0.004	5.184003e-01	2.888166e-01	7.304611e-02	7.259803e-02	7.326473e-02
0	nM173	0	0	800	2	1	0.052	-5.294425e-03	7.930973e-02	9.467924e-01	9.467092e-01	9.467260e-01
0	nM174	0	0	800	2	1	0.004	6.347163e-03	2.893990e-01	9.825075e-01	9.824801e-01	9.824856e-01
0	nM177	0	0	800	2	1	0.018	-3.372196e-01	1.343707e-01	1.228303e-02	1.214759e-02	1.251664e-02
0	nM179	0	0	800	2	1	0.051	-1.723054e-03	8.021840e-02	9.828685e-01	9.828417e-01	9.828470e-01
0	nM182	0	0	800	2	1	0.007	-1.005644e-01	2.049914e-01	6.238594e-01	6.233162e-01	6.234774e-01
0	nM183	0	0	800	2	1	0.013	-1.109073e-01	1.591627e-01	4.861203e-01	4.854377e-01	4.857072e-01
0	nM185	0	0	800	2	1	0.011	-2.290373e-01	1.675210e-01	1.719430e-01	1.712725e-01	1.719080e-01
0	nM195	0	0	800	2	1	0.011	-1.548734e-01	1.676275e-01	3.558103e-01	3.550575e-01	3.554656e-01
0	nM199	0	0	800	2	1	0.005	8.698066e-02	2.507654e-01	7.287875e-01	7.283795e-01	7.284809e-01
0	nM202	0	0	800	2	1	0.005	-2.469233e-01	2.506319e-01	3.248230e-01	3.240659e-01	3.245117e-01
0	nM206	0	0	800	2	1	0.031	8.358502e-02	1.016207e-01	4.110268e-01	4.102945e-01	4.106396e-01
0	nM210	0	0	800	2	1	0.035	6.943795e-02	9.621828e-02	4.707081e-01	4.700135e-01	4.702976e-01
0	nM211	0	0	800	2	1	0.009	-1.591622e-01	1.898498e-01	4.020804e-01	4.013437e-01	4.016986e-01
0	nM217	0	0	800	2	1	0.005	-2.281909e-01	2.506542e-01	3.628963e-01	3.621452e-01	3.625449e-01
0	nM223	0	0	800	2	1	0.010	7.247433e-02	1.777600e-01	6.835968e-01	6.831282e-01	6.832533e-01
0	nM224	0	0	800	2	1	0.160	2.077625e-02	4.824439e-02	6.668421e-01	6.663519e-01	6.664865e-01
0	nM227	0	0	800	2	1	0.154	-9.098598e-02	4.893293e-02	6.333809e-02	6.292538e-02	6.357832e-02
0	nM238	0	0	800	2	1	0.106	1.064991e-02	5.740042e-02	8.528549e-01	8.526271e-01	8.526759e-01
0	nM239	0	0	800	2	1	0.233	-5.322599e-02	4.183176e-02	2.036080e-01	2.029009e-01	2.035004e-01
0	nM241	0	0	800	2	1	0.044	-3.233489e-02	8.647372e-02	7.085577e-01	7.081221e-01	7.082338e-01
0	nM244	0	0	800	2	1	0.006	-3.568790e-01	2.240935e-01	1.116584e-01	1.110986e-01	1.117782e-01
0	nM247	0	0	800	2	1	0.028	2.172610e-01	1.078910e-01	4.437537e-02	4.404356e-02	4.464788e-02
0	nM251	0	0	800	2	1	0.020	1.125473e-01	1.262853e-01	3.730829e-01	3.723348e-01	3.727226e-01
0	nM253	0	0	800	2	1	0.005	8.604802e-02	2.507658e-01	7.315828e-01	7.311787e-01	7.312787e-01
0	nM255	0	0	800	2	1	0.049	-9.606106e-04	8.214143e-02	9.906722e-01	9.906576e-01	9.906605e-01
0	nM256	0	0	800	2	1	0.015	-2.534255e-01	1.452467e-01	8.140586e-02	8.092998e-02	8.160430e-02
0	nM257	0	0	800	2	1	0.104	-6.012580e-02	5.796899e-02	2.999539e-01	2.991977e-01	2.996748e-01
0	nM258	0	0	800	2	1	0.033	9.841935e-03	9.975326e-02	9.214308e-01	9.213081e-01	9.213332e-01
0	nM262	0	0	800	2	1	0.039	2.167506e-01	9.133046e-02	1.786796e-02	1.768962e-02	1.812750e-02
0	nM263	0	0	800	2	1	0.034	-1.802400e-01	9.774442e-02	6.555470e-02	6.513359e-02	6.579021e-02
0	nM265	0	0	800	2	1	0.028	1.196034e-01	1.080819e-01	2.688004e-01	2.680514e-01	2.685684e-01
0	nM266	0	0	800	2	1	0.014	2.396097e-01	1.516610e-01	1.145253e-01	1.139588e-01	1.146375e-01
0	nM272	0	0	800	2	1	0.005	1.431139e-01	2.507331e-01	5.683084e-01	5.677027e-01	5.679031e-01
0	nM278	0	0	800	2	1	0.015	-1.374181e-01	1.454422e-01	3.450319e-01	3.442769e-01	3.446979e-01
0	nM282	0	0	800	2	1	0.013	4.563783e-02	1.592029e-01	7.744436e-01	7.741000e-01	7.741801e-01
0	nM284	0	0	800	2	1	0.005	2.846490e-01	2.505818e-01	2.563175e-01	2.555735e-01	2.561067e-01
0	nM287	0	0	800	2	1	0.024	-5.690575e-02	1.161500e-01	6.243158e-01	6.237731e-01	6.239340e-01
0	nM290	0	0	800	2	1	0.020	6.251852e-02	1.263288e-01	6.208158e-01	6.202689e-01	6.204322e-01
0	nM304	0	0	800	2	1	0.004	-2.146089e-01	2.892993e-01	4.584128e-01	4.577093e-01	4.580053e-01
0	nM308	0	0	800	2	1	0.005	4.503836e-01	2.502770e-01	7.231091e-02	7.186538e-02	7.253124e-02
0	nM309	0	0	800	2	1	0.018	-1.243351e-01	1.348281e-01	3.567160e-01	3.559634e-01	3.563704e-01
0	nM312	0	0	800	2	1	0.026	1.330821e-01	1.105387e-01	2.289692e-01	2.282410e-01	2.288092e-01
0	nM315	0	0	800	2	1	0.054	-1.199437e-02	7.843292e-02	8.784959e-01	8.783071e-01	8.783467e-01
0	nM318	0	0	800	2	1	0.014	8.759686e-02	1.518664e-01	5.642357e-01	5.636257e-01	5.638292e-01
0	nM319	0	0	800	2	1	0.094	2.814593e-02	6.067765e-02	6.428746e-01	6.423544e-01	6.425035e-01
0	nM322	0	0	800	2	1	0.020	-3.617051e-03	1.263481e-01	9.771687e-01	9.771330e-01	9.771401e-01
0	nM323	0	0	800	2	1	0.006	3.462142e-01	2.241145e-01	1.227888e-01	1.222037e-01	1.228791e-01
0	nM327	0	0	800	2	1	0.010	-1.424376e-01	1.777070e-01	4.230632e-01	4.223373e-01	4.226695e-01
0	nM329	0	0	800	2	1	0.007	-3.198671e-01	2.047093e-01	1.185567e-01	1.179810e-01	1.186582e-01
0	nM330	0	0	800	2	1	0.030	1.228258e-01	1.036020e-01	2.361516e-01	2.354186e-01	2.359776e-01
0	nM334	0	0	800	2	1	0.015	3.881351e-01	1.448734e-01	7.533316e-03	7.439892e-03	7.727895e-03
0	nM338	0	0	800	2	1	0.037	8.836017e-03	9.310617e-02	9.244160e-01	9.242980e-01	9.243221e-01
0	nM339	0	0	800	2	1	0.025	1.216144e-01	1.132168e-01	2.830700e-01	2.823167e-01	2.828154e-01
0	nM340	0	0	800	2	1	0.033	-1.891064e-02	9.975163e-02	8.496886e-01	8.494560e-01	8.495059e-01
0	nM343	0	0	800	2	1	0.279	-2.786623e-02	3.943763e-02	4.800277e-01	4.793402e-01	4.796154e-01
0	nM344	0	0	800	2	1	0.049	8.808388e-02	8.208223e-02	2.835428e-01	2.827895e-01	2.832875e-01
0	nM345	0	0	800	2	1	0.040	-2.152471e-01	8.994531e-02	1.693737e-02	1.676580e-02	1.719362e-02
0	nM348	0	0	800	2	1	0.041	-1.943262e-01	8.868079e-02	2.871848e-02	2.846955e-02	2.899749e-02
0	nM350	0	0	800	2	1	0.004	5.461352e-01	2.887526e-01	5.893816e-02	5.854271e-02	5.918731e-02
0	nM351	0	0	800	2	1	0.004	-3.939894e-01	2.890628e-01	1.732704e-01	1.725982e-01	1.732322e-01
0	nM353	0	0	800	2	1	0.054	1.224320e-01	7.831423e-02	1.183683e-01	1.177930e-01	1.184703e-01
0	nM357	0	0	800	2	1	0.005	3.294839e-01	2.505129e-01	1.888080e-01	1.881165e-01	1.887334e-01
0	nM359	0	0	800	2	1	0.087	-4.752034e-02	6.257770e-02	4.478487e-01	4.471380e-01	4.474445e-01
0	nM362	0	0	800	2	1	0.010	-1.157654e-01	1.777313e-01	5.150075e-01	5.143496e-01	5.145932e-01
0	nM363	0	0	800	2	1	0.005	1.583779e-01	2.507216e-01	5.277715e-01	5.271253e-01	5.273581e-01
0	nM364	0	0	800	2	1	0.037	-5.037448e-02	9.308962e-02	5.885624e-01	5.879786e-01	5.881640e-01
0	nM366	0	0	800	2	1	0.009	1.024985e-01	1.898987e-01	5.895178e-01	5.889350e-01	5.891198e-01
0	nM369	0	0	800	2	1	0.052	-2.961495e-02	7.930302e-02	7.089199e-01	7.084849e-01	7.085963e-01
0	nM373	0	0	800	2	1	0.024	6.407039e-02	1.161453e-01	5.813496e-01	5.807579e-01	5.809486e-01
0	nM379	0	0	800	2	1	0.039	5.532944e-02	9.163127e-02	5.461302e-01	5.455018e-01	5.457195e-01
0	nM380	0	0	800	2	1	0.011	-1.638601e-01	1.676168e-01	3.285745e-01	3.278176e-01	3.282588e-01
0	nM384	0	0	800	2	1	0.046	-8.391883e-02	8.416925e-02	3.190547e-01	3.182974e-01	3.187504e-01
0	nM386	0	0	800	2	1	0.005	-3.346703e-01	2.505043e-01	1.819347e-01	1.812513e-01	1.818760e-01
0	nM389	0	0	800	2	1	0.004	-1.888517e-01	2.893218e-01	5.141125e-01	5.134538e-01	5.136982e-01
0	nM391	0	0	800	2	1	0.004	-8.612101e-03	2.893989e-01	9.762670e-01	9.762299e-01	9.762373e-01
0	nM392	0	0	800	2	1	0.059	6.774799e-03	7.522086e-02	9.282578e-01	9.281458e-01	9.281686e-01
0	nM398	0	0	800	2	1	0.030	1.027532e-01	1.036294e-01	3.217203e-01	3.209631e-01	3.214128e-01
0	nM404	0	0	800	2	1	0.005	2.093641e-01	2.506748e-01	4.038539e-01	4.031181e-01	4.034711e-01
0	nM406	0	0	800	2	1	0.004	-1.358012e-01	2.893591e-01	6.389711e-01	6.384461e-01	6.385976e-01
0	nM408	0	0	800	2	1	0.028	-2.207773e-01	1.078820e-01	4.103736e-02	4.072177e-02	4.131336e-02
0	nM409	0	0	800	2	1	0.166	4.800495e-04	4.751144e-02	9.919409e-01	9.919283e-01	9.919308e-01
0	nM411	0	0	800	2	1	0.011	-1.538939e-01	1.676286e-01	3.588623e-01	3.581102e-01	3.585147e-01
0	nM419	0	0	800	2	1	0.011	1.544979e-01	1.676279e-01	3.569784e-01	3.562259e-01	3.566326e-01
0	nM422	0	0	800	2	1	0.009	-2.637824e-01	1.897037e-01	1.647657e-01	1.641053e-01	1.647481e-01
0	nM431	0	0	800	2	1	0.030	-7.501943e-02	1.036592e-01	4.694547e-01	4.687591e-01	4.690444e-01
0	nM438	0	0	800	2	1	0.022	-1.636371e-01	1.191337e-01	1.699645e-01	1.692968e-01	1.699343e-01
0	nM439	0	0	800	2	1	0.005	1.982740e-01	2.506861e-01	4.292225e-01	4.285001e-01	4.288258e-01
0	nM440	0	0	800	2	1	0.007	-4.046362e-02	2.050173e-01	8.435907e-01	8.433489e-01	8.434011e-01
0	nM444	0	0	800	2	1	0.040	5.440644e-02	9.024693e-02	5.467719e-01	5.461441e-01	5.463613e-01
0	nM448	0	0	800	2	1	0.011	-4.470061e-02	1.677097e-01	7.898955e-01	7.895742e-01	7.896477e-01
0	nM452	0	0	800	2	1	0.035	1.269140e-01	9.614476e-02	1.872034e-01	1.865137e-01	1.871325e-01
0	nM453	0	0	800	2	1	0.024	1.182132e-01	1.160921e-01	3.088577e-01	3.081007e-01	3.085665e-01
0	nM455	0	0	800	2	1	0.041	-1.081376e-01	8.886478e-02	2.240106e-01	2.232860e-01	2.238604e-01
0	nM457	0	0	800	2	1	0.004	2.007119e-01	2.893118e-01	4.880369e-01	4.873559e-01	4.876236e-01
0	nM458	0	0	800	2	1	0.014	1.920898e-01	1.517457e-01	2.059305e-01	2.052212e-01	2.058179e-01
0	nM460	0	0	800	2	1	0.004	-1.018238e-01	2.893766e-01	7.250264e-01	7.246133e-01	7.247166e-01
0	nM465	0	0	800	2	1	0.010	-4.554454e-03	1.777785e-01	9.795679e-01	9.795359e-01	9.795423e-01
0	nM471	0	0	800	2	1	0.011	-8.774114e-02	1.676884e-01	6.009530e-01	6.003831e-01	6.005598e-01
0	nM473	0	0	800	2	1	0.011	1.147383e-02	1.677166e-01	9.454748e-01	9.453895e-01	9.454068e-01
0	nM478	0	0	800	2	1	0.066	1.140793e-01	7.100475e-02	1.085282e-01	1.079761e-01	1.086564e-01
0	nM482	0	0	800	2	1	0.292	-3.891873e-02	3.885957e-02	3.168779e-01	3.161206e-01	3.165763e-01
0	nM489	0	0	800	2	1	0.006	-5.305186e-01	2.236623e-01	1.793019e-02	1.775141e-02	1.818995e-02
0	nM494	0	0	800	2	1	0.005	-1.813640e-02	2.507835e-01	9.423662e-01	9.422761e-01	9.422943e-01
0	nM495	0	0	800	2	1	0.019	2.850982e-02	1.304048e-01	8.269976e-01	8.267310e-01	8.267895e-01
0	nM497	0	0	800	2	1	0.007	8.978349e-02	2.049976e-01	6.615242e-01	6.610272e-01	6.611649e-01
0	nM499	0	0	800	2	1	0.018	5.496225e-02	1.348859e-01	6.837705e-01	6.833021e-01	6.834271e-01
0	nM502	0	0	800	2	1	0.007	1.732690e-03	2.050223e-01	9.932591e-01	9.932485e-01	9.932506e-01
0	nM503	0	0	800	2	1	0.239	2.387963e-02	4.148312e-02	5.650161e-01	5.644070e-01	5.646099e-01
0	nM505	0	0	800	2	1	0.037	-8.601193e-03	9.310620e-02	9.264190e-01	9.263040e-01	9.263275e-01
0	nM508	0	0	800	2	1	0.034	-4.059986e-02	9.794190e-02	6.785974e-01	6.781222e-01	6.782501e-01
0	nM513	0	0	800	2	1	0.006	4.089528e-03	2.244493e-01	9.854677e-01	9.854449e-01	9.854495e-01
0	nM514	0	0	800	2	1	0.061	-7.492003e-02	7.372046e-02	3.098080e-01	3.090509e-01	3.095155e-01
0	nM520	0	0	800	2	1	0.101	1.678316e-02	5.863510e-02	7.747758e-01	7.744326e-01	7.745126e-01
0	nM524	0	0	800	2	1	0.005	-1.005758e-01	2.507591e-01	6.884645e-01	6.880022e-01	6.881247e-01
0	nM527	0	0	800	2	1	0.007	4.545591e-02	2.050160e-01	8.245894e-01	8.243192e-01	8.243787e-01
0	nM530	0	0	800	2	1	0.007	5.910209e-01	2.039520e-01	3.860285e-03	3.805102e-03	4.002887e-03
0	nM532	0	0	800	2	1	0.004	1.251135e-01	2.893652e-01	6.655875e-01	6.650957e-01	6.652311e-01
0	nM537	0	0	800	2	1	0.005	-1.642168e-01	2.507169e-01	5.126637e-01	5.120036e-01	5.122493e-01
0	nM538	0	0	800	2	1	0.055	6.481825e-02	7.755498e-02	4.035336e-01	4.027976e-01	4.031509e-01
0	nM541	0	0	800	2	1	0.056	-2.177559e-02	7.676890e-02	7.767513e-01	7.764110e-01	7.764901e-01
0	nM546	0	0	800	2	1	0.022	3.343694e-02	1.192685e-01	7.792816e-01	7.789450e-01	7.790230e-01
0	nM550	0	0	800	2	1	0.004	-2.475036e-01	2.892664e-01	3.924619e-01	3.917211e-01	3.920867e-01
0	nM552	0	0	800	2	1	0.020	-1.456932e-01	1.262428e-01	2.488164e-01	2.480761e-01	2.486189e-01
0	nM555	0	0	800	2	1	0.005	1.593981e-01	2.507208e-01	5.251155e-01	5.244668e-01	5.247018e-01
0	nM564	0	0	800	2	1	0.070	2.016507e-01	6.895916e-02	3.551145e-03	3.499537e-03	3.687785e-03
0	nM577	0	0	800	2	1	0.010	-3.282814e-02	1.777747e-01	8.535415e-01	8.533147e-01	8.533633e-01
0	nM578	0	0	800	2	1	0.007	1.261193e-01	2.049737e-01	5.385351e-01	5.378992e-01	5.381231e-01
0	nM579	0	0	800	2	1	0.072	1.581755e-01	6.798340e-02	2.023190e-02	2.003695e-02	2.049841e-02
0	nM580	0	0	800	2	1	0.028	-1.930024e-01	1.079488e-01	7.417025e-02	7.371829e-02	7.438622e-02
0	nM582	0	0	800	2	1	0.004	4.335253e-01	2.889919e-01	1.339763e-01	1.333682e-01	1.340371e-01
0	nM584	0	0	800	2	1	0.005	-4.991370e-01	2.501611e-01	4.635387e-02	4.601276e-02	4.662391e-02
0	nM585	0	0	800	2	1	0.011	1.066507e-01	1.676746e-01	5.249215e-01	5.242727e-01	5.245078e-01
0	nM586	0	0	800	2	1	0.009	-1.038842e-01	1.898978e-01	5.844952e-01	5.839069e-01	5.840953e-01
0	nM589	0	0	800	2	1	0.071	1.299003e-01	6.860911e-02	5.867440e-02	5.828001e-02	5.892406e-02
0	nM593	0	0	800	2	1	0.009	-2.101038e-01	1.897877e-01	2.686074e-01	2.678585e-01	2.683758e-01
0	nM595	0	0	800	2	1	0.040	-1.792486e-01	9.004418e-02	4.685746e-02	4.651401e-02	4.712683e-02
0	nM597	0	0	800	2	1	0.016	-3.090753e-01	1.394748e-01	2.697332e-02	2.673486e-02	2.725103e-02
0	nM598	0	0	800	2	1	0.020	-3.874583e-02	1.263407e-01	7.591690e-01	7.588035e-01	7.588905e-01
0	nM606	0	0	800	2	1	0.179	-2.157750e-02	4.616117e-02	6.403138e-01	6.397904e-01	6.399411e-01
0	nM608	0	0	800	2	1	0.006	-4.965083e-01	2.237601e-01	2.677200e-02	2.653477e-02	2.704952e-02
0	nM610	0	0	800	2	1	0.048	-1.477144e-01	8.299604e-02	7.549311e-02	7.503665e-02	7.570594e-02
0	nM614	0	0	800	2	1	0.015	-2.754045e-01	1.451966e-01	5.821922e-02	5.782666e-02	5.846975e-02
0	nM615	0	0	800	2	1	0.036	4.935304e-02	9.462082e-02	6.021023e-01	6.015337e-01	6.017096e-01
0	nM617	0	0	800	2	1	0.005	-1.690316e-01	2.507129e-01	5.003770e-01	4.997062e-01	4.999627e-01
0	nM619	0	0	800	2	1	0.020	-2.503751e-02	1.263450e-01	8.429643e-01	8.427216e-01	8.427740e-01
0	nM624	0	0	800	2	1	0.015	1.926108e-01	1.453637e-01	1.855414e-01	1.848537e-01	1.854744e-01
0	nM627	0	0	800	2	1	0.010	1.565164e-02	1.777777e-01	9.298665e-01	9.297570e-01	9.297793e-01
0	nM635	0	0	800	2	1	0.011	-1.536450e-01	1.676289e-01	3.596407e-01	3.588888e-01	3.592923e-01
0	nM637	0	0	800	2	1	0.021	1.071745e-01	1.225953e-01	3.822646e-01	3.815197e-01	3.818969e-01
0	nM639	0	0	800	2	1	0.220	5.596638e-02	4.265504e-02	1.898740e-01	1.891812e-01	1.897969e-01
0	nM642	0	0	800	2	1	0.024	-3.401838e-02	1.161612e-01	7.697092e-01	7.693588e-01	7.694411e-01
0	nM644	0	0	800	2	1	0.013	1.806186e-01	1.590827e-01	2.565589e-01	2.558149e-01	2.563477e-01
0	nM647	0	0	800	2	1	0.087	-3.301569e-02	6.258940e-02	5.979954e-01	5.974222e-01	5.976010e-01
0	nM651	0	0	800	2	1	0.004	6.498556e-02	2.893899e-01	8.223787e-01	8.221051e-01	8.221655e-01
0	nM654	0	0	800	2	1	0.004	1.627288e-01	2.893417e-01	5.739944e-01	5.733947e-01	5.735908e-01
0	nM656	0	0	800	2	1	0.005	2.121340e-01	2.506719e-01	3.976605e-01	3.969219e-01	3.972817e-01
0	nM657	0	0	800	2	1	0.005	2.665993e-02	2.507825e-01	9.153655e-01	9.152335e-01	9.152605e-01
0	nM660	0	0	800	2	1	0.013	1.407127e-01	1.591332e-01	3.768303e-01	3.760835e-01	3.764669e-01
0	nM664	0	0	800	2	1	0.006	4.198099e-02	2.244444e-01	8.516737e-01	8.514441e-01	8.514933e-01
0	nM673	0	0	800	2	1	0.030	-1.833205e-02	1.036912e-01	8.597146e-01	8.594971e-01	8.595434e-01
0	nM676	0	0	800	2	1	0.015	-1.810538e-01	1.453823e-01	2.133637e-01	2.126476e-01	2.132353e-01
0	nM679	0	0	800	2	1	0.070	-9.079041e-02	6.925311e-02	1.902369e-01	1.895438e-01	1.901591e-01
0	nM680	0	0	800	2	1	0.019	4.403405e-02	1.303994e-01	7.356886e-01	7.352902e-01	7.353882e-01
0	nM683	0	0	800	2	1	0.004	1.767263e-01	2.893314e-01	5.415000e-01	5.408670e-01	5.410884e-01
0	nM687	0	0	800	2	1	0.035	3.700865e-02	9.624075e-02	7.006789e-01	7.002329e-01	7.003487e-01
0	nM688	0	0	800	2	1	0.054	-2.700138e-01	7.784947e-02	5.515954e-04	5.406351e-04	5.967924e-04
0	nM690	0	0	800	2	1	0.014	-7.243986e-03	1.518978e-01	9.619753e-01	9.619158e-01	9.619278e-01
0	nM691	0	0	800	2	1	0.004	5.583236e-01	2.887234e-01	5.349518e-02	5.312227e-02	5.375432e-02
0	nM693	0	0	800	2	1	0.004	-1.949157e-02	2.893982e-01	9.463183e-01	9.462344e-01	9.462513e-01
0	nM696	0	0	800	2	1	0.010	1.368709e-03	1.777785e-01	9.938591e-01	9.938495e-01	9.938514e-01
0	nM698	0	0	800	2	1	0.041	5.727972e-03	8.894697e-02	9.486698e-01	9.485895e-01	9.486057e-01
0	nM699	0	0	800	2	1	0.006	-9.152853e-02	2.244260e-01	6.835050e-01	6.830362e-01	6.831614e-01
0	nM702	0	0	800	2	1	0.005	2.868914e-01	2.505786e-01	2.525874e-01	2.518452e-01	2.523831e-01
0	nM709	0	0	800	2	1	0.014	2.166537e-01	1.517043e-01	1.536451e-01	1.530018e-01	1.536552e-01
0	nM712	0	0	800	2	1	0.030	-3.729073e-02	1.036848e-01	7.192006e-01	7.187795e-01	7.188857e-01
0	nM715	0	0	800	2	1	0.006	2.688667e-01	2.242475e-01	2.308942e-01	2.301647e-01	2.307304e-01
0	nM718	0	0	800	2	1	0.010	2.702703e-01	1.775209e-01	1.282875e-01	1.276908e-01	1.283632e-01
0	nM720	0	0	800	2	1	0.036	-6.172108e-02	9.461172e-02	5.143556e-01	5.136971e-01	5.139413e-01
0	nM723	0	0	800	2	1	0.071	6.509423e-03	6.876266e-02	9.246046e-01	9.244869e-01	9.245109e-01
0	nM729	0	0	800	2	1	0.013	-8.517855e-02	1.591826e-01	5.927299e-01	5.921508e-01	5.923332e-01
0	nM733	0	0	800	2	1	0.004	-5.035413e-01	2.888496e-01	8.167255e-02	8.119582e-02	8.187033e-02
0	nM739	0	0	800	2	1	0.016	-1.055470e-01	1.398534e-01	4.506530e-01	4.499442e-01	4.502479e-01
0	nM742	0	0	800	2	1	0.044	-6.242327e-02	8.645306e-02	4.704764e-01	4.697816e-01	4.700659e-01
0	nM744	0	0	800	2	1	0.036	-1.111674e-01	9.455509e-02	2.400698e-01	2.393344e-01	2.398884e-01
0	nM746	0	0	800	2	1	0.004	1.265258e-01	2.893644e-01	6.620452e-01	6.615489e-01	6.616864e-01
0	nM747	0	0	800	2	1	0.037	-1.184548e-01	9.301222e-02	2.031971e-01	2.024904e-01	2.030904e-01
0	nM750	0	0	800	2	1	0.022	1.205590e-01	1.191980e-01	3.121231e-01	3.113659e-01	3.118277e-01
0	nM753	0	0	800	2	1	0.011	-3.352577e-01	1.672967e-01	4.541076e-02	4.507405e-02	4.568201e-02
0	nM756	0	0	800	2	1	0.054	2.355894e-01	7.798943e-02	2.601652e-03	2.561536e-03	2.717443e-03
0	nM759	0	0	800	2	1	0.009	3.417947e-03	1.899333e-01	9.856469e-01	9.856245e-01	9.856290e-01
0	nM760	0	0	800	2	1	0.005	-2.432645e-01	2.506364e-01	3.320479e-01	3.312913e-01	3.317282e-01
0	nM761	0	0	800	2	1	0.010	-1.173356e-01	1.777300e-01	5.093224e-01	5.086594e-01	5.089080e-01
0	nM764	0	0	800	2	1	0.037	1.656729e-01	9.292181e-02	7.497803e-02	7.452332e-02	7.519209e-02
0	nM767	0	0	800	2	1	0.005	1.788206e-02	2.507835e-01	9.431731e-01	9.430842e-01	9.431022e-01
0	nM773	0	0	800	2	1	0.039	-1.147383e-01	9.156216e-02	2.105292e-01	2.098157e-01	2.104068e-01
0	nM777	0	0	800	2	1	0.006	4.556976e-01	2.238689e-01	4.212487e-02	4.180392e-02	4.239984e-02
0	nM788	0	0	800	2	1	0.005	-2.724779e-01	2.505988e-01	2.772293e-01	2.764777e-01	2.769838e-01
0	nM789	0	0	800	2	1	0.055	-6.566711e-02	7.755408e-02	3.974013e-01	3.966626e-01	3.970226e-01
0	nM793	0	0	800	2	1	0.004	2.095431e-02	2.893981e-01	9.422966e-01	9.422063e-01	9.422246e-01
0	nM801	0	0	800	2	1	0.004	5.843081e-02	2.893917e-01	8.400393e-01	8.397921e-01	8.398457e-01
0	nM804	0	0	800	2	1	0.009	-1.153584e-01	1.898895e-01	5.436900e-01	5.430591e-01	5.432788e-01
0	nM806	0	0	800	2	1	0.010	-7.082312e-02	1.777609e-01	6.904287e-01	6.899690e-01	6.900904e-01
0	nM809	0	0	800	2	1	0.024	-9.701104e-03	1.161670e-01	9.334670e-01	9.333630e-01	9.333841e-01
0	nM811	0	0	800	2	1	0.151	3.212344e-02	4.935647e-02	5.153335e-01	5.146759e-01	5.149192e-01
0	nM815	0	0	800	2	1	0.207	2.434981e-03	4.362017e-02	9.554973e-01	9.554277e-01	9.554417e-01
0	nM817	0	0	800	2	1	0.011	-1.072855e-01	1.676741e-01	5.224569e-01	5.218057e-01	5.220430e-01
0	nM820	0	0	800	2	1	0.015	1.051624e-01	1.454759e-01	4.699620e-01	4.692669e-01	4.695516e-01
0	nM822	0	0	800	2	1	0.044	1.567592e-01	8.630307e-02	6.968718e-02	6.925094e-02	6.991354e-02
0	nM823	0	0	800	2	1	0.004	1.176726e-01	2.893691e-01	6.843723e-01	6.839047e-01	6.840294e-01
0	nM833	0	0	800	2	1	0.065	-1.262183e-01	7.161282e-02	7.836592e-02	7.789989e-02	7.857183e-02
0	nM850	0	0	800	2	1	0.010	2.169442e-01	1.776126e-01	2.222779e-01	2.215546e-01	2.221311e-01
0	nM851	0	0	800	2	1	0.055	1.579204e-01	7.738726e-02	4.161417e-02	4.129573e-02	4.188963e-02
0	nM855	0	0	800	2	1	0.020	4.853728e-02	1.263365e-01	7.009395e-01	7.004938e-01	7.006095e-01
0	nM856	0	0	800	2	1	0.029	1.020987e-01	1.057936e-01	3.347997e-01	3.340433e-01	3.344769e-01
0	nM859	0	0	800	2	1	0.013	-1.289592e-01	1.591456e-01	4.179969e-01	4.172682e-01	4.176058e-01
0	nM861	0	0	800	2	1	0.031	-3.332236e-02	1.016569e-01	7.431546e-01	7.427666e-01	7.428610e-01
0	nM867	0	0	800	2	1	0.006	1.586370e-01	2.243791e-01	4.797701e-01	4.790825e-01	4.793579e-01
0	nM869	0	0	800	2	1	0.062	-2.046809e-02	7.307182e-02	7.794663e-01	7.791299e-01	7.792079e-01
0	nM871	0	0	800	2	1	0.015	-1.871325e-02	1.455220e-01	8.977113e-01	8.975520e-01	8.975850e-01
0	nM876	0	0	800	2	1	0.021	1.868330e-01	1.224755e-01	1.275376e-01	1.269425e-01	1.276153e-01
0	nM877	0	0	800	2	1	0.010	-2.772206e-01	1.775075e-01	1.187457e-01	1.181695e-01	1.188467e-01
0	nM879	0	0	800	2	1	0.033	7.270533e-02	9.972066e-02	4.661606e-01	4.654627e-01	4.657511e-01
0	nM890	0	0	800	2	1	0.025	-8.883679e-03	1.132982e-01	9.375218e-01	9.374242e-01	9.374440e-01
0	nM898	0	0	800	2	1	0.010	-2.669636e-02	1.777760e-01	8.806696e-01	8.804841e-01	8.805230e-01
0	nM901	0	0	800	2	1	0.005	-8.616761e-02	2.507658e-01	7.312242e-01	7.308196e-01	7.309198e-01
0	nM904	0	0	800	2	1	0.049	8.198747e-02	8.209014e-02	3.182189e-01	3.174616e-01	3.179157e-01
0	nM905	0	0	800	2	1	0.005	-3.120562e-02	2.507819e-01	9.010035e-01	9.008493e-01	9.008811e-01
0	nM913	0	0	800	2	1	0.009	3.017260e-01	1.896328e-01	1.119816e-01	1.114211e-01	1.121006e-01
0	nM915	0	0	800	2	1	0.004	5.611226e-01	2.887166e-01	5.230623e-02	5.193843e-02	5.256738e-02
0	nM917	0	0	800	2	1	0.025	1.471623e-01	1.131788e-01	1.938860e-01	1.931889e-01	1.937999e-01
0	nM923	0	0	800	2	1	0.029	2.235059e-02	1.058523e-01	8.328251e-01	8.325672e-01	8.326234e-01
0	nM926	0	0	800	2	1	0.015	7.313015e-03	1.455233e-01	9.599332e-01	9.598705e-01	9.598831e-01
0	nM930	0	0	800	2	1	0.210	7.967870e-02	4.333670e-02	6.634603e-02	6.592198e-02	6.657983e-02
0	nM933	0	0	800	2	1	0.006	2.565739e-01	2.242655e-01	2.529405e-01	2.521981e-01	2.527356e-01
0	nM937	0	0	800	2	1	0.013	2.307765e-01	1.590014e-01	1.470581e-01	1.464260e-01	1.470850e-01
0	nM939	0	0	800	2	1	0.004	-2.945201e-01	2.892112e-01	3.088173e-01	3.080602e-01	3.085261e-01
0	nM942	0	0	800	2	1	0.119	5.032816e-02	5.465123e-02	3.573824e-01	3.566299e-01	3.570361e-01
0	nM943	0	0	800	2	1	0.005	-2.245267e-01	2.506583e-01	3.706574e-01	3.699086e-01	3.702992e-01
0	nM944	0	0	800	2	1	0.105	-1.491635e-01	5.745988e-02	9.606157e-03	9.493603e-03	9.820443e-03
0	nM947	0	0	800	2	1	0.066	-5.468286e-02	7.109315e-02	4.420188e-01	4.413043e-01	4.416167e-01
0	nM952	0	0	800	2	1	0.033	-1.660104e-01	9.958062e-02	9.588770e-02	9.536871e-02	9.604916e-02
0	nM953	0	0	800	2	1	0.013	-3.771587e-01	1.586503e-01	1.767487e-02	1.749792e-02	1.793376e-02
0	nM955	0	0	800	2	1	0.009	-2.097035e-01	1.897883e-01	2.695212e-01	2.687719e-01	2.692881e-01
0	nM958	0	0	800	2	1	0.007	-1.931206e-03	2.050223e-01	9.924868e-01	9.924750e-01	9.924774e-01
0	nM965	0	0	800	2	1	0.005	-5.810416e-01	2.499394e-01	2.033647e-02	2.014080e-02	2.060324e-02
0	nM966	0	0	800	2	1	0.004	1.290665e-01	2.893630e-01	6.556917e-01	6.551874e-01	6.553286e-01
0	nM968	0	0	800	2	1	0.015	1.036581e-02	1.455231e-01	9.432315e-01	9.431427e-01	9.431607e-01
0	nM969	0	0	800	2	1	0.018	7.824278e-02	1.348715e-01	5.619917e-01	5.613794e-01	5.615847e-01
0	nM971	0	0	800	2	1	0.010	-1.273399e-01	1.777214e-01	4.738834e-01	4.731912e-01	4.734722e-01
0	nM973	0	0	800	2	1	0.089	-9.231236e-02	6.211461e-02	1.376313e-01	1.370162e-01	1.376826e-01
0	nM976	0	0	800	2	1	0.004	4.795620e-02	2.893941e-01	8.684252e-01	8.682211e-01	8.682642e-01
0	nM981	0	0	800	2	1	0.059	-5.650129e-02	7.519465e-02	4.526332e-01	4.519257e-01	4.522275e-01
0	nM983	0	0	800	2	1	0.015	-8.949063e-02	1.454890e-01	5.386626e-01	5.380268e-01	5.382505e-01
0	nM984	0	0	800	2	1	0.061	-3.074419e-02	7.376012e-02	6.769271e-01	6.764499e-01	6.765787e-01
0	nM987	0	0	800	2	1	0.011	1.539903e-01	1.676285e-01	3.585613e-01	3.578092e-01	3.582140e-01
0	nM989	0	0	800	2	1	0.135	7.606281e-02	5.169323e-02	1.415699e-01	1.409475e-01	1.416109e-01
0	nM992	0	0	800	2	1	0.045	-6.359566e-02	8.529779e-02	4.561454e-01	4.554404e-01	4.557386e-01
0	nM993	0	0	800	2	1	0.014	1.173523e-01	1.518412e-01	4.398330e-01	4.391171e-01	4.394318e-01
0	nM997	0	0	800	2	1	0.016	-7.991956e-02	1.398747e-01	5.679128e-01	5.673067e-01	5.675074e-01
0	nM1001	0	0	800	2	1	0.005	-3.592863e-01	2.504616e-01	1.518224e-01	1.511822e-01	1.518372e-01
0	nM1006	0	0	800	2	1	0.007	-6.875619e-04	2.050223e-01	9.973251e-01	9.973209e-01	9.973217e-01
0	nM1011	0	0	800	2	1	0.041	1.262205e-01	8.883490e-02	1.557528e-01	1.551062e-01	1.557576e-01
0	nM1013	0	0	800	2	1	0.029	-9.482291e-04	1.058553e-01	9.928551e-01	9.928439e-01	9.928461e-01
0	nM1015	0	0	800	2	1	0.006	-1.015484e-01	2.244206e-01	6.510379e-01	6.505278e-01	6.506719e-01
0	nM1021	0	0	800	2	1	0.044	-2.674268e-02	8.647611e-02	7.572126e-01	7.568444e-01	7.569323e-01
0	nM1023	0	0	800	2	1	0.019	-1.310275e-01	1.303262e-01	3.150181e-01	3.142608e-01	3.147189e-01
0	nM1026	0	0	800	2	1	0.010	1.274066e-01	1.777213e-01	4.736519e-01	4.729595e-01	4.732408e-01
0	nM1027	0	0	800	2	1	0.060	3.950113e-02	7.446991e-02	5.959609e-01	5.953853e-01	5.955655e-01
0	nM1038	0	0	800	2	1	0.020	2.102455e-02	1.263460e-01	8.678807e-01	8.676757e-01	8.677190e-01
0	nM1039	0	0	800	2	1	0.021	2.809115e-01	1.222502e-01	2.182872e-02	2.162297e-02	2.209891e-02
0	nM1043	0	0	800	2	1	0.006	-8.253252e-02	2.244303e-01	7.131629e-01	7.127336e-01	7.128429e-01
0	nM1050	0	0	800	2	1	0.006	9.259786e-02	2.244254e-01	6.800107e-01	6.795374e-01	6.796645e-01
0	nM1056	0	0	800	2	1	0.013	-7.496454e-02	1.591890e-01	6.378299e-01	6.373035e-01	6.374557e-01
0	nM1058	0	0	800	2	1	0.077	1.180784e-01	6.602285e-02	7.408313e-02	7.363147e-02	7.429930e-02
0	nM1059	0	0	800	2	1	0.021	-9.608167e-02	1.226068e-01	4.334739e-01	4.327541e-01	4.330753e-01
0	nM1060	0	0	800	2	1	0.005	-4.687648e-02	2.507788e-01	8.517681e-01	8.515386e-01	8.515878e-01
0	nM1071	0	0	800	2	1	0.117	-6.899785e-02	5.487707e-02	2.090069e-01	2.082947e-01	2.088877e-01
0	nM1075	0	0	800	2	1	0.024	-1.729313e-01	1.160061e-01	1.364332e-01	1.358203e-01	1.364875e-01
0	nM1077	0	0	800	2	1	0.020	1.813537e-02	1.263465e-01	8.859025e-01	8.857251e-01	8.857621e-01
0	nM1080	0	0	800	2	1	0.026	-2.409706e-02	1.106358e-01	8.276365e-01	8.273708e-01	8.274291e-01
0	nM1081	0	0	800	2	1	0.035	-3.898250e-02	9.623978e-02	6.855449e-01	6.850788e-01	6.852029e-01
0	nM1083	0	0	800	2	1	0.004	-4.985867e-01	2.888604e-01	8.472596e-02	8.423966e-02	8.491610e-02
0	nM1090	0	0	800	2	1	0.007	-1.047272e-01	2.049887e-01	6.095678e-01	6.090078e-01	6.091785e-01
0	nM1093	0	0	800	2	1	0.014	6.101984e-01	1.503543e-01	5.427050e-05	5.282792e-05	6.313583e-05
0	nM1095	0	0	800	2	1	0.025	-8.965495e-02	1.132542e-01	4.288140e-01	4.280914e-01	4.284175e-01
0	nM1098	0	0	800	2	1	0.022	-1.411488e-01	1.191697e-01	2.365935e-01	2.358602e-01	2.364186e-01
0	nM1100	0	0	800	2	1	0.265	-2.262266e-02	4.007224e-02	5.725407e-01	5.719395e-01	5.721367e-01
0	nM1103	0	0	800	2	1	0.004	-1.461398e-01	2.893528e-01	6.136579e-01	6.131026e-01	6.132706e-01
0	nM1104	0	0	800	2	1	0.007	-2.644108e-01	2.048085e-01	1.970725e-01	1.963720e-01	1.969793e-01
0	nM1108	0	0	800	2	1	0.007	-4.770679e-02	2.050153e-01	8.160551e-01	8.157722e-01	8.158350e-01
0	nM1109	0	0	800	2	1	0.011	9.277351e-02	1.676850e-01	5.802399e-01	5.796470e-01	5.798385e-01
0	nM1111	0	0	800	2	1	0.014	-3.280212e-01	1.514535e-01	3.062038e-02	3.036037e-02	3.090022e-02
0	nM1118	0	0	800	2	1	0.072	-1.738036e-02	6.821082e-02	7.989405e-01	7.986324e-01	7.987022e-01
0	nM1120	0	0	800	2	1	0.231	2.479068e-02	4.194387e-02	5.546581e-01	5.540383e-01	5.542492e-01
0	nM1121	0	0	800	2	1	0.249	2.244936e-02	4.091111e-02	5.833407e-01	5.827512e-01	5.829404e-01
0	nM1122	0	0	800	2	1	0.004	-3.527795e-01	2.891295e-01	2.227709e-01	2.220473e-01	2.226232e-01
0	nM1127	0	0	800	2	1	0.011	1.002159e-01	1.676796e-01	5.502344e-01	5.496100e-01	5.498245e-01
0	nM1129	0	0	800	2	1	0.041	-3.994249e-02	8.893596e-02	6.534705e-01	6.529634e-01	6.531060e-01
0	nM1131	0	0	800	2	1	0.005	5.575798e-02	2.507766e-01	8.241051e-01	8.238342e-01	8.238938e-01
0	nM1135	0	0	800	2	1	0.020	2.995235e-01	1.259025e-01	1.759339e-02	1.741703e-02	1.785200e-02
0	nM1139	0	0	800	2	1	0.005	6.416229e-02	2.507740e-01	7.981272e-01	7.978179e-01	7.978880e-01
0	nM1146	0	0	800	2	1	0.024	-1.865449e-02	1.161656e-01	8.724607e-01	8.722627e-01	8.723044e-01
0	nM1148	0	0	800	2	1	0.004	-7.493816e-02	2.893869e-01	7.957368e-01	7.954240e-01	7.954951e-01
0	nM1149	0	0	800	2	1	0.020	4.812315e-02	1.263367e-01	7.033700e-01	7.029275e-01	7.030419e-01
0	nM1150	0	0	800	2	1	0.028	8.411814e-02	1.081238e-01	4.368113e-01	4.360935e-01	4.364113e-01
0	nM1151	0	0	800	2	1	0.096	9.983198e-02	5.987109e-02	9.581750e-02	9.529871e-02	9.597915e-02
0	nM1154	0	0	800	2	1	0.018	-1.683697e-01	1.347682e-01	2.119113e-01	2.111966e-01	2.117860e-01
0	nM1158	0	0	800	2	1	0.077	1.503102e-02	6.615289e-02	8.203137e-01	8.200371e-01	8.200983e-01
0	nM1162	0	0	800	2	1	0.009	-2.417902e-01	1.897404e-01	2.029206e-01	2.022142e-01	2.028145e-01
0	nM1163	0	0	800	2	1	0.009	1.361445e-01	1.898722e-01	4.735640e-01	4.728716e-01	4.731529e-01
0	nM1164	0	0	800	2	1	0.029	-1.478115e-01	1.057259e-01	1.624824e-01	1.618255e-01	1.624705e-01
0	nM1166	0	0	800	2	1	0.005	1.647861e-01	2.507165e-01	5.112028e-01	5.105415e-01	5.107884e-01
0	nM1167	0	0	800	2	1	0.004	-3.983178e-01	2.890554e-01	1.685900e-01	1.679242e-01	1.685632e-01
0	nM1172	0	0	800	2	1	0.011	-3.536700e-01	1.672492e-01	3.477105e-02	3.448791e-02	3.505087e-02
0	nM1175	0	0	800	2	1	0.043	-3.666846e-02	8.767696e-02	6.758971e-01	6.754185e-01	6.755479e-01
0	nM1181	0	0	800	2	1	0.084	-6.335972e-02	6.381598e-02	3.210839e-01	3.203266e-01	3.207771e-01
0	nM1185	0	0	800	2	1	0.006	7.820592e-02	2.244323e-01	7.275858e-01	7.271762e-01	7.272782e-01
0	nM1188	0	0	800	2	1	0.011	5.213690e-02	1.677070e-01	7.559723e-01	7.556023e-01	7.556908e-01
0	nM1190	0	0	800	2	1	0.009	8.629022e-02	1.899088e-01	6.496810e-01	6.491691e-01	6.493140e-01
0	nM1194	0	0	800	2	1	0.007	9.236392e-02	2.049962e-01	6.524261e-01	6.519177e-01	6.520609e-01
0	nM1197	0	0	800	2	1	0.039	-1.000971e-01	9.158368e-02	2.747422e-01	2.739913e-01	2.745007e-01
0	nM1198	0	0	800	2	1	0.013	6.150968e-02	1.591962e-01	6.993208e-01	6.988730e-01	6.989895e-01
0	nM1199	0	0	800	2	1	0.026	1.017508e-01	1.105804e-01	3.577716e-01	3.570193e-01	3.574250e-01
0	nM1200	0	0	800	2	1	0.029	3.967593e-02	1.058460e-01	7.078746e-01	7.074382e-01	7.075502e-01
0	nM1201	0	0	800	2	1	0.040	1.969358e-01	8.999787e-02	2.894228e-02	2.869203e-02	2.922142e-02
0	nM1204	0	0	800	2	1	0.021	1.903492e-02	1.226521e-01	8.767073e-01	8.765158e-01	8.765560e-01
0	nM1205	0	0	800	2	1	0.020	-2.036320e-01	1.261424e-01	1.068570e-01	1.063091e-01	1.069896e-01
0	nM1210	0	0	800	2	1	0.004	2.508424e-01	2.892628e-01	3.861051e-01	3.853617e-01	3.857345e-01
0	nM1214	0	0	800	2	1	0.007	1.062763e-01	2.049878e-01	6.042867e-01	6.037206e-01	6.038950e-01
0	nM1215	0	0	800	2	1	0.028	-1.827765e-01	1.079711e-01	9.087848e-02	9.037373e-02	9.105294e-02
0	nM1220	0	0	800	2	1	0.009	-1.273392e-01	1.898799e-01	5.026502e-01	5.019814e-01	5.022359e-01
0	nM1227	0	0	800	2	1	0.126	-5.645229e-03	5.325797e-02	9.156107e-01	9.154791e-01	9.155060e-01
0	nM1228	0	0	800	2	1	0.007	-1.324130e-01	2.049687e-01	5.184550e-01	5.178002e-01	5.180408e-01
0	nM1234	0	0	800	2	1	0.011	1.246396e-01	1.676591e-01	4.574518e-01	4.567477e-01	4.570446e-01
0	nM1235	0	0	800	2	1	0.016	9.045150e-03	1.399029e-01	9.484664e-01	9.483858e-01	9.484021e-01
0	nM1237	0	0	800	2	1	0.005	1.794248e-01	2.507039e-01	4.743958e-01	4.737040e-01	4.739845e-01
0	nM1242	0	0	800	2	1	0.005	4.795503e-01	2.502091e-01	5.564591e-02	5.526393e-02	5.590125e-02
0	nM1252	0	0	800	2	1	0.029	1.314316e-01	1.057530e-01	2.143005e-01	2.135837e-01	2.141701e-01
0	nM1084	20	0	800	2	1	0.007	-8.477436e-02	2.050003e-01	6.793274e-01	6.788532e-01	6.789807e-01
0	nM187	25	0	800	2	1	0.211	-5.151438e-02	4.329562e-02	2.344676e-01	2.337356e-01	2.342968e-01
0	nM466	25	0	800	2	1	0.065	5.356337e-03	7.175182e-02	9.405112e-01	9.404182e-01	9.404370e-01
0	nM509	25	0	800	2	1	0.016	2.059038e-01	1.397133e-01	1.409407e-01	1.403194e-01	1.409834e-01
0	nM1051	25	0	800	2	1	0.155	-9.026509e-04	4.887679e-02	9.852702e-01	9.852471e-01	9.852518e-01
0	nM1123	25	0	800	2	1	0.031	1.831431e-01	1.014568e-01	7.143063e-02	7.098819e-02	7.165300e-02
0	cM26	33	0	800	1	2	0.011	-7.065998e-02	1.676985e-01	6.736120e-01	6.731304e-01	6.732612e-01
0	cM53	33	0	800	2	1	0.036	-4.385489e-01	9.335493e-02	3.098294e-06	2.990156e-06	4.074738e-06
0	cM71	33	0	800	2	1	0.007	-1.268301e-02	2.050218e-01	9.506884e-01	9.506113e-01	9.506268e-01
0	nM14	33	0	800	2	1	0.007	6.498853e-03	2.050221e-01	9.747206e-01	9.746810e-01	9.746889e-01
0	nM25	33	0	800	2	1	0.048	2.315604e-02	8.315656e-02	7.807290e-01	7.803944e-01	7.804718e-01
0	nM85	33	0	800	2	1	0.026	-1.222431e-02	1.106382e-01	9.120493e-01	9.119121e-01	9.119403e-01
0	nM97	33	0	800	2	1	0.030	-6.229956e-02	1.036698e-01	5.480490e-01	5.474225e-01	5.476387e-01
0	nM112	33	0	800	2	1	0.016	1.358181e-01	1.398206e-01	3.316566e-01	3.308999e-01	3.313373e-01
0	nM158	33	0	800	2	1	0.009	-1.718285e-01	1.898360e-01	3.656634e-01	3.649131e-01	3.653095e-01
0	nM297	33	0	800	2	1	0.024	-6.663638e-02	1.161435e-01	5.663043e-01	5.656965e-01	5.658985e-01
0	nM301	33	0	800	2	1	0.009	3.638607e-01	1.894961e-01	5.519534e-02	5.481524e-02	5.545150e-02
0	nM374	33	0	800	2	1	0.013	-1.574278e-01	1.591135e-01	3.227647e-01	3.220075e-01	3.224559e-01
0	nM449	33	0	800	2	1	0.068	-7.922079e-02	7.044932e-02	2.611359e-01	2.603899e-01	2.609168e-01
0	nM561	33	0	800	2	1	0.011	-8.294139e-04	1.677171e-01	9.960555e-01	9.960493e-01	9.960505e-01
0	nM590	33	0	800	2	1	0.010	2.607496e-01	1.775388e-01	1.423107e-01	1.416869e-01	1.423498e-01
0	nM603	33	0	800	2	1	0.068	3.405583e-02	7.049481e-02	6.291594e-01	6.286225e-01	6.287802e-01
0	nM824	33	0	800	2	1	0.016	7.309756e-02	1.398793e-01	6.014145e-01	6.008452e-01	6.010216e-01
0	nM834	33	0	800	2	1	0.004	-5.118797e-01	2.888312e-01	7.673539e-02	7.627476e-02	7.694525e-02
0	nM839	33	0	800	2	1	0.030	-1.474946e-01	1.035617e-01	1.547739e-01	1.541289e-01	1.547812e-01
0	nM846	33	0	800	2	1	0.140	-7.468198e-02	5.090951e-02	1.427822e-01	1.421575e-01	1.428201e-01
0	nM1008	33	0	800	2	1	0.119	-1.267058e-01	5.449598e-02	2.031932e-02	2.012377e-02	2.058604e-02
0	nM1028	33	0	800	2	1	0.035	-2.485330e-02	9.624565e-02	7.962977e-01	7.959858e-01	7.960566e-01
0	nM1033	33	0	800	2	1	0.009	1.546411e-01	1.898545e-01	4.155877e-01	4.148578e-01	4.151979e-01
0	nM1061	33	0	800	2	1	0.007	-5.689056e-03	2.050222e-01	9.778697e-01	9.778350e-01	9.778420e-01
0	nM1256	33	0	800	2	1	0.015	1.720515e-02	1.455222e-01	9.059149e-01	9.057682e-01	9.057984e-01
0	cM3	50	0	800	2	1	0.004	-2.465383e-01	2.892674e-01	3.943116e-01	3.935715e-01	3.939350e-01
0	cM6	50	0	800	2	1	0.079	1.425923e-01	6.547813e-02	2.971988e-02	2.946508e-02	2.999940e-02
0	cM11	50	0	800	1	2	0.340	-2.959940e-01	3.584072e-02	6.098077e-16	5.496362e-16	7.024950e-15
0	cM41	50	0	800	2	1	0.061	-4.294012e-01	7.218505e-02	4.044235e-09	3.825217e-09	8.126459e-09
0	cM58	50	0	800	1	2	0.479	-2.129747e-01	3.459756e-02	1.182358e-09	1.114136e-09	2.624495e-09
0	cM61	50	0	800	2	1	0.011	-1.442900e-01	1.676393e-01	3.896527e-01	3.889106e-01	3.892794e-01
0	nM19	50	0	800	2	1	0.006	-1.531236e-01	2.243839e-01	4.951727e-01	4.944976e-01	4.947588e-01
0	nM44	50	0	800	2	1	0.004	-2.072402e-02	2.893981e-01	9.429296e-01	9.428404e-01	9.428585e-01
0	nM75	50	0	800	2	1	0.009	1.806387e-01	1.898257e-01	3.415866e-01	3.408311e-01	3.412563e-01
0	nM93	50	0	800	2	1	0.006	-3.160548e-01	2.241703e-01	1.589627e-01	1.583111e-01	1.589595e-01
0	nM126	50	0	800	2	1	0.004	-1.564253e-01	2.893461e-01	5.889226e-01	5.883393e-01	5.885245e-01
0	nM134	50	0	800	2	1	0.184	-4.233467e-02	4.564968e-02	3.540089e-01	3.532556e-01	3.536659e-01
0	nM146	50	0	800	2	1	0.046	7.198272e-02	8.418310e-02	3.927673e-01	3.920265e-01	3.923918e-01
0	nM171	50	0	800	2	1	0.005	-1.267956e-01	2.507442e-01	6.132230e-01	6.126672e-01	6.128355e-01
0	nM188	50	0	800	2	1	0.010	-3.430464e-01	1.773633e-01	5.344849e-02	5.307578e-02	5.370771e-02
0	nM197	50	0	800	2	1	0.004	1.612402e-01	2.893428e-01	5.775036e-01	5.769078e-01	5.771013e-01
0	nM248	50	0	800	2	1	0.154	4.162239e-02	4.901668e-02	3.960539e-01	3.953146e-01	3.956762e-01
0	nM269	50	0	800	2	1	0.006	-3.967389e-01	2.240095e-01	7.692897e-02	7.646769e-02	7.713836e-02
0	nM285	50	0	800	2	1	0.005	2.742779e-02	2.507824e-01	9.129374e-01	9.128016e-01	9.128295e-01
0	nM310	50	0	800	2	1	0.084	1.754315e-02	6.385237e-02	7.835829e-01	7.832524e-01	7.833286e-01
0	nM325	50	0	800	2	1	0.004	6.327902e-02	2.893904e-01	8.269683e-01	8.267017e-01	8.267602e-01
0	nM335	50	0	800	2	1	0.090	-3.036396e-02	6.180012e-02	6.233315e-01	6.227876e-01	6.229492e-01
0	nM346	50	0	800	2	1	0.006	2.258983e-01	2.243068e-01	3.141944e-01	3.134372e-01	3.138963e-01
0	nM354	50	0	800	2	1	0.016	-1.631223e-01	1.397841e-01	2.435753e-01	2.428379e-01	2.433874e-01
0	nM381	50	0	800	2	1	0.013	9.207887e-02	1.591777e-01	5.631129e-01	5.625018e-01	5.627062e-01
0	nM412	50	0	800	2	1	0.011	9.399845e-02	1.676841e-01	5.752490e-01	5.746507e-01	5.748459e-01
0	nM424	50	0	800	2	1	0.145	-7.915615e-02	5.015951e-02	1.149416e-01	1.143741e-01	1.150526e-01
0	nM467	50	0	800	2	1	0.004	7.921400e-03	2.893989e-01	9.781699e-01	9.781358e-01	9.781426e-01
0	nM476	50	0	800	2	1	0.069	5.027767e-02	6.988543e-02	4.720867e-01	4.713932e-01	4.716759e-01
0	nM500	50	0	800	2	1	0.056	-5.020762e-02	7.675219e-02	5.132022e-01	5.125426e-01	5.127878e-01
0	nM510	50	0	800	2	1	0.004	8.819457e-01	2.877101e-01	2.247053e-03	2.211465e-03	2.353815e-03
0	nM518	50	0	800	2	1	0.016	2.675526e-02	1.399001e-01	8.483819e-01	8.481473e-01	8.481978e-01
0	nM587	50	0	800	2	1	0.036	2.016046e-01	9.436747e-02	3.295221e-02	3.267903e-02	3.323233e-02
0	nM645	50	0	800	2	1	0.037	-1.214210e-01	9.300743e-02	1.920996e-01	1.914044e-01	1.920175e-01
0	nM661	50	0	800	2	1	0.004	-6.706218e-01	2.884237e-01	2.031511e-02	2.011959e-02	2.058182e-02
0	nM700	50	0	800	2	1	0.138	-3.306800e-02	5.135151e-02	5.197905e-01	5.191369e-01	5.193764e-01
0	nM703	50	0	800	2	1	0.026	2.199274e-01	1.103648e-01	4.663114e-02	4.628874e-02	4.690082e-02
0	nM713	50	0	800	2	1	0.005	1.808674e-01	2.507026e-01	4.708489e-01	4.701545e-01	4.704384e-01
0	nM721	50	0	800	2	1	0.007	2.638082e-01	2.048095e-01	1.980963e-01	1.973947e-01	1.980008e-01
0	nM727	50	0	800	2	1	0.034	-7.443026e-03	9.795209e-02	9.394490e-01	9.393543e-01	9.393735e-01
0	nM754	50	0	800	2	1	0.019	1.067328e-01	1.303539e-01	4.131493e-01	4.124181e-01	4.127609e-01
0	nM768	50	0	800	2	1	0.010	-2.755259e-01	1.775108e-01	1.210194e-01	1.204381e-01	1.211143e-01
0	nM774	50	0	800	2	1	0.004	-3.966559e-01	2.890582e-01	1.703758e-01	1.697075e-01	1.703445e-01
0	nM778	50	0	800	2	1	0.005	-3.223818e-01	2.505245e-01	1.985277e-01	1.978257e-01	1.984313e-01
0	nM782	50	0	800	2	1	0.054	-1.001883e-01	7.835384e-02	2.013869e-01	2.006820e-01	2.012842e-01
0	nM785	50	0	800	2	1	0.060	8.096965e-02	7.442787e-02	2.769702e-01	2.762186e-01	2.767251e-01
0	nM818	50	0	800	2	1	0.015	1.044157e-01	1.454766e-01	4.731219e-01	4.724291e-01	4.727108e-01
0	nM828	50	0	800	2	1	0.110	2.520512e-02	5.652642e-02	6.557906e-01	6.552863e-01	6.554275e-01
0	nM831	50	0	800	2	1	0.019	1.680402e-01	1.302729e-01	1.974560e-01	1.967550e-01	1.973619e-01
0	nM899	50	0	800	2	1	0.184	-2.112905e-02	4.566815e-02	6.437307e-01	6.432115e-01	6.433601e-01
0	nM902	50	0	800	2	1	0.251	4.662184e-02	4.074925e-02	2.529188e-01	2.521764e-01	2.527140e-01
0	nM909	50	0	800	2	1	0.011	-2.790547e-01	1.674260e-01	9.595957e-02	9.544038e-02	9.612084e-02
0	nM945	50	0	800	2	1	0.018	6.923700e-02	1.348776e-01	6.078612e-01	6.072993e-01	6.074712e-01
0	nM959	50	0	800	2	1	0.028	-6.170214e-02	1.081427e-01	5.684570e-01	5.678515e-01	5.680518e-01
0	nM974	50	0	800	2	1	0.030	-9.798132e-02	1.036352e-01	3.447182e-01	3.439632e-01	3.443847e-01
0	nM998	50	0	800	2	1	0.005	6.604774e-01	2.496921e-01	8.325629e-03	8.224727e-03	8.528336e-03
0	nM1004	50	0	800	2	1	0.051	3.427253e-02	8.020924e-02	6.692841e-01	6.687970e-01	6.689302e-01
0	nM1052	50	0	800	2	1	0.005	-3.697204e-01	2.504426e-01	1.402664e-01	1.396463e-01	1.403108e-01
0	nM1073	50	0	800	2	1	0.014	-6.829652e-03	1.518978e-01	9.641487e-01	9.640926e-01	9.641039e-01
0	nM1078	50	0	800	2	1	0.005	3.421376e-01	2.504917e-01	1.723664e-01	1.716954e-01	1.723304e-01
0	nM1124	50	0	800	2	1	0.013	1.606352e-02	1.592101e-01	9.196591e-01	9.195337e-01	9.195593e-01
0	nM1132	50	0	800	2	1	0.125	-1.258269e-01	5.329993e-02	1.847846e-02	1.829576e-02	1.873999e-02
0	nM1137	50	0	800	2	1	0.004	2.498971e-01	2.892638e-01	3.878984e-01	3.871557e-01	3.875264e-01
0	nM1152	50	0	800	2	1	0.037	-4.821768e-02	9.309105e-02	6.046279e-01	6.040623e-01	6.042364e-01
0	nM1179	50	0	800	2	1	0.014	-2.442669e-01	1.516517e-01	1.076384e-01	1.070885e-01	1.077689e-01
0	nM1202	50	0	800	2	1	0.335	1.155390e-02	3.747467e-02	7.579252e-01	7.575580e-01	7.576455e-01
0	nM1206	50	0	800	2	1	0.009	1.204264e-01	1.898855e-01	5.261287e-01	5.254810e-01	5.257152e-01
0	nM1216	50	0	800	2	1	0.026	-4.992012e-02	1.106250e-01	6.519280e-01	6.514190e-01	6.515625e-01
0	nM1246	50	0	800	2	1	0.140	4.885919e-03	5.097781e-02	9.236685e-01	9.235493e-01	9.235736e-01
0	nM1253	50	0	800	2	1	0.062	1.760808e-01	7.280909e-02	1.581220e-02	1.564899e-02	1.606397e-02
0	nM1086	60	0	800	2	1	0.010	1.527385e-01	1.776963e-01	3.902963e-01	3.895545e-01	3.899225e-01
0	cM27	67	0	800	2	1	0.006	6.288259e-02	2.244383e-01	7.794138e-01	7.790773e-01	7.791553e-01
0	cM72	67	0	800	1	2	0.030	3.247374e-02	1.036869e-01	7.542178e-01	7.538453e-01	7.539346e-01
0	nM6	67	0	800	2	1	0.154	6.823396e-02	4.897930e-02	1.639719e-01	1.633127e-01	1.639563e-01
0	nM15	67	0	800	2	1	0.004	-2.478400e-01	2.892660e-01	3.918186e-01	3.910774e-01	3.914438e-01
0	nM98	67	0	800	2	1	0.062	2.987293e-03	7.307534e-02	9.674021e-01	9.673511e-01	9.673613e-01
0	nM159	67	0	800	2	1	0.005	6.034892e-01	2.498727e-01	1.595097e-02	1.578672e-02	1.620333e-02
0	nM219	67	0	800	2	1	0.152	1.350311e-03	4.920304e-02	9.781127e-01	9.780785e-01	9.780853e-01
0	nM298	67	0	800	2	1	0.004	2.427277e-01	2.892715e-01	4.016645e-01	4.009277e-01	4.012831e-01
0	nM375	67	0	800	2	1	0.018	1.857046e-01	1.347396e-01	1.685131e-01	1.678474e-01	1.684864e-01
0	nM450	67	0	800	2	1	0.016	-2.371658e-02	1.399008e-01	8.654272e-01	8.652185e-01	8.652627e-01
0	nM485	67	0	800	2	1	0.011	-2.206811e-01	1.675351e-01	1.881419e-01	1.874511e-01	1.880688e-01
0	nM604	67	0	800	2	1	0.007	-5.829043e-02	2.050119e-01	7.762335e-01	7.758924e-01	7.759718e-01
0	nM796	67	0	800	2	1	0.029	-2.830332e-02	1.058505e-01	7.892384e-01	7.889161e-01	7.889899e-01
0	nM835	67	0	800	2	1	0.026	4.673776e-02	1.106267e-01	6.727873e-01	6.723047e-01	6.724359e-01
0	nM840	67	0	800	2	1	0.006	3.714367e-01	2.240639e-01	9.776563e-02	9.724148e-02	9.792218e-02
0	nM885	67	0	800	2	1	0.015	-1.750469e-01	1.453915e-01	2.289584e-01	2.282302e-01	2.287984e-01
0	nM1009	67	0	800	2	1	0.031	-5.969115e-02	1.016418e-01	5.571886e-01	5.565714e-01	5.567803e-01
0	nM1029	67	0	800	2	1	0.010	6.841682e-02	1.777620e-01	7.004298e-01	6.999834e-01	7.000994e-01
0	nM1034	67	0	800	2	1	0.015	-6.742509e-02	1.455039e-01	6.432111e-01	6.426913e-01	6.428401e-01
0	nM1062	67	0	800	2	1	0.009	2.184260e-01	1.897759e-01	2.500903e-01	2.493493e-01	2.498905e-01
0	nM1212	67	0	800	2	1	0.024	1.234881e-01	1.160852e-01	2.877541e-01	2.869999e-01	2.874925e-01
0	nM1257	67	0	800	2	1	0.089	-6.179155e-02	6.216204e-02	3.205048e-01	3.197475e-01	3.201987e-01
0	nM45	75	0	800	2	1	0.009	9.831817e-02	1.899015e-01	6.047884e-01	6.042229e-01	6.043970e-01
0	nM189	75	0	800	2	1	0.011	-7.178137e-03	1.677169e-01	9.658724e-01	9.658190e-01	9.658297e-01
0	nM429	75	0	800	2	1	0.006	-7.739696e-02	2.244326e-01	7.302934e-01	7.298875e-01	7.299882e-01
0	nM468	75	0	800	2	1	0.077	-7.874883e-02	6.609627e-02	2.338406e-01	2.331091e-01	2.336710e-01
0	nM511	75	0	800	2	1	0.029	1.492264e-01	1.057234e-01	1.584931e-01	1.578422e-01	1.584911e-01
0	nM1125	75	0	800	2	1	0.018	1.511886e-01	1.347937e-01	2.623575e-01	2.616109e-01	2.621363e-01
0	nM1087	80	0	800	2	1	0.010	-2.082090e-01	1.776257e-01	2.414751e-01	2.407389e-01	2.412911e-01
0	cM7	100	0	800	2	1	0.043	4.199143e-01	8.641743e-02	1.419454e-06	1.366690e-06	1.942523e-06
0	cM16	100	0	800	2	1	0.025	7.972474e-01	1.097273e-01	8.840591e-13	8.148755e-13	3.996085e-12
0	cM19	100	0	800	2	1	0.412	5.079988e-01	3.110819e-02	6.165990e-52	4.301084e-52	9.501807e-41
0	cM30	100	0	800	2	1	0.010	4.380494e-01	1.771010e-01	1.358890e-02	1.344290e-02	1.383006e-02
0	cM33	100	0	800	2	1	0.163	2.225009e-01	4.729746e-02	3.001854e-06	2.896805e-06	3.954060e-06
0	cM39	100	0	800	2	1	0.026	-2.711354e-01	1.102220e-01	1.410842e-02	1.395831e-02	1.435229e-02
0	cM42	100	0	800	2	1	0.059	3.192732e-01	7.436731e-02	1.977874e-05	1.919501e-05	2.392648e-05
0	cM44	100	0	800	2	1	0.005	-1.924639e-01	2.506918e-01	4.428739e-01	4.421600e-01	4.424715e-01
0	cM46	100	0	800	1	2	0.031	-1.071100e-01	1.015930e-01	2.920624e-01	2.913073e-01	2.917945e-01
0	cM49	100	0	800	2	1	0.010	-8.920429e-01	1.749515e-01	4.272244e-07	4.098531e-07	6.248121e-07
0	cM55	100	0	800	1	2	0.041	-4.558527e-01	8.747114e-02	2.387644e-07	2.286526e-07	3.614395e-07
0	cM62	100	0	800	2	1	0.025	3.877109e-01	1.124642e-01	5.956067e-04	5.839036e-04	6.431271e-04
0	cM73	100	0	800	2	1	0.020	1.012600e-01	1.262973e-01	4.229308e-01	4.222049e-01	4.225372e-01
0	cM76	100	0	800	2	1	0.089	4.857768e-01	5.977617e-02	1.677511e-15	1.516708e-15	1.675449e-14
0	cM78	100	0	800	1	2	0.362	-3.688506e-01	3.440160e-02	3.768121e-25	3.181022e-25	2.098287e-22
0	nM7	100	0	800	2	1	0.056	-4.016682e-02	7.675960e-02	6.009241e-01	6.003542e-01	6.005309e-01
0	nM10	100	0	800	2	1	0.029	-1.638555e-01	1.056962e-01	1.214781e-01	1.208959e-01	1.215719e-01
0	nM27	100	0	800	2	1	0.004	5.027120e-01	2.888514e-01	8.217728e-02	8.169895e-02	8.237380e-02
0	nM37	100	0	800	2	1	0.010	-2.839360e-01	1.774942e-01	1.100627e-01	1.095069e-01	1.101868e-01
0	nM46	100	0	800	2	1	0.059	-5.507652e-02	7.519597e-02	4.641152e-01	4.634158e-01	4.637062e-01
0	nM49	100	0	800	2	1	0.016	-2.036863e-01	1.397173e-01	1.452766e-01	1.446476e-01	1.453081e-01
0	nM56	100	0	800	2	1	0.006	4.204541e-01	2.239553e-01	6.082761e-02	6.042465e-02	6.107301e-02
0	nM59	100	0	800	2	1	0.005	6.480074e-01	2.497330e-01	9.638322e-03	9.525482e-03	9.852877e-03
0	nM69	100	0	800	2	1	0.004	8.613590e-01	2.877882e-01	2.847419e-03	2.804247e-03	2.969028e-03
0	nM71	100	0	800	2	1	0.071	1.163573e-01	6.863956e-02	9.042887e-02	8.992544e-02	9.060449e-02
0	nM73	100	0	800	2	1	0.013	8.862352e-02	1.591802e-01	5.778546e-01	5.772591e-01	5.774523e-01
0	nM76	100	0	800	2	1	0.009	9.013370e-02	1.899066e-01	6.351868e-01	6.346572e-01	6.348111e-01
0	nM87	100	0	800	2	1	0.007	-1.792639e-01	2.049240e-01	3.819556e-01	3.812106e-01	3.815881e-01
0	nM91	100	0	800	2	1	0.005	4.217698e-01	2.503395e-01	9.241987e-02	9.191067e-02	9.259035e-02
0	nM94	100	0	800	2	1	0.040	-1.629184e-01	9.008305e-02	7.089948e-02	7.045891e-02	7.112307e-02
0	nM99	100	0	800	2	1	0.004	2.288427e-01	2.892857e-01	4.291433e-01	4.284209e-01	4.287466e-01
0	nM114	100	0	800	2	1	0.007	1.590701e-01	2.049449e-01	4.378845e-01	4.371674e-01	4.374841e-01
0	nM117	100	0	800	2	1	0.025	-1.297834e-01	1.132054e-01	2.519561e-01	2.512142e-01	2.517530e-01
0	nM127	100	0	800	2	1	0.004	-2.749836e-01	2.892353e-01	3.420312e-01	3.412757e-01	3.417004e-01
0	nM137	100	0	800	2	1	0.030	-3.573812e-02	1.036855e-01	7.304273e-01	7.300216e-01	7.301222e-01
0	nM140	100	0	800	2	1	0.084	5.837497e-02	6.382194e-02	3.606497e-01	3.598981e-01	3.603004e-01
0	nM147	100	0	800	2	1	0.092	9.007034e-02	6.096909e-02	1.399867e-01	1.393671e-01	1.400318e-01
0	nM163	100	0	800	2	1	0.007	-2.769832e-01	2.047877e-01	1.765863e-01	1.759097e-01	1.765402e-01
0	nM172	100	0	800	2	1	0.004	-4.034026e-01	2.890465e-01	1.632136e-01	1.625555e-01	1.631998e-01
0	nM175	100	0	800	2	1	0.005	-1.945851e-01	2.506897e-01	4.378614e-01	4.371442e-01	4.374609e-01
0	nM178	100	0	800	2	1	0.013	-1.038551e-04	1.592111e-01	9.994797e-01	9.994789e-01	9.994790e-01
0	nM184	100	0	800	2	1	0.015	1.718059e-01	1.453964e-01	2.377014e-01	2.369674e-01	2.375245e-01
0	nM190	100	0	800	2	1	0.016	1.596089e-01	1.397891e-01	2.538867e-01	2.531439e-01	2.536801e-01
0	nM198	100	0	800	2	1	0.005	2.192589e-01	2.506642e-01	3.819939e-01	3.812489e-01	3.816263e-01
0	nM207	100	0	800	2	1	0.004	4.795260e-02	2.893941e-01	8.684350e-01	8.682309e-01	8.682740e-01
0	nM216	100	0	800	2	1	0.026	-2.658070e-01	1.102382e-01	1.612485e-02	1.595930e-02	1.637792e-02
0	nM220	100	0	800	2	1	0.024	-1.764781e-01	1.159994e-01	1.285628e-01	1.279656e-01	1.286378e-01
0	nM222	100	0	800	2	1	0.079	6.270451e-02	6.563488e-02	3.396882e-01	3.389325e-01	3.393600e-01
0	nM242	100	0	800	2	1	0.005	-8.970826e-03	2.507841e-01	9.714738e-01	9.714292e-01	9.714381e-01
0	nM249	100	0	800	2	1	0.013	-6.761677e-02	1.591931e-01	6.711357e-01	6.706510e-01	6.707832e-01
0	nM252	100	0	800	2	1	0.007	5.752778e-02	2.050122e-01	7.790848e-01	7.787479e-01	7.788260e-01
0	nM260	100	0	800	2	1	0.005	-4.256266e-02	2.507798e-01	8.652724e-01	8.650634e-01	8.651077e-01
0	nM274	100	0	800	2	1	0.009	1.120013e-01	1.898920e-01	5.554813e-01	5.548623e-01	5.550726e-01
0	nM277	100	0	800	2	1	0.004	-1.046526e-01	2.893754e-01	7.177094e-01	7.172862e-01	7.173932e-01
0	nM281	100	0	800	2	1	0.054	7.373031e-02	7.839063e-02	3.472201e-01	3.464656e-01	3.468840e-01
0	nM286	100	0	800	2	1	0.013	-2.076577e-01	1.590413e-01	1.920362e-01	1.913411e-01	1.919543e-01
0	nM299	100	0	800	2	1	0.007	-6.536647e-02	2.050092e-01	7.499264e-01	7.495478e-01	7.496391e-01
0	nM305	100	0	800	2	1	0.058	8.979581e-03	7.598337e-02	9.059562e-01	9.058096e-01	9.058398e-01
0	nM311	100	0	800	2	1	0.005	2.289793e-01	2.506533e-01	3.612397e-01	3.604882e-01	3.608898e-01
0	nM320	100	0	800	2	1	0.022	3.418545e-02	1.192683e-01	7.744727e-01	7.741291e-01	7.742093e-01
0	nM341	100	0	800	2	1	0.021	1.034243e-01	1.225993e-01	3.991480e-01	3.984100e-01	3.987682e-01
0	nM347	100	0	800	2	1	0.005	5.820958e-02	2.507759e-01	8.165059e-01	8.162237e-01	8.162863e-01
0	nM352	100	0	800	2	1	0.036	4.138504e-02	9.462561e-02	6.619718e-01	6.614754e-01	6.616129e-01
0	nM370	100	0	800	2	1	0.009	-3.106125e-01	1.896148e-01	1.017902e-01	1.012552e-01	1.019362e-01
0	nM376	100	0	800	2	1	0.045	1.828666e-02	8.532504e-02	8.303541e-01	8.300925e-01	8.301497e-01
0	nM382	100	0	800	2	1	0.010	-6.288317e-01	1.763794e-01	3.851786e-04	3.771260e-04	4.207889e-04
0	nM385	100	0	800	2	1	0.005	-1.986525e-01	2.506857e-01	4.283417e-01	4.276188e-01	4.279454e-01
0	nM387	100	0	800	2	1	0.114	-3.037978e-02	5.570089e-02	5.856245e-01	5.850375e-01	5.852250e-01
0	nM397	100	0	800	2	1	0.004	-2.744208e-01	2.892360e-01	3.430206e-01	3.422654e-01	3.426888e-01
0	nM403	100	0	800	2	1	0.059	-7.140282e-02	7.517876e-02	3.425147e-01	3.417594e-01	3.421835e-01
0	nM405	100	0	800	2	1	0.007	-8.600257e-02	2.049997e-01	6.749451e-01	6.744652e-01	6.745952e-01
0	nM413	100	0	800	2	1	0.034	-9.179307e-02	9.789853e-02	3.487158e-01	3.479615e-01	3.483781e-01
0	nM416	100	0	800	2	1	0.004	2.855443e-01	2.892225e-01	3.238034e-01	3.230462e-01	3.234933e-01
0	nM418	100	0	800	2	1	0.016	-1.126943e-01	1.398464e-01	4.205730e-01	4.198458e-01	4.201806e-01
0	nM425	100	0	800	2	1	0.011	1.568728e-01	1.676252e-01	3.496311e-01	3.488770e-01	3.492925e-01
0	nM432	100	0	800	2	1	0.021	-6.810684e-02	1.226303e-01	5.787880e-01	5.781935e-01	5.783861e-01
0	nM442	100	0	800	2	1	0.004	-3.495128e-01	2.891345e-01	2.270883e-01	2.263615e-01	2.269320e-01
0	nM447	100	0	800	2	1	0.009	-8.190761e-02	1.899112e-01	6.663710e-01	6.658802e-01	6.660151e-01
0	nM451	100	0	800	2	1	0.011	8.361627e-02	1.676910e-01	6.181754e-01	6.176254e-01	6.177904e-01
0	nM459	100	0	800	2	1	0.013	-4.599860e-02	1.592028e-01	7.727093e-01	7.723631e-01	7.724441e-01
0	nM477	100	0	800	2	1	0.020	-1.912011e-02	1.263463e-01	8.797529e-01	8.795660e-01	8.796052e-01
0	nM481	100	0	800	2	1	0.013	-1.362552e-01	1.591380e-01	3.921398e-01	3.913988e-01	3.917648e-01
0	nM486	100	0	800	2	1	0.034	2.026147e-02	9.794982e-02	8.361754e-01	8.359225e-01	8.359775e-01
0	nM488	100	0	800	2	1	0.049	-3.780980e-02	8.213053e-02	6.453816e-01	6.448644e-01	6.450120e-01
0	nM491	100	0	800	2	1	0.071	4.770651e-03	6.876283e-02	9.447059e-01	9.446194e-01	9.446369e-01
0	nM498	100	0	800	2	1	0.014	2.233252e-01	1.516921e-01	1.413540e-01	1.407319e-01	1.413955e-01
0	nM501	100	0	800	2	1	0.020	9.053183e-02	1.263075e-01	4.737335e-01	4.730412e-01	4.733224e-01
0	nM506	100	0	800	2	1	0.043	7.740617e-02	8.764374e-02	3.773991e-01	3.766524e-01	3.770352e-01
0	nM519	100	0	800	2	1	0.006	2.330154e-01	2.242977e-01	2.991815e-01	2.984254e-01	2.989035e-01
0	nM531	100	0	800	2	1	0.024	-9.902305e-02	1.161146e-01	3.940236e-01	3.932833e-01	3.936472e-01
0	nM535	100	0	800	2	1	0.007	-4.190442e-02	2.050169e-01	8.380970e-01	8.378470e-01	8.379012e-01
0	nM545	100	0	800	2	1	0.007	3.159684e-01	2.047169e-01	1.231204e-01	1.225346e-01	1.232097e-01
0	nM547	100	0	800	2	1	0.068	-1.360543e-01	7.034042e-02	5.343851e-02	5.306584e-02	5.369775e-02
0	nM553	100	0	800	2	1	0.015	1.554283e-01	1.454195e-01	2.854706e-01	2.847169e-01	2.852125e-01
0	nM563	100	0	800	2	1	0.164	2.328505e-02	4.779403e-02	6.262534e-01	6.257130e-01	6.258727e-01
0	nM583	100	0	800	2	1	0.019	-5.325506e-02	1.303950e-01	6.830799e-01	6.826106e-01	6.827360e-01
0	nM588	100	0	800	2	1	0.045	-1.158363e-01	8.522891e-02	1.744926e-01	1.738187e-01	1.744515e-01
0	nM592	100	0	800	2	1	0.013	-6.163024e-02	1.591962e-01	6.987602e-01	6.983116e-01	6.984284e-01
0	nM594	100	0	800	2	1	0.011	-5.524822e-01	1.665729e-01	9.518720e-04	9.344531e-04	1.015959e-03
0	nM607	100	0	800	2	1	0.009	2.871863e-01	1.896611e-01	1.303691e-01	1.297681e-01	1.304393e-01
0	nM616	100	0	800	2	1	0.016	1.590481e-01	1.397899e-01	2.555600e-01	2.548164e-01	2.553505e-01
0	nM634	100	0	800	2	1	0.013	2.152218e-01	1.590287e-01	1.763266e-01	1.756503e-01	1.762811e-01
0	nM649	100	0	800	2	1	0.031	-1.454342e-01	1.015333e-01	1.524268e-01	1.517856e-01	1.524401e-01
0	nM665	100	0	800	2	1	0.091	-5.970639e-02	6.139048e-02	3.310629e-01	3.303062e-01	3.307443e-01
0	nM670	100	0	800	2	1	0.176	-1.519573e-03	4.642312e-02	9.738956e-01	9.738547e-01	9.738629e-01
0	nM677	100	0	800	2	1	0.036	-1.175233e-01	9.454546e-02	2.142199e-01	2.135032e-01	2.140898e-01
0	nM681	100	0	800	2	1	0.006	4.834934e-01	2.237958e-01	3.103706e-02	3.077466e-02	3.131700e-02
0	nM685	100	0	800	2	1	0.104	3.048360e-02	5.799802e-02	5.993141e-01	5.987423e-01	5.989202e-01
0	nM689	100	0	800	2	1	0.004	-7.717973e-02	2.893862e-01	7.897679e-01	7.894464e-01	7.895200e-01
0	nM692	100	0	800	2	1	0.007	3.897485e-01	2.045575e-01	5.709705e-02	5.670908e-02	5.734972e-02
0	nM694	100	0	800	2	1	0.224	-3.212747e-02	4.242859e-02	4.491460e-01	4.484362e-01	4.487414e-01
0	nM697	100	0	800	2	1	0.006	-3.198276e-02	2.244465e-01	8.867241e-01	8.865479e-01	8.865846e-01
0	nM704	100	0	800	2	1	0.005	2.177030e-01	2.506659e-01	3.853824e-01	3.846387e-01	3.850123e-01
0	nM711	100	0	800	2	1	0.010	1.673494e-01	1.776798e-01	3.465497e-01	3.457950e-01	3.462142e-01
0	nM714	100	0	800	2	1	0.129	2.036383e-02	5.280943e-02	6.998884e-01	6.994413e-01	6.995575e-01
0	nM717	100	0	800	2	1	0.070	-1.001339e-01	6.923696e-02	1.484998e-01	1.478652e-01	1.485230e-01
0	nM722	100	0	800	2	1	0.014	3.302513e-02	1.518935e-01	8.279343e-01	8.276691e-01	8.277273e-01
0	nM728	100	0	800	2	1	0.007	-9.164649e-02	2.049966e-01	6.549506e-01	6.544453e-01	6.545870e-01
0	nM732	100	0	800	2	1	0.092	3.278918e-02	6.104137e-02	5.913046e-01	5.907239e-01	5.909074e-01
0	nM734	100	0	800	2	1	0.009	-1.165057e-01	1.898886e-01	5.396892e-01	5.390544e-01	5.392773e-01
0	nM738	100	0	800	2	1	0.014	2.245179e-01	1.516899e-01	1.392383e-01	1.386202e-01	1.392854e-01
0	nM740	100	0	800	2	1	0.061	1.209469e-01	7.364380e-02	1.009171e-01	1.003845e-01	1.010654e-01
0	nM748	100	0	800	2	1	0.025	-3.957509e-03	1.132985e-01	9.721444e-01	9.721007e-01	9.721095e-01
0	nM757	100	0	800	2	1	0.013	1.883497e-03	1.592111e-01	9.905641e-01	9.905493e-01	9.905522e-01
0	nM765	100	0	800	2	1	0.018	1.136768e-01	1.348399e-01	3.994529e-01	3.987150e-01	3.990728e-01
0	nM772	100	0	800	2	1	0.031	2.672639e-02	1.016593e-01	7.926943e-01	7.923771e-01	7.924494e-01
0	nM779	100	0	800	2	1	0.016	2.992821e-01	1.395016e-01	3.222464e-02	3.195552e-02	3.250475e-02
0	nM786	100	0	800	2	1	0.014	6.453168e-03	1.518978e-01	9.661238e-01	9.660708e-01	9.660814e-01
0	nM797	100	0	800	2	1	0.043	-1.208109e-02	8.768553e-02	8.904510e-01	8.902806e-01	8.903160e-01
0	nM799	100	0	800	2	1	0.018	-6.413080e-02	1.348808e-01	6.345873e-01	6.340569e-01	6.342112e-01
0	nM813	100	0	800	2	1	0.035	2.174699e-01	9.594131e-02	2.367560e-02	2.345777e-02	2.394920e-02
0	nM819	100	0	800	2	1	0.034	2.582412e-03	9.795240e-02	9.789736e-01	9.789407e-01	9.789473e-01
0	nM826	100	0	800	2	1	0.058	6.352189e-02	7.595075e-02	4.032048e-01	4.024687e-01	4.028224e-01
0	nM829	100	0	800	2	1	0.005	3.007297e-02	2.507821e-01	9.045793e-01	9.044306e-01	9.044612e-01
0	nM857	100	0	800	2	1	0.043	-2.639987e-01	8.718714e-02	2.541412e-03	2.502056e-03	2.655725e-03
0	nM863	100	0	800	2	1	0.022	-7.025106e-03	1.192742e-01	9.530474e-01	9.529740e-01	9.529888e-01
0	nM868	100	0	800	2	1	0.007	1.622999e-01	2.049418e-01	4.286358e-01	4.279131e-01	4.282394e-01
0	nM873	100	0	800	2	1	0.094	-1.216380e-02	6.068430e-02	8.411845e-01	8.409391e-01	8.409922e-01
0	nM886	100	0	800	2	1	0.014	2.029746e-02	1.518963e-01	8.937311e-01	8.935657e-01	8.936000e-01
0	nM892	100	0	800	2	1	0.100	1.291966e-02	5.896070e-02	8.266101e-01	8.263429e-01	8.264016e-01
0	nM900	100	0	800	2	1	0.011	5.556778e-02	1.677056e-01	7.404737e-01	7.400820e-01	7.401777e-01
0	nM903	100	0	800	2	1	0.024	2.581870e-01	1.158074e-01	2.606145e-02	2.582859e-02	2.633825e-02
0	nM910	100	0	800	2	1	0.024	1.275092e-01	1.160798e-01	2.723343e-01	2.715841e-01	2.720966e-01
0	nM916	100	0	800	2	1	0.007	1.818608e-01	2.049212e-01	3.750948e-01	3.743474e-01	3.747328e-01
0	nM920	100	0	800	2	1	0.014	-2.994131e-01	1.515278e-01	4.850312e-02	4.815215e-02	4.877019e-02
0	nM924	100	0	800	2	1	0.033	1.647524e-02	9.975217e-02	8.688585e-01	8.686550e-01	8.686980e-01
0	nM929	100	0	800	2	1	0.010	1.167597e-01	1.777305e-01	5.114038e-01	5.107426e-01	5.109894e-01
0	nM936	100	0	800	2	1	0.013	8.343836e-02	1.591837e-01	6.003101e-01	5.997395e-01	5.999166e-01
0	nM938	100	0	800	2	1	0.039	-4.432681e-02	9.163877e-02	6.287226e-01	6.281852e-01	6.283433e-01
0	nM941	100	0	800	2	1	0.004	-1.383383e-01	2.893576e-01	6.327188e-01	6.321862e-01	6.323417e-01
0	nM946	100	0	800	2	1	0.004	8.965886e-01	2.876534e-01	1.893104e-03	1.862194e-03	1.989962e-03
0	nM949	100	0	800	2	1	0.033	-1.867347e-01	9.953461e-02	6.100939e-02	6.060571e-02	6.125442e-02
0	nM954	100	0	800	2	1	0.039	-8.578250e-02	9.160188e-02	3.493141e-01	3.485599e-01	3.489758e-01
0	nM970	100	0	800	2	1	0.022	3.102052e-02	1.192694e-01	7.948630e-01	7.945490e-01	7.946204e-01
0	nM975	100	0	800	2	1	0.102	-2.015953e-02	5.831567e-02	7.296618e-01	7.292551e-01	7.293560e-01
0	nM986	100	0	800	2	1	0.166	-1.878928e-02	4.750678e-02	6.925742e-01	6.921174e-01	6.922376e-01
0	nM999	100	0	800	2	1	0.018	-1.661530e-01	1.347716e-01	2.179952e-01	2.172754e-01	2.178573e-01
0	nM1005	100	0	800	2	1	0.029	9.753759e-02	1.057989e-01	3.568518e-01	3.560992e-01	3.565060e-01
0	nM1010	100	0	800	2	1	0.011	6.037022e-02	1.677035e-01	7.189560e-01	7.185346e-01	7.186409e-01
0	nM1018	100	0	800	2	1	0.033	9.745931e-02	9.969419e-02	3.285771e-01	3.278202e-01	3.282613e-01
0	nM1022	100	0	800	2	1	0.006	4.749195e-02	2.244431e-01	8.324738e-01	8.322154e-01	8.322718e-01
0	nM1035	100	0	800	2	1	0.034	-1.023897e-01	9.788536e-02	2.958701e-01	2.951144e-01	2.955967e-01
0	nM1045	100	0	800	2	1	0.036	-7.501011e-02	9.459969e-02	4.280594e-01	4.273363e-01	4.276632e-01
0	nM1047	100	0	800	2	1	0.005	-1.449743e-01	2.507318e-01	5.632890e-01	5.626780e-01	5.628823e-01
0	nM1057	100	0	800	2	1	0.054	-6.460421e-02	7.840072e-02	4.101712e-01	4.094384e-01	4.097845e-01
0	nM1066	100	0	800	2	1	0.011	2.272278e-02	1.677152e-01	8.922631e-01	8.920955e-01	8.921303e-01
0	nM1070	100	0	800	2	1	0.113	-1.344516e-01	5.577777e-02	1.615637e-02	1.599059e-02	1.640958e-02
0	nM1076	100	0	800	2	1	0.018	-5.135304e-02	1.348877e-01	7.035200e-01	7.030777e-01	7.031920e-01
0	nM1079	100	0	800	2	1	0.006	-2.279086e-01	2.243043e-01	3.099046e-01	3.091475e-01	3.096120e-01
0	nM1091	100	0	800	2	1	0.084	-9.674187e-02	6.376349e-02	1.296126e-01	1.290132e-01	1.296848e-01
0	nM1114	100	0	800	2	1	0.004	4.044897e-01	2.890446e-01	1.620810e-01	1.614246e-01	1.620701e-01
0	nM1116	100	0	800	2	1	0.050	-8.024380e-02	8.111179e-02	3.228168e-01	3.220596e-01	3.225079e-01
0	nM1119	100	0	800	2	1	0.031	-2.938417e-01	1.011302e-01	3.767132e-03	3.713018e-03	3.907974e-03
0	nM1128	100	0	800	2	1	0.004	3.029079e-02	2.893971e-01	9.166651e-01	9.165351e-01	9.165617e-01
0	nM1153	100	0	800	2	1	0.005	7.562535e-01	2.493513e-01	2.500744e-03	2.461902e-03	2.614046e-03
0	nM1155	100	0	800	2	1	0.004	-9.741896e-02	2.893785e-01	7.364701e-01	7.360728e-01	7.361704e-01
0	nM1157	100	0	800	2	1	0.007	-7.498076e-02	2.050051e-01	7.146480e-01	7.142207e-01	7.143292e-01
0	nM1165	100	0	800	2	1	0.004	5.784363e-01	2.886738e-01	4.543211e-02	4.509530e-02	4.570333e-02
0	nM1168	100	0	800	2	1	0.044	-4.058374e-02	8.646936e-02	6.389531e-01	6.384280e-01	6.385796e-01
0	nM1170	100	0	800	2	1	0.014	-2.555900e-01	1.516283e-01	9.225707e-02	9.174834e-02	9.242797e-02
0	nM1182	100	0	800	2	1	0.035	6.547042e-02	9.622176e-02	4.964411e-01	4.957670e-01	4.960271e-01
0	nM1193	100	0	800	2	1	0.034	-8.348101e-02	9.790786e-02	3.941100e-01	3.933698e-01	3.937335e-01
0	nM1207	100	0	800	2	1	0.013	-5.276485e-02	1.592002e-01	7.404013e-01	7.400094e-01	7.401052e-01
0	nM1213	100	0	800	2	1	0.086	9.830881e-02	6.291298e-02	1.185395e-01	1.179638e-01	1.186410e-01
0	nM1233	100	0	800	2	1	0.045	-7.993474e-02	8.528056e-02	3.488802e-01	3.481259e-01	3.485423e-01
0	nM1238	100	0	800	2	1	0.051	-5.388473e-02	8.019574e-02	5.018322e-01	5.011626e-01	5.014179e-01
0	nM1247	100	0	800	2	1	0.065	-5.590128e-02	7.172478e-02	4.359835e-01	4.352652e-01	4.355838e-01
0	nM1251	100	0	800	2	1	0.029	1.236899e-01	1.057647e-01	2.425586e-01	2.418217e-01	2.423726e-01
0	nM1258	100	0	800	2	1	0.013	8.873537e-03	1.592108e-01	9.555673e-01	9.554977e-01	9.555118e-01
