chr	rs	ps	n_mis	n_obs	allele1	allele0	af	beta	se	p_wald	p_lrt	p_score
0	cM4	0	0	800	2	1	0.005	-4.133910e-01	2.503570e-01	9.908997e-02	9.856222e-02	9.924304e-02
0	cM5	0	0	800	2	1	0.039	5.130730e-02	9.163421e-02	5.756950e-01	5.750972e-01	5.752921e-01
0	cM7	0	0	800	2	1	0.006	1.597272e-01	2.243781e-01	4.767557e-01	4.760658e-01	4.763440e-01
0	cM10	0	0	800	2	1	0.010	1.005927e-01	1.777429e-01	5.715904e-01	5.709882e-01	5.711861e-01
0	cM11	0	0	800	2	1	0.005	-3.427330e-01	2.504907e-01	1.716200e-01	1.709500e-01	1.715858e-01
0	cM12	0	0	800	2	1	0.018	-1.019392e-01	1.348516e-01	4.499108e-01	4.492014e-01	4.495059e-01
0	cM15	0	0	800	2	1	0.282	3.322557e-01	3.748771e-02	5.009174e-18	4.448544e-18	1.199429e-16
0	cM16	0	0	800	2	1	0.068	-6.975711e-01	6.603931e-02	1.678711e-24	1.423719e-24	6.744828e-22
0	cM19	0	0	800	1	2	0.185	-5.502189e-01	4.118067e-02	6.823029e-37	5.297688e-37	4.925741e-31
0	cM21	0	0	800	2	1	0.019	-3.685133e-01	1.297546e-01	4.624981e-03	4.561240e-03	4.780972e-03
0	cM25	0	0	800	1	2	0.006	4.993008e-01	2.237523e-01	2.592580e-02	2.569377e-02	2.620245e-02
0	cM28	0	0	800	2	1	0.104	-2.048315e-02	5.800353e-02	7.240795e-01	7.236651e-01	7.237688e-01
0	cM30	0	0	800	2	1	0.060	4.495779e-02	7.446604e-02	5.461911e-01	5.455627e-01	5.457804e-01
0	cM32	0	0	800	2	1	0.004	2.745064e-01	2.892359e-01	3.428701e-01	3.421148e-01	3.425384e-01
0	cM36	0	0	800	2	1	0.092	4.278277e-01	5.914412e-02	1.103947e-12	1.018250e-12	4.865961e-12
0	cM38	0	0	800	2	1	0.005	-3.002781e-01	2.505590e-01	2.311043e-01	2.303746e-01	2.309400e-01
0	cM47	0	0	800	2	1	0.026	-1.299543e-01	1.105434e-01	2.401072e-01	2.393717e-01	2.399257e-01
0	cM50	0	0	800	2	1	0.019	-2.281736e-01	1.301583e-01	7.997788e-02	7.950659e-02	8.017984e-02
0	cM55	0	0	800	2	1	0.022	2.170742e-02	1.192719e-01	8.556295e-01	8.554059e-01	8.554536e-01
0	cM58	0	0	800	2	1	0.011	-4.983407e-01	1.667868e-01	2.895197e-03	2.851438e-03	3.017900e-03
0	cM68	0	0	800	2	1	0.026	1.064234e-02	1.106384e-01	9.233936e-01	9.232740e-01	9.232984e-01
0	cM71	0	0	800	2	1	0.014	9.953913e-02	1.518571e-01	5.123485e-01	5.116882e-01	5.119341e-01
0	cM74	0	0	800	2	1	0.004	4.903766e-01	2.888780e-01	8.998803e-02	8.948588e-02	9.016478e-02
0	nM4	0	0	800	2	1	0.074	-1.180958e-01	6.754943e-02	8.079891e-02	8.032497e-02	8.099885e-02
0	nM7	0	0	800	2	1	0.004	-3.341887e-01	2.891572e-01	2.481360e-01	2.473961e-01	2.479397e-01
0	nM8	0	0	800	2	1	0.007	-2.090715e-02	2.050210e-01	9.188016e-01	9.186749e-01	9.187008e-01
0	nM11	0	0	800	2	1	0.014	-7.561194e-03	1.518978e-01	9.603116e-01	9.602495e-01	9.602620e-01
0	nM13	0	0	800	2	1	0.007	1.281023e-01	2.049721e-01	5.321665e-01	5.315245e-01	5.317536e-01
0	nM20	0	0	800	2	1	0.041	-1.305934e-01	8.882699e-02	1.419020e-01	1.412789e-01	1.419421e-01
0	nM23	0	0	800	2	1	0.019	1.570463e-01	1.302901e-01	2.284223e-01	2.276944e-01	2.282633e-01
0	nM25	0	0	800	2	1	0.036	1.727305e-02	9.463498e-02	8.552188e-01	8.549945e-01	8.550425e-01
0	nM31	0	0	800	2	1	0.009	4.469935e-02	1.899268e-01	8.139971e-01	8.137112e-01	8.137748e-01
0	nM32	0	0	800	2	1	0.033	6.529154e-02	9.972710e-02	5.128483e-01	5.121884e-01	5.124339e-01
0	nM36	0	0	800	2	1	0.092	7.584392e-02	6.099334e-02	2.140567e-01	2.133401e-01	2.139269e-01
0	nM42	0	0	800	2	1	0.022	2.444042e-02	1.192713e-01	8.376911e-01	8.374405e-01	8.374949e-01
0	nM48	0	0	800	2	1	0.061	4.382483e-02	7.375184e-02	5.525333e-01	5.519113e-01	5.521239e-01
0	nM49	0	0	800	2	1	0.025	-1.992562e-01	1.130788e-01	7.843525e-02	7.796899e-02	7.864099e-02
0	nM50	0	0	800	2	1	0.059	9.547447e-03	7.522049e-02	8.990308e-01	8.988735e-01	8.989061e-01
0	nM60	0	0	800	2	1	0.072	-6.170336e-02	6.817863e-02	3.657253e-01	3.649750e-01	3.653713e-01
0	nM65	0	0	800	2	1	0.004	5.710964e-01	2.886921e-01	4.824745e-02	4.789764e-02	4.851489e-02
0	nM67	0	0	800	2	1	0.031	-9.475234e-02	1.016084e-01	3.513475e-01	3.505937e-01	3.510071e-01
0	nM69	0	0	800	2	1	0.011	8.991029e-02	1.676869e-01	5.919840e-01	5.914040e-01	5.915870e-01
0	nM74	0	0	800	2	1	0.006	-4.478753e-01	2.238887e-01	4.579146e-02	4.545297e-02	4.606223e-02
0	nM77	0	0	800	2	1	0.100	9.027967e-02	5.887580e-02	1.255757e-01	1.249846e-01	1.256586e-01
0	nM87	0	0	800	2	1	0.050	-8.284635e-03	8.116099e-02	9.187215e-01	9.185947e-01	9.186206e-01
0	nM91	0	0	800	2	1	0.010	-3.583914e-02	1.777740e-01	8.402813e-01	8.400345e-01	8.400880e-01
0	nM96	0	0	800	2	1	0.004	-6.778106e-01	2.884027e-01	1.900480e-02	1.881837e-02	1.926793e-02
0	nM99	0	0	800	2	1	0.014	-4.670262e-02	1.518890e-01	7.585594e-01	7.581930e-01	7.582803e-01
0	nM104	0	0	800	2	1	0.045	-1.676308e-01	8.512091e-02	4.926121e-02	4.890683e-02	4.952716e-02
0	nM105	0	0	800	2	1	0.037	1.927846e-01	9.285626e-02	3.819866e-02	3.789743e-02	3.847688e-02
0	nM113	0	0	800	2	1	0.070	-1.624714e-02	6.932526e-02	8.147648e-01	8.144800e-01	8.145433e-01
0	nM116	0	0	800	2	1	0.056	-3.751915e-02	7.676128e-02	6.251338e-01	6.245921e-01	6.247525e-01
0	nM123	0	0	800	2	1	0.010	-1.164175e-01	1.777308e-01	5.126426e-01	5.119825e-01	5.122282e-01
0	nM125	0	0	800	2	1	0.014	1.345502e-01	1.518233e-01	3.757614e-01	3.750142e-01	3.753989e-01
0	nM126	0	0	800	2	1	0.043	-1.559353e-03	8.768656e-02	9.858162e-01	9.857940e-01	9.857984e-01
0	nM128	0	0	800	2	1	0.035	8.628945e-02	9.620120e-02	3.700062e-01	3.692572e-01	3.696485e-01
0	nM130	0	0	800	2	1	0.004	1.183262e-01	2.893688e-01	6.827143e-01	6.822446e-01	6.823701e-01
0	nM134	0	0	800	2	1	0.100	-1.042391e-02	5.896132e-02	8.597164e-01	8.594990e-01	8.595453e-01
0	nM136	0	0	800	2	1	0.019	-2.790923e-01	1.300339e-01	3.214962e-02	3.188092e-02	3.242972e-02
0	nM143	0	0	800	2	1	0.007	-3.001823e-01	2.047467e-01	1.430108e-01	1.423858e-01	1.430481e-01
0	nM145	0	0	800	2	1	0.083	5.250503e-02	6.426661e-02	4.141793e-01	4.134486e-01	4.137903e-01
0	nM152	0	0	800	2	1	0.004	3.865892e-01	2.890753e-01	1.814959e-01	1.808131e-01	1.814382e-01
0	nM153	0	0	800	2	1	0.013	-1.578805e-01	1.591130e-01	3.213743e-01	3.206171e-01	3.210672e-01
0	nM154	0	0	800	2	1	0.004	-4.301972e-01	2.889981e-01	1.369927e-01	1.363788e-01	1.370456e-01
0	nM156	0	0	800	2	1	0.046	-7.491006e-02	8.417991e-02	3.737982e-01	3.730504e-01	3.734373e-01
0	nM158	0	0	800	2	1	0.007	9.890730e-02	2.049924e-01	6.295884e-01	6.290520e-01	6.292095e-01
0	nM160	0	0	800	2	1	0.006	1.666132e-01	2.243719e-01	4.579568e-01	4.572529e-01	4.575494e-01
0	nM165	0	0	800	2	1	0.005	9.585842e-02	2.507614e-01	7.023633e-01	7.019195e-01	7.020344e-01
0	nM166	0	0	800	2	1	0.009	-7.141978e-02	1.899166e-01	7.069732e-01	7.065356e-01	7.066480e-01
0	nM168	0	0	800	2	1	0.011	-1.052722e-01	1.676757e-01	5.302936e-01	5.296498e-01	5.298804e-01
0	nM170	0	0	800	2	1	0.010	-1.894691e-01	1.776520e-01	2.865120e-01	2.857581e-01	2.862523e-01
0	nM173	0	0	800	2	1	0.004	1.323950e-01	2.893611e-01	6.474058e-01	6.468911e-01	6.470374e-01
0	nM174	0	0	800	2	1	0.007	3.994503e-02	2.050174e-01	8.455700e-01	8.453312e-01	8.453826e-01
0	nM176	0	0	800	2	1	0.068	-6.368104e-02	7.046907e-02	3.664412e-01	3.656911e-01	3.660866e-01
0	nM178	0	0	800	2	1	0.006	-5.342883e-02	2.244414e-01	8.119015e-01	8.116125e-01	8.116769e-01
0	nM181	0	0	800	2	1	0.025	-2.451564e-01	1.129658e-01	3.028730e-02	3.002920e-02	3.056704e-02
0	nM182	0	0	800	2	1	0.004	-1.512097e-01	2.893496e-01	6.014082e-01	6.008389e-01	6.010153e-01
0	nM188	0	0	800	2	1	0.005	-4.664824e-02	2.507789e-01	8.524815e-01	8.522531e-01	8.523021e-01
0	nM191	0	0	800	2	1	0.026	3.176591e-02	1.106334e-01	7.740891e-01	7.737449e-01	7.738252e-01
0	nM193	0	0	800	2	1	0.130	-3.199618e-02	5.258537e-02	5.430545e-01	5.424230e-01	5.426432e-01
0	nM195	0	0	800	2	1	0.014	2.728925e-01	1.515905e-01	7.220740e-02	7.176224e-02	7.242797e-02
0	nM197	0	0	800	2	1	0.007	4.415463e-01	2.044256e-01	3.107473e-02	3.081211e-02	3.135468e-02
0	nM200	0	0	800	2	1	0.034	-8.584845e-02	9.790530e-02	3.808310e-01	3.800855e-01	3.804643e-01
0	nM207	0	0	800	2	1	0.028	-1.035221e-01	1.081027e-01	3.385406e-01	3.377847e-01	3.382136e-01
0	nM209	0	0	800	2	1	0.035	-2.864337e-02	9.624434e-02	7.660776e-01	7.657220e-01	7.658058e-01
0	nM211	0	0	800	2	1	0.004	-8.087783e-02	2.893849e-01	7.799475e-01	7.796118e-01	7.796896e-01
0	nM215	0	0	800	2	1	0.006	-1.677276e-01	2.243708e-01	4.549539e-01	4.542480e-01	4.545474e-01
0	nM219	0	0	800	2	1	0.007	1.236205e-02	2.050218e-01	9.519348e-01	9.518596e-01	9.518748e-01
0	nM221	0	0	800	2	1	0.005	-2.746567e-02	2.507825e-01	9.128177e-01	9.126817e-01	9.127096e-01
0	nM223	0	0	800	2	1	0.028	9.149726e-02	1.081163e-01	3.976470e-01	3.969083e-01	3.972681e-01
0	nM224	0	0	800	2	1	0.019	-1.500248e-01	1.303005e-01	2.499227e-01	2.491818e-01	2.497232e-01
0	nM225	0	0	800	2	1	0.066	5.070521e-02	7.109685e-02	4.759398e-01	4.752492e-01	4.755282e-01
0	nM226	0	0	800	2	1	0.031	1.120723e-02	1.016630e-01	9.122475e-01	9.121106e-01	9.121387e-01
0	nM228	0	0	800	2	1	0.009	-7.423434e-02	1.899152e-01	6.959892e-01	6.955369e-01	6.956552e-01
0	nM233	0	0	800	2	1	0.004	-5.970995e-01	2.886262e-01	3.888975e-02	3.858497e-02	3.916750e-02
0	nM237	0	0	800	2	1	0.066	-1.627529e-03	7.111948e-02	9.817482e-01	9.817196e-01	9.817253e-01
0	nM240	0	0	800	2	1	0.033	1.250062e-01	9.965568e-02	2.100710e-01	2.093579e-01	2.099495e-01
0	nM244	0	0	800	2	1	0.007	1.114916e-01	2.049843e-01	5.866602e-01	5.860743e-01	5.862611e-01
0	nM247	0	0	800	2	1	0.035	8.981854e-02	9.619715e-02	3.507451e-01	3.499912e-01	3.504053e-01
0	nM255	0	0	800	2	1	0.077	-7.786551e-02	6.609759e-02	2.391324e-01	2.383976e-01	2.389528e-01
0	nM258	0	0	800	2	1	0.005	-3.309008e-02	2.507816e-01	8.950589e-01	8.948955e-01	8.949293e-01
0	nM260	0	0	800	2	1	0.006	2.159542e-01	2.243191e-01	3.359849e-01	3.352286e-01	3.356607e-01
0	nM262	0	0	800	2	1	0.005	-4.082148e-02	2.507802e-01	8.707345e-01	8.705338e-01	8.705762e-01
0	nM264	0	0	800	2	1	0.166	9.088065e-02	4.740240e-02	5.556722e-02	5.518557e-02	5.582271e-02
0	nM265	0	0	800	2	1	0.041	9.024911e-02	8.888981e-02	3.102744e-01	3.095173e-01	3.099813e-01
0	nM270	0	0	800	2	1	0.011	6.704970e-02	1.677003e-01	6.893972e-01	6.889362e-01	6.890581e-01
0	nM274	0	0	800	2	1	0.225	7.533912e-04	4.235989e-02	9.858144e-01	9.857922e-01	9.857967e-01
0	nM277	0	0	800	2	1	0.010	2.735370e-01	1.775147e-01	1.237311e-01	1.231440e-01	1.238189e-01
0	nM280	0	0	800	2	1	0.076	-2.036650e-02	6.664605e-02	7.599950e-01	7.596307e-01	7.597173e-01
0	nM281	0	0	800	2	1	0.066	-7.697745e-02	7.106728e-02	2.790632e-01	2.783111e-01	2.788149e-01
0	nM287	0	0	800	2	1	0.004	3.451677e-02	2.893965e-01	9.050902e-01	9.049423e-01	9.049728e-01
0	nM288	0	0	800	2	1	0.010	-2.470890e-01	1.775632e-01	1.644450e-01	1.637851e-01	1.644282e-01
0	nM289	0	0	800	2	1	0.020	-4.696862e-02	1.263372e-01	7.101614e-01	7.097281e-01	7.098389e-01
0	nM290	0	0	800	2	1	0.009	1.018953e-01	1.898991e-01	5.917102e-01	5.911299e-01	5.913131e-01
0	nM293	0	0	800	2	1	0.094	-1.021611e-01	6.057798e-02	9.210197e-02	9.159368e-02	9.227327e-02
0	nM295	0	0	800	2	1	0.019	1.500270e-01	1.303005e-01	2.499158e-01	2.491749e-01	2.497163e-01
0	nM296	0	0	800	2	1	0.016	4.596542e-02	1.398938e-01	7.425642e-01	7.421754e-01	7.422701e-01
0	nM306	0	0	800	2	1	0.009	-1.388581e-01	1.898698e-01	4.647903e-01	4.640914e-01	4.643811e-01
0	nM313	0	0	800	2	1	0.004	8.178583e-02	2.893846e-01	7.775416e-01	7.772024e-01	7.772812e-01
0	nM314	0	0	800	2	1	0.004	-2.631381e-01	2.892491e-01	3.632406e-01	3.624896e-01	3.628889e-01
0	nM315	0	0	800	2	1	0.015	2.413872e-02	1.455210e-01	8.682951e-01	8.680907e-01	8.681339e-01
0	nM319	0	0	800	2	1	0.009	-2.195497e-03	1.899334e-01	9.907801e-01	9.907657e-01	9.907686e-01
0	nM326	0	0	800	2	1	0.007	1.013062e-02	2.050220e-01	9.606030e-01	9.605414e-01	9.605538e-01
0	nM328	0	0	800	2	1	0.074	-1.921050e-02	6.767526e-02	7.765891e-01	7.762485e-01	7.763277e-01
0	nM333	0	0	800	2	1	0.007	2.844201e-01	2.047749e-01	1.652385e-01	1.645775e-01	1.652198e-01
0	nM340	0	0	800	2	1	0.010	-2.098058e-01	1.776233e-01	2.378817e-01	2.371476e-01	2.377044e-01
0	nM341	0	0	800	2	1	0.004	-1.243341e-01	2.893656e-01	6.675458e-01	6.670564e-01	6.671907e-01
0	nM348	0	0	800	2	1	0.005	4.345904e-02	2.507796e-01	8.624629e-01	8.622497e-01	8.622950e-01
0	nM350	0	0	800	2	1	0.007	-7.147565e-02	2.050067e-01	7.274438e-01	7.270340e-01	7.271360e-01
0	nM355	0	0	800	2	1	0.025	-1.539027e-01	1.131676e-01	1.742284e-01	1.735549e-01	1.741880e-01
0	nM358	0	0	800	2	1	0.056	8.340355e-03	7.677220e-02	9.135172e-01	9.133823e-01	9.134099e-01
0	nM361	0	0	800	2	1	0.160	1.347915e-01	4.801349e-02	5.116661e-03	5.047610e-03	5.280395e-03
0	nM364	0	0	800	2	1	0.006	-1.105415e-01	2.244153e-01	6.224480e-01	6.219031e-01	6.220652e-01
0	nM365	0	0	800	2	1	0.168	8.561105e-03	4.736838e-02	8.566218e-01	8.563997e-01	8.564471e-01
0	nM367	0	0	800	2	1	0.064	-4.628267e-02	7.238519e-02	5.227501e-01	5.220992e-01	5.223362e-01
0	nM368	0	0	800	2	1	0.006	-1.369202e-02	2.244488e-01	9.513722e-01	9.512962e-01	9.513115e-01
0	nM371	0	0	800	2	1	0.025	-4.037136e-02	1.132896e-01	7.216686e-01	7.212509e-01	7.213559e-01
0	nM373	0	0	800	2	1	0.234	-1.448536e-02	4.179297e-02	7.289847e-01	7.285770e-01	7.286783e-01
0	nM375	0	0	800	2	1	0.009	1.428529e-01	1.898661e-01	4.520397e-01	4.513318e-01	4.516341e-01
0	nM379	0	0	800	2	1	0.081	8.190907e-02	6.467711e-02	2.057285e-01	2.050194e-01	2.056163e-01
0	nM381	0	0	800	2	1	0.004	-3.393547e-01	2.891497e-01	2.408934e-01	2.401575e-01	2.407104e-01
0	nM382	0	0	800	2	1	0.018	-1.428058e-01	1.348052e-01	2.897610e-01	2.890063e-01	2.894964e-01
0	nM384	0	0	800	2	1	0.004	1.406182e-01	2.893563e-01	6.271226e-01	6.265833e-01	6.267424e-01
0	nM388	0	0	800	2	1	0.029	1.626284e-01	1.056986e-01	1.242972e-01	1.237088e-01	1.243834e-01
0	nM389	0	0	800	2	1	0.271	3.456233e-02	3.976650e-02	3.850363e-01	3.842925e-01	3.846665e-01
0	nM390	0	0	800	2	1	0.009	7.211378e-02	1.899162e-01	7.042591e-01	7.038178e-01	7.039317e-01
0	nM398	0	0	800	2	1	0.034	9.209806e-02	9.789818e-02	3.471158e-01	3.463613e-01	3.467798e-01
0	nM399	0	0	800	2	1	0.013	1.595236e-01	1.591109e-01	3.163609e-01	3.156036e-01	3.160600e-01
0	nM403	0	0	800	2	1	0.018	1.266811e-01	1.348254e-01	3.477103e-01	3.469558e-01	3.473736e-01
0	nM406	0	0	800	2	1	0.006	8.386013e-02	2.244297e-01	7.087575e-01	7.083223e-01	7.084338e-01
0	nM409	0	0	800	2	1	0.004	4.790476e-01	2.889018e-01	9.767666e-02	9.715274e-02	9.783344e-02
0	nM416	0	0	800	2	1	0.006	6.511299e-02	2.244375e-01	7.718026e-01	7.714552e-01	7.715365e-01
0	nM429	0	0	800	2	1	0.013	7.271237e-02	1.591903e-01	6.479651e-01	6.474512e-01	6.475971e-01
0	nM430	0	0	800	2	1	0.013	4.432955e-01	1.584359e-01	5.266745e-03	5.196100e-03	5.432724e-03
0	nM434	0	0	800	2	1	0.014	2.899134e-02	1.518946e-01	8.486800e-01	8.484459e-01	8.484962e-01
0	nM435	0	0	800	2	1	0.007	3.456314e-02	2.050186e-01	8.661655e-01	8.659579e-01	8.660019e-01
0	nM445	0	0	800	2	1	0.010	1.263878e-01	1.777222e-01	4.771969e-01	4.765073e-01	4.767851e-01
0	nM446	0	0	800	2	1	0.006	1.288333e-01	2.244030e-01	5.660513e-01	5.654432e-01	5.656453e-01
0	nM453	0	0	800	2	1	0.039	-4.237040e-02	9.163994e-02	6.439511e-01	6.434322e-01	6.435806e-01
0	nM457	0	0	800	2	1	0.062	-5.244118e-03	7.307518e-02	9.428082e-01	9.427188e-01	9.427369e-01
0	nM458	0	0	800	2	1	0.006	1.811660e-01	2.243577e-01	4.196265e-01	4.188987e-01	4.192345e-01
0	nM460	0	0	800	2	1	0.024	1.766906e-01	1.159990e-01	1.281029e-01	1.275066e-01	1.281791e-01
0	nM467	0	0	800	2	1	0.004	-6.976211e-02	2.893886e-01	8.095649e-01	8.092724e-01	8.093378e-01
0	nM472	0	0	800	2	1	0.074	-8.130790e-02	6.761744e-02	2.295384e-01	2.288098e-01	2.293773e-01
0	nM477	0	0	800	2	1	0.021	-1.634994e-01	1.225173e-01	1.824205e-01	1.817366e-01	1.823607e-01
0	nM482	0	0	800	2	1	0.005	1.277813e-01	2.507435e-01	6.104660e-01	6.099070e-01	6.100772e-01
0	nM484	0	0	800	2	1	0.031	-1.247472e-02	1.016628e-01	9.023701e-01	9.022180e-01	9.022494e-01
0	nM486	0	0	800	2	1	0.040	5.157972e-02	9.024902e-02	5.678036e-01	5.671974e-01	5.673982e-01
0	nM490	0	0	800	2	1	0.025	-1.000621e-01	1.132432e-01	3.771763e-01	3.764296e-01	3.768126e-01
0	nM492	0	0	800	2	1	0.005	2.402422e-01	2.506401e-01	3.380936e-01	3.373377e-01	3.377671e-01
0	nM493	0	0	800	2	1	0.007	1.515430e-01	2.049521e-01	4.598774e-01	4.591750e-01	4.594695e-01
0	nM496	0	0	800	2	1	0.016	1.647818e-01	1.397816e-01	2.388086e-01	2.380739e-01	2.386295e-01
0	nM500	0	0	800	2	1	0.006	-1.369292e-01	2.243970e-01	5.418968e-01	5.412642e-01	5.414853e-01
0	nM503	0	0	800	2	1	0.226	9.038461e-02	4.215557e-02	3.232859e-02	3.205888e-02	3.260870e-02
0	nM508	0	0	800	2	1	0.075	4.903812e-02	6.713521e-02	4.653368e-01	4.646382e-01	4.649274e-01
0	nM512	0	0	800	2	1	0.009	-6.818648e-02	1.899181e-01	7.196669e-01	7.192464e-01	7.193524e-01
0	nM515	0	0	800	2	1	0.028	-5.163809e-02	1.081493e-01	6.331580e-01	6.326259e-01	6.327811e-01
0	nM519	0	0	800	2	1	0.009	-3.793567e-01	1.894581e-01	4.558766e-02	4.525012e-02	4.585869e-02
0	nM521	0	0	800	2	1	0.111	-5.013103e-03	5.625421e-02	9.290127e-01	9.289019e-01	9.289244e-01
0	nM524	0	0	800	2	1	0.115	-1.635424e-02	5.544377e-02	7.680937e-01	7.677409e-01	7.678239e-01
0	nM526	0	0	800	2	1	0.020	-1.159752e-01	1.262814e-01	3.586940e-01	3.579419e-01	3.583465e-01
0	nM532	0	0	800	2	1	0.060	-4.332370e-02	7.446725e-02	5.608779e-01	5.602645e-01	5.604705e-01
0	nM538	0	0	800	2	1	0.020	2.317416e-02	1.263455e-01	8.545159e-01	8.542906e-01	8.543388e-01
0	nM542	0	0	800	2	1	0.004	-7.048303e-01	2.883215e-01	1.471672e-02	1.456187e-02	1.496358e-02
0	nM545	0	0	800	2	1	0.015	5.389835e-02	1.455110e-01	7.111773e-01	7.107453e-01	7.108556e-01
0	nM550	0	0	800	2	1	0.018	-2.839369e-01	1.345249e-01	3.511178e-02	3.482681e-02	3.539150e-02
0	nM556	0	0	800	2	1	0.025	1.297459e-01	1.132055e-01	2.520936e-01	2.513516e-01	2.518902e-01
0	nM557	0	0	800	2	1	0.019	-1.419651e-01	1.303118e-01	2.762947e-01	2.755433e-01	2.760507e-01
0	nM561	0	0	800	2	1	0.004	-1.710836e-01	2.893357e-01	5.544882e-01	5.538682e-01	5.540792e-01
0	nM564	0	0	800	2	1	0.010	3.245484e-01	1.774069e-01	6.771254e-02	6.728345e-02	6.794333e-02
0	nM567	0	0	800	2	1	0.052	6.300129e-02	7.927859e-02	4.270346e-01	4.263110e-01	4.266390e-01
0	nM573	0	0	800	2	1	0.051	-9.951258e-02	8.014104e-02	2.147055e-01	2.139883e-01	2.145743e-01
0	nM574	0	0	800	2	1	0.046	-1.395365e-01	8.407669e-02	9.738099e-02	9.685788e-02	9.753855e-02
0	nM576	0	0	800	2	1	0.059	-3.880234e-03	7.522112e-02	9.588728e-01	9.588084e-01	9.588214e-01
0	nM577	0	0	800	2	1	0.025	8.970822e-02	1.132541e-01	4.285397e-01	4.278169e-01	4.281433e-01
0	nM580	0	0	800	2	1	0.018	-1.332361e-01	1.348174e-01	3.233199e-01	3.225627e-01	3.230104e-01
0	nM586	0	0	800	2	1	0.015	1.759210e-01	1.453902e-01	2.266402e-01	2.259137e-01	2.264848e-01
0	nM594	0	0	800	2	1	0.060	-3.301751e-02	7.447387e-02	6.576374e-01	6.571355e-01	6.572756e-01
0	nM596	0	0	800	2	1	0.116	2.165482e-02	5.518155e-02	6.948463e-01	6.943925e-01	6.945114e-01
0	nM601	0	0	800	2	1	0.061	1.378953e-01	7.360647e-02	6.137671e-02	6.097160e-02	6.162100e-02
0	nM602	0	0	800	2	1	0.085	-5.455526e-02	6.339800e-02	3.897608e-01	3.890188e-01	3.893875e-01
0	nM604	0	0	800	2	1	0.004	1.483346e-02	2.893986e-01	9.591342e-01	9.590703e-01	9.590832e-01
0	nM607	0	0	800	2	1	0.219	-2.241658e-02	4.278123e-02	6.004368e-01	5.998663e-01	6.000433e-01
0	nM608	0	0	800	2	1	0.014	-5.152094e-02	1.518871e-01	7.345441e-01	7.341441e-01	7.342427e-01
0	nM611	0	0	800	2	1	0.029	-3.382327e-02	1.058485e-01	7.493975e-01	7.490183e-01	7.491098e-01
0	nM613	0	0	800	2	1	0.010	1.292499e-01	1.777197e-01	4.672747e-01	4.665776e-01	4.668649e-01
0	nM617	0	0	800	2	1	0.083	8.215418e-02	6.422768e-02	2.012306e-01	2.005258e-01	2.011282e-01
0	nM619	0	0	800	2	1	0.026	6.313785e-02	1.106165e-01	5.683085e-01	5.677028e-01	5.679032e-01
0	nM621	0	0	800	2	1	0.039	3.501858e-02	9.164383e-02	7.024770e-01	7.020333e-01	7.021482e-01
0	nM622	0	0	800	2	1	0.016	1.685384e-01	1.397760e-01	2.282618e-01	2.275341e-01	2.281031e-01
0	nM627	0	0	800	2	1	0.075	-3.547234e-02	6.714591e-02	5.974467e-01	5.968729e-01	5.970520e-01
0	nM628	0	0	800	2	1	0.018	2.503740e-03	1.348999e-01	9.851968e-01	9.851736e-01	9.851782e-01
0	nM634	0	0	800	2	1	0.005	-6.728819e-02	2.507730e-01	7.885200e-01	7.881967e-01	7.882708e-01
0	nM638	0	0	800	2	1	0.018	-9.824563e-03	1.348995e-01	9.419606e-01	9.418699e-01	9.418883e-01
0	nM643	0	0	800	2	1	0.015	-2.799862e-01	1.451856e-01	5.415102e-02	5.377533e-02	5.440903e-02
0	nM646	0	0	800	2	1	0.033	1.150719e-01	9.967067e-02	2.486322e-01	2.478920e-01	2.484350e-01
0	nM658	0	0	800	2	1	0.036	-1.517708e-01	9.448433e-02	1.086021e-01	1.080498e-01	1.087300e-01
0	nM666	0	0	800	2	1	0.005	-1.234560e-01	2.507463e-01	6.226042e-01	6.220595e-01	6.222216e-01
0	nM669	0	0	800	2	1	0.033	-2.471261e-01	9.936954e-02	1.308805e-02	1.294605e-02	1.332643e-02
0	nM670	0	0	800	2	1	0.021	-1.965743e-03	1.226540e-01	9.872171e-01	9.871970e-01	9.872011e-01
0	nM672	0	0	800	2	1	0.004	1.341822e-01	2.893601e-01	6.429745e-01	6.424544e-01	6.426034e-01
0	nM674	0	0	800	2	1	0.021	5.568570e-02	1.226381e-01	6.499054e-01	6.493939e-01	6.495386e-01
0	nM676	0	0	800	2	1	0.007	-4.045297e-01	2.045216e-01	4.828001e-02	4.793005e-02	4.854740e-02
0	nM679	0	0	800	2	1	0.007	-3.091767e-02	2.050194e-01	8.801687e-01	8.799825e-01	8.800215e-01
0	nM684	0	0	800	2	1	0.030	-2.649612e-01	1.032682e-01	1.047658e-02	1.035638e-02	1.069780e-02
0	nM686	0	0	800	2	1	0.010	-4.986182e-01	1.769001e-01	4.942087e-03	4.874905e-03	5.103141e-03
0	nM688	0	0	800	2	1	0.011	-2.413405e-01	1.674994e-01	1.500211e-01	1.493839e-01	1.500404e-01
0	nM689	0	0	800	2	1	0.004	-6.040975e-01	2.886079e-01	3.665161e-02	3.635844e-02	3.693071e-02
0	nM690	0	0	800	2	1	0.065	-1.005088e-01	7.166381e-02	1.611534e-01	1.604985e-01	1.611448e-01
0	nM692	0	0	800	2	1	0.006	2.917636e-01	2.242116e-01	1.935359e-01	1.928391e-01	1.934505e-01
0	nM696	0	0	800	2	1	0.016	-5.623482e-02	1.398891e-01	6.877949e-01	6.873318e-01	6.874545e-01
0	nM699	0	0	800	2	1	0.004	3.310394e-01	2.891617e-01	2.526252e-01	2.518829e-01	2.524208e-01
0	nM700	0	0	800	2	1	0.031	-6.455675e-02	1.016381e-01	5.255041e-01	5.248558e-01	5.250904e-01
0	nM705	0	0	800	2	1	0.009	-6.488729e-02	1.899195e-01	7.326991e-01	7.322966e-01	7.323961e-01
0	nM709	0	0	800	2	1	0.005	1.960019e-01	2.506883e-01	4.345318e-01	4.338127e-01	4.341328e-01
0	nM711	0	0	800	2	1	0.021	1.222534e-01	1.225776e-01	3.188945e-01	3.181372e-01	3.185904e-01
0	nM718	0	0	800	2	1	0.004	3.245774e-01	2.891709e-01	2.620124e-01	2.612660e-01	2.617918e-01
0	nM720	0	0	800	2	1	0.034	9.919459e-02	9.788950e-02	3.112086e-01	3.104515e-01	3.109143e-01
0	nM722	0	0	800	2	1	0.040	-1.055401e-01	9.019014e-02	2.422719e-01	2.415351e-01	2.420863e-01
0	nM727	0	0	800	2	1	0.007	-9.777506e-02	2.049931e-01	6.335157e-01	6.329841e-01	6.331391e-01
0	nM737	0	0	800	2	1	0.009	-1.384715e-01	1.898701e-01	4.660348e-01	4.653368e-01	4.656253e-01
0	nM738	0	0	800	2	1	0.043	9.548244e-03	8.768592e-02	9.133160e-01	9.131808e-01	9.132085e-01
0	nM740	0	0	800	2	1	0.004	4.950822e-01	2.888679e-01	8.694086e-02	8.644779e-02	8.712540e-02
0	nM746	0	0	800	2	1	0.010	-4.983477e-02	1.777698e-01	7.792946e-01	7.789579e-01	7.790359e-01
0	nM748	0	0	800	2	1	0.130	5.712856e-02	5.255868e-02	2.773879e-01	2.766362e-01	2.771422e-01
0	nM751	0	0	800	2	1	0.007	-2.297117e-01	2.048610e-01	2.624953e-01	2.617487e-01	2.622738e-01
0	nM753	0	0	800	2	1	0.070	3.237218e-02	6.931818e-02	6.406212e-01	6.400982e-01	6.402487e-01
0	nM754	0	0	800	2	1	0.058	9.860194e-02	7.590382e-02	1.943062e-01	1.936086e-01	1.942191e-01
0	nM756	0	0	800	2	1	0.024	-2.415711e-01	1.158523e-01	3.737168e-02	3.707474e-02	3.765041e-02
0	nM757	0	0	800	2	1	0.009	-3.130128e-01	1.896099e-01	9.916778e-02	9.863982e-02	9.932065e-02
0	nM759	0	0	800	2	1	0.007	3.339683e-01	2.046811e-01	1.031474e-01	1.026089e-01	1.032898e-01
0	nM760	0	0	800	2	1	0.058	-3.831980e-02	7.597193e-02	6.141236e-01	6.135689e-01	6.137366e-01
0	nM764	0	0	800	2	1	0.056	6.889632e-02	7.673402e-02	3.695316e-01	3.687825e-01	3.691743e-01
0	nM768	0	0	800	2	1	0.020	3.821191e-02	1.263409e-01	7.623873e-01	7.620264e-01	7.621119e-01
0	nM774	0	0	800	2	1	0.294	1.399883e-02	3.883233e-02	7.185730e-01	7.181511e-01	7.182576e-01
0	nM776	0	0	800	2	1	0.020	9.648654e-03	1.263477e-01	9.391472e-01	9.390520e-01	9.390713e-01
0	nM783	0	0	800	2	1	0.010	2.858127e-01	1.774904e-01	1.077280e-01	1.071779e-01	1.078583e-01
0	nM787	0	0	800	2	1	0.106	-2.084331e-02	5.739692e-02	7.165940e-01	7.161694e-01	7.162769e-01
0	nM789	0	0	800	2	1	0.004	-8.137608e-01	2.879618e-01	4.832099e-03	4.766104e-03	4.991427e-03
0	nM793	0	0	800	2	1	0.170	2.896321e-02	4.707935e-02	5.385981e-01	5.379623e-01	5.381861e-01
0	nM796	0	0	800	2	1	0.075	8.443947e-02	6.709109e-02	2.085503e-01	2.078386e-01	2.084321e-01
0	nM798	0	0	800	2	1	0.005	-3.907612e-01	2.504026e-01	1.190307e-01	1.184539e-01	1.191309e-01
0	nM801	0	0	800	2	1	0.021	-1.550792e-01	1.225311e-01	2.060144e-01	2.053050e-01	2.059016e-01
0	nM802	0	0	800	2	1	0.279	-2.176941e-02	3.944244e-02	5.811517e-01	5.805598e-01	5.807506e-01
0	nM805	0	0	800	2	1	0.072	-1.053467e-01	6.811159e-02	1.223374e-01	1.217533e-01	1.224289e-01
0	nM806	0	0	800	2	1	0.011	-1.042949e-01	1.676765e-01	5.341190e-01	5.334788e-01	5.337063e-01
0	nM811	0	0	800	2	1	0.016	8.493129e-02	1.398710e-01	5.438832e-01	5.432525e-01	5.434720e-01
0	nM812	0	0	800	2	1	0.009	-6.317531e-01	1.886122e-01	8.476304e-04	8.318364e-04	9.072178e-04
0	nM816	0	0	800	2	1	0.009	6.678673e-03	1.899333e-01	9.719583e-01	9.719145e-01	9.719233e-01
0	nM818	0	0	800	2	1	0.058	3.795756e-02	7.597216e-02	6.174771e-01	6.169263e-01	6.170918e-01
0	nM823	0	0	800	2	1	0.005	1.476080e-01	2.507299e-01	5.562202e-01	5.556019e-01	5.558117e-01
0	nM824	0	0	800	2	1	0.021	1.181500e-02	1.226533e-01	9.232839e-01	9.231641e-01	9.231885e-01
0	nM825	0	0	800	2	1	0.109	-5.126857e-02	5.678856e-02	3.669059e-01	3.661559e-01	3.665509e-01
0	nM835	0	0	800	2	1	0.024	7.374254e-02	1.161382e-01	5.256396e-01	5.249914e-01	5.252260e-01
0	nM836	0	0	800	2	1	0.019	3.915524e-02	1.304013e-01	7.640515e-01	7.636930e-01	7.637778e-01
0	nM839	0	0	800	2	1	0.004	1.659051e-01	2.893395e-01	5.665405e-01	5.659329e-01	5.661347e-01
0	nM842	0	0	800	2	1	0.004	2.775476e-01	2.892323e-01	3.375466e-01	3.367906e-01	3.372207e-01
0	nM844	0	0	800	2	1	0.015	2.249760e-02	1.455214e-01	8.771758e-01	8.769849e-01	8.770250e-01
0	nM852	0	0	800	2	1	0.006	1.216406e-02	2.244490e-01	9.567932e-01	9.567256e-01	9.567392e-01
0	nM853	0	0	800	2	1	0.077	-2.817266e-02	6.614752e-02	6.702908e-01	6.698050e-01	6.699376e-01
0	nM855	0	0	800	2	1	0.010	-1.991999e-01	1.776386e-01	2.624648e-01	2.617182e-01	2.622434e-01
0	nM863	0	0	800	2	1	0.025	7.024097e-03	1.132984e-01	9.505812e-01	9.505039e-01	9.505195e-01
0	nM869	0	0	800	2	1	0.004	2.645376e-01	2.892475e-01	3.606927e-01	3.599411e-01	3.603434e-01
0	nM870	0	0	800	2	1	0.029	-3.514966e-02	1.058480e-01	7.399185e-01	7.395259e-01	7.396219e-01
0	nM872	0	0	800	2	1	0.010	2.297400e-01	1.775924e-01	1.961654e-01	1.954658e-01	1.960742e-01
0	nM874	0	0	800	2	1	0.011	-2.426549e-01	1.674970e-01	1.478110e-01	1.471775e-01	1.478360e-01
0	nM878	0	0	800	2	1	0.013	9.454151e-02	1.591759e-01	5.527183e-01	5.520965e-01	5.523089e-01
0	nM881	0	0	800	2	1	0.004	5.930339e-02	2.893915e-01	8.376834e-01	8.374328e-01	8.374872e-01
0	nM884	0	0	800	2	1	0.024	4.599602e-02	1.161561e-01	6.922223e-01	6.917650e-01	6.918853e-01
0	nM888	0	0	800	2	1	0.064	8.898492e-02	7.233518e-02	2.189941e-01	2.182734e-01	2.188541e-01
0	nM891	0	0	800	2	1	0.046	9.631845e-02	8.415262e-02	2.527311e-01	2.519888e-01	2.525266e-01
0	nM894	0	0	800	2	1	0.139	-5.634378e-02	5.113116e-02	2.708174e-01	2.700678e-01	2.705822e-01
0	nM897	0	0	800	2	1	0.004	-3.225907e-01	2.891737e-01	2.649462e-01	2.641986e-01	2.647206e-01
0	nM908	0	0	800	2	1	0.005	1.891325e-01	2.506950e-01	4.508119e-01	4.501031e-01	4.504067e-01
0	nM919	0	0	800	2	1	0.005	4.442394e-01	2.502908e-01	7.629666e-02	7.583749e-02	7.650757e-02
0	nM923	0	0	800	2	1	0.005	-9.215628e-02	2.507631e-01	7.133411e-01	7.129120e-01	7.130212e-01
0	nM926	0	0	800	2	1	0.024	-2.685977e-03	1.161675e-01	9.815591e-01	9.815302e-01	9.815360e-01
0	nM935	0	0	800	2	1	0.004	-2.104326e-01	2.893032e-01	4.672081e-01	4.665109e-01	4.667984e-01
0	nM939	0	0	800	2	1	0.045	1.024145e-01	8.525045e-02	2.299770e-01	2.292481e-01	2.298149e-01
0	nM941	0	0	800	2	1	0.061	-5.687527e-03	7.376788e-02	9.385631e-01	9.384670e-01	9.384865e-01
0	nM957	0	0	800	2	1	0.022	1.379694e-01	1.191744e-01	2.473286e-01	2.465890e-01	2.471337e-01
0	nM966	0	0	800	2	1	0.165	-6.148255e-02	4.760563e-02	1.969052e-01	1.962049e-01	1.968124e-01
0	nM967	0	0	800	2	1	0.004	1.709621e-01	2.893358e-01	5.547696e-01	5.541499e-01	5.543607e-01
0	nM972	0	0	800	2	1	0.007	2.081181e-01	2.048899e-01	3.100536e-01	3.092965e-01	3.097608e-01
0	nM974	0	0	800	2	1	0.006	1.206913e-02	2.244490e-01	9.571301e-01	9.570630e-01	9.570765e-01
0	nM975	0	0	800	2	1	0.005	2.871614e-01	2.505782e-01	2.521407e-01	2.513987e-01	2.519373e-01
0	nM981	0	0	800	2	1	0.004	2.910110e-01	2.892157e-01	3.146208e-01	3.138636e-01	3.143221e-01
0	nM984	0	0	800	2	1	0.054	2.753206e-02	7.842802e-02	7.256444e-01	7.252321e-01	7.253351e-01
0	nM989	0	0	800	2	1	0.046	-1.165316e-01	8.412058e-02	1.663502e-01	1.656876e-01	1.663288e-01
0	nM991	0	0	800	2	1	0.120	4.917253e-02	5.440550e-02	3.663661e-01	3.656160e-01	3.660116e-01
0	nM993	0	0	800	2	1	0.005	1.331662e-01	2.507400e-01	5.955023e-01	5.949263e-01	5.951068e-01
0	nM998	0	0	800	2	1	0.005	4.420436e-01	2.502957e-01	7.776379e-02	7.729974e-02	7.797116e-02
0	nM1000	0	0	800	2	1	0.021	-4.723667e-02	1.226426e-01	7.002236e-01	6.997769e-01	6.998929e-01
0	nM1004	0	0	800	2	1	0.106	3.759259e-02	5.738623e-02	5.126048e-01	5.119447e-01	5.121904e-01
0	nM1009	0	0	800	2	1	0.013	8.263827e-02	1.591842e-01	6.038098e-01	6.032432e-01	6.034179e-01
0	nM1010	0	0	800	2	1	0.013	-1.866292e-01	1.590740e-01	2.410565e-01	2.403205e-01	2.408733e-01
0	nM1013	0	0	800	2	1	0.036	-1.442600e-02	9.463558e-02	8.788805e-01	8.786923e-01	8.787318e-01
0	nM1014	0	0	800	2	1	0.010	1.634623e-01	1.776844e-01	3.578723e-01	3.571200e-01	3.575256e-01
0	nM1015	0	0	800	2	1	0.016	8.099576e-02	1.398739e-01	5.627103e-01	5.620987e-01	5.623034e-01
0	nM1017	0	0	800	2	1	0.020	-2.070163e-02	1.263460e-01	8.698918e-01	8.696898e-01	8.697325e-01
0	nM1018	0	0	800	2	1	0.007	-2.301965e-01	2.048603e-01	2.614886e-01	2.607424e-01	2.612689e-01
0	nM1020	0	0	800	2	1	0.122	-4.342418e-02	5.392982e-02	4.209453e-01	4.202183e-01	4.205527e-01
0	nM1021	0	0	800	2	1	0.102	1.183597e-02	5.831853e-02	8.392229e-01	8.389745e-01	8.390284e-01
0	nM1023	0	0	800	2	1	0.098	5.194256e-02	5.960250e-02	3.837527e-01	3.830083e-01	3.833838e-01
0	nM1026	0	0	800	2	1	0.049	-9.899178e-02	8.206666e-02	2.280839e-01	2.273563e-01	2.279256e-01
0	nM1029	0	0	800	2	1	0.004	-4.863650e-02	2.893940e-01	8.665761e-01	8.663691e-01	8.664129e-01
0	nM1030	0	0	800	2	1	0.011	2.305931e-01	1.675184e-01	1.690455e-01	1.683790e-01	1.690175e-01
0	nM1031	0	0	800	2	1	0.109	2.046524e-02	5.681294e-02	7.187769e-01	7.183552e-01	7.184616e-01
0	nM1032	0	0	800	2	1	0.006	-3.153738e-01	2.241715e-01	1.598638e-01	1.592108e-01	1.598584e-01
0	nM1036	0	0	800	2	1	0.010	2.303667e-01	1.775914e-01	1.949467e-01	1.942484e-01	1.948582e-01
0	nM1044	0	0	800	2	1	0.004	2.751834e-01	2.892351e-01	3.416804e-01	3.409249e-01	3.413500e-01
0	nM1050	0	0	800	2	1	0.034	4.077173e-02	9.794182e-02	6.773133e-01	6.768365e-01	6.769651e-01
0	nM1053	0	0	800	2	1	0.139	6.751386e-02	5.111421e-02	1.869322e-01	1.862429e-01	1.868619e-01
0	nM1055	0	0	800	2	1	0.009	-5.664370e-02	1.899228e-01	7.655931e-01	7.652368e-01	7.653209e-01
0	nM1057	0	0	800	2	1	0.014	-8.380182e-02	1.518690e-01	5.812377e-01	5.806459e-01	5.808367e-01
0	nM1063	0	0	800	2	1	0.058	2.516179e-02	7.597882e-02	7.406041e-01	7.402126e-01	7.403082e-01
0	nM1065	0	0	800	2	1	0.100	-2.577870e-02	5.895541e-02	6.620428e-01	6.615465e-01	6.616839e-01
0	nM1069	0	0	800	2	1	0.096	-2.587728e-02	5.996831e-02	6.662098e-01	6.657187e-01	6.658538e-01
0	nM1073	0	0	800	2	1	0.102	9.020925e-03	5.831917e-02	8.771111e-01	8.769202e-01	8.769603e-01
0	nM1076	0	0	800	2	1	0.007	2.611695e-01	2.048137e-01	2.026252e-01	2.019190e-01	2.025197e-01
0	nM1079	0	0	800	2	1	0.009	2.862348e-01	1.896629e-01	1.316496e-01	1.310461e-01	1.317165e-01
0	nM1082	0	0	800	2	1	0.021	-2.531447e-04	1.226540e-01	9.983538e-01	9.983512e-01	9.983517e-01
0	nM1085	0	0	800	2	1	0.007	1.787802e-01	2.049246e-01	3.832420e-01	3.824975e-01	3.828736e-01
0	nM1088	0	0	800	2	1	0.035	1.183943e-01	9.615839e-02	2.185948e-01	2.178744e-01	2.184555e-01
0	nM1092	0	0	800	2	1	0.046	1.580700e-02	8.421981e-02	8.511694e-01	8.509390e-01	8.509884e-01
0	nM1093	0	0	800	2	1	0.007	2.714929e-02	2.050200e-01	8.946834e-01	8.945195e-01	8.945535e-01
0	nM1094	0	0	800	2	1	0.091	3.467166e-02	6.141460e-02	5.725380e-01	5.719368e-01	5.721340e-01
0	nM1097	0	0	800	2	1	0.005	1.082032e-01	2.507551e-01	6.662145e-01	6.657235e-01	6.658585e-01
0	nM1099	0	0	800	2	1	0.297	-6.792552e-02	3.861803e-02	7.897656e-02	7.850852e-02	7.918097e-02
0	nM1111	0	0	800	2	1	0.039	-5.363482e-02	9.163254e-02	5.584947e-01	5.578788e-01	5.580867e-01
0	nM1112	0	0	800	2	1	0.100	-2.566297e-02	5.895548e-02	6.634667e-01	6.629721e-01	6.631088e-01
0	nM1113	0	0	800	2	1	0.071	-1.517541e-02	6.876095e-02	8.253839e-01	8.251149e-01	8.251740e-01
0	nM1114	0	0	800	2	1	0.041	-2.024935e-01	8.865789e-02	2.263415e-02	2.242309e-02	2.290594e-02
0	nM1116	0	0	800	2	1	0.011	-1.785587e-01	1.675980e-01	2.870176e-01	2.862635e-01	2.867571e-01
0	nM1117	0	0	800	2	1	0.013	-1.867940e-01	1.590737e-01	2.406410e-01	2.399052e-01	2.404585e-01
0	nM1118	0	0	800	2	1	0.033	1.490976e-01	9.961415e-02	1.348535e-01	1.342437e-01	1.349120e-01
0	nM1124	0	0	800	2	1	0.005	2.624761e-02	2.507826e-01	9.166697e-01	9.165397e-01	9.165663e-01
0	nM1126	0	0	800	2	1	0.004	2.600962e-01	2.892526e-01	3.688169e-01	3.680675e-01	3.684602e-01
0	nM1137	0	0	800	2	1	0.004	-7.795734e-02	2.893859e-01	7.877001e-01	7.873756e-01	7.874501e-01
0	nM1143	0	0	800	2	1	0.024	6.981791e-02	1.161412e-01	5.479129e-01	5.472863e-01	5.475026e-01
0	nM1144	0	0	800	2	1	0.007	-1.233522e-01	2.049758e-01	5.474855e-01	5.468585e-01	5.470751e-01
0	nM1152	0	0	800	2	1	0.034	1.180211e-01	9.786332e-02	2.281832e-01	2.274555e-01	2.280247e-01
0	nM1155	0	0	800	2	1	0.005	-1.677525e-02	2.507836e-01	9.466850e-01	9.466016e-01	9.466184e-01
0	nM1159	0	0	800	2	1	0.015	7.262923e-02	1.455008e-01	6.177992e-01	6.172488e-01	6.174140e-01
0	nM1160	0	0	800	2	1	0.086	4.105257e-02	6.299240e-02	5.147780e-01	5.141199e-01	5.143637e-01
0	nM1162	0	0	800	2	1	0.005	-3.224001e-01	2.505245e-01	1.985021e-01	1.978001e-01	1.984058e-01
0	nM1169	0	0	800	2	1	0.031	9.423749e-02	1.016090e-01	3.539722e-01	3.532190e-01	3.536292e-01
0	nM1173	0	0	800	2	1	0.022	-8.339748e-03	1.192741e-01	9.442741e-01	9.441870e-01	9.442046e-01
0	nM1179	0	0	800	2	1	0.024	8.275222e-02	1.161306e-01	4.763145e-01	4.756242e-01	4.759028e-01
0	nM1181	0	0	800	2	1	0.020	7.580654e-02	1.263197e-01	5.485989e-01	5.479729e-01	5.481886e-01
0	nM1182	0	0	800	2	1	0.028	3.423252e-03	1.081647e-01	9.747603e-01	9.747208e-01	9.747287e-01
0	nM1183	0	0	800	2	1	0.015	1.546446e-01	1.454205e-01	2.879086e-01	2.871543e-01	2.876468e-01
0	nM1184	0	0	800	2	1	0.013	1.813128e-01	1.590817e-01	2.547338e-01	2.539906e-01	2.545258e-01
0	nM1185	0	0	800	2	1	0.009	1.155031e-02	1.899330e-01	9.515237e-01	9.514479e-01	9.514632e-01
0	nM1187	0	0	800	2	1	0.007	3.178589e-03	2.050223e-01	9.876343e-01	9.876149e-01	9.876188e-01
0	nM1191	0	0	800	2	1	0.090	8.205416e-03	6.180879e-02	8.944207e-01	8.942564e-01	8.942905e-01
0	nM1194	0	0	800	2	1	0.009	1.207233e-01	1.898853e-01	5.251088e-01	5.244602e-01	5.246951e-01
0	nM1195	0	0	800	2	1	0.006	-2.635385e-01	2.242554e-01	2.402768e-01	2.395413e-01	2.400950e-01
0	nM1196	0	0	800	2	1	0.005	2.703404e-01	2.506017e-01	2.810183e-01	2.802656e-01	2.807669e-01
0	nM1205	0	0	800	2	1	0.007	-3.183539e-01	2.047123e-01	1.203120e-01	1.197324e-01	1.204089e-01
0	nM1214	0	0	800	2	1	0.007	-1.276551e-01	2.049725e-01	5.335996e-01	5.329590e-01	5.331868e-01
0	nM1222	0	0	800	2	1	0.013	-2.106590e-01	1.590364e-01	1.856843e-01	1.849965e-01	1.856169e-01
0	nM1224	0	0	800	2	1	0.006	1.336541e-01	2.243995e-01	5.516060e-01	5.509831e-01	5.511964e-01
0	nM1227	0	0	800	2	1	0.005	-6.194441e-01	2.498238e-01	1.336123e-02	1.321704e-02	1.360115e-02
0	nM1229	0	0	800	2	1	0.022	-5.389751e-02	1.192592e-01	6.514379e-01	6.509282e-01	6.510721e-01
0	nM1230	0	0	800	2	1	0.004	6.343020e-01	2.885267e-01	2.820581e-02	2.795993e-02	2.848449e-02
0	nM1233	0	0	800	2	1	0.009	3.702199e-01	1.894807e-01	5.106605e-02	5.070366e-02	5.132922e-02
0	nM1238	0	0	800	2	1	0.004	1.001663e-01	2.893774e-01	7.293256e-01	7.289184e-01	7.290195e-01
0	nM1241	0	0	800	2	1	0.011	6.480618e-02	1.677015e-01	6.992755e-01	6.988275e-01	6.989441e-01
0	nM1243	0	0	800	2	1	0.009	1.062646e-01	1.898961e-01	5.759139e-01	5.753164e-01	5.755111e-01
0	nM1250	0	0	800	2	1	0.188	-1.534222e-02	4.531620e-02	7.350307e-01	7.346314e-01	7.347297e-01
0	nM1252	0	0	800	2	1	0.004	2.225842e-01	2.892918e-01	4.418773e-01	4.411627e-01	4.414752e-01
0	nM1253	0	0	800	2	1	0.224	3.176124e-02	4.242894e-02	4.543341e-01	4.536277e-01	4.539277e-01
0	nM1254	0	0	800	2	1	0.004	-3.360472e-01	2.891545e-01	2.455132e-01	2.447746e-01	2.453217e-01
0	nM1257	0	0	800	2	1	0.026	2.388025e-03	1.106391e-01	9.827852e-01	9.827583e-01	9.827637e-01
0	nM1258	0	0	800	2	1	0.015	-1.484223e-01	1.454287e-01	3.077604e-01	3.070035e-01	3.074707e-01
0	nM1261	0	0	800	2	1	0.005	5.890415e-02	2.507757e-01	8.143561e-01	8.140707e-01	8.141342e-01
0	cM59	17	0	800	2	1	0.004	-1.248701e-01	2.893653e-01	6.661989e-01	6.657079e-01	6.658429e-01
0	nM248	20	0	800	2	1	0.049	-1.241782e-01	8.202373e-02	1.304396e-01	1.298385e-01	1.305096e-01
0	nM334	20	0	800	2	1	0.013	-1.802957e-01	1.590831e-01	2.574107e-01	2.566662e-01	2.571980e-01
0	nM712	20	0	800	2	1	0.013	2.333053e-02	1.592090e-01	8.835319e-01	8.833508e-01	8.833886e-01
0	nM1145	20	0	800	2	1	0.004	5.247598e-02	2.893931e-01	8.561537e-01	8.559309e-01	8.559785e-01
0	nM92	25	0	800	2	1	0.016	-1.847609e-01	1.397503e-01	1.865207e-01	1.858319e-01	1.864514e-01
0	nM106	25	0	800	2	1	0.016	-4.436558e-02	1.398945e-01	7.512233e-01	7.508466e-01	7.509373e-01
0	nM329	25	0	800	2	1	0.056	8.697850e-02	7.671101e-02	2.571995e-01	2.564551e-01	2.569871e-01
0	nM1234	25	0	800	2	1	0.033	5.764313e-02	9.973301e-02	5.634445e-01	5.628337e-01	5.630378e-01
0	cM33	33	0	800	2	1	0.004	-8.790949e-02	2.893824e-01	7.613723e-01	7.610099e-01	7.610959e-01
0	cM52	33	0	800	2	1	0.007	1.161722e-01	2.049810e-01	5.710461e-01	5.704433e-01	5.706416e-01
0	cM60	33	0	800	1	2	0.142	2.260171e-01	4.996603e-02	7.009163e-06	6.781164e-06	8.868298e-06
0	nM148	33	0	800	2	1	0.026	8.200862e-02	1.106010e-01	4.586195e-01	4.579162e-01	4.582120e-01
0	nM385	33	0	800	2	1	0.004	-3.522317e-01	2.891304e-01	2.234908e-01	2.227666e-01	2.233416e-01
0	nM391	33	0	800	2	1	0.030	-1.856141e-01	1.034849e-01	7.324998e-02	7.280119e-02	7.346811e-02
0	nM400	33	0	800	2	1	0.186	-8.593095e-03	4.543532e-02	8.500405e-01	8.498085e-01	8.498583e-01
0	nM417	33	0	800	2	1	0.004	-4.200470e-01	2.890168e-01	1.465155e-01	1.458843e-01	1.465438e-01
0	nM442	33	0	800	2	1	0.115	4.360970e-02	5.542530e-02	4.316211e-01	4.309002e-01	4.312234e-01
0	nM468	33	0	800	2	1	0.022	8.383255e-02	1.192375e-01	4.822159e-01	4.815302e-01	4.818034e-01
0	nM504	33	0	800	2	1	0.011	4.888117e-01	1.668221e-01	3.484766e-03	3.433936e-03	3.620079e-03
0	nM539	33	0	800	2	1	0.160	5.405528e-02	4.821204e-02	2.625406e-01	2.617940e-01	2.623191e-01
0	nM582	33	0	800	2	1	0.045	-6.271373e-02	8.529862e-02	4.624181e-01	4.617174e-01	4.620095e-01
0	nM734	33	0	800	2	1	0.006	1.985873e-01	2.243393e-01	3.763102e-01	3.755632e-01	3.759472e-01
0	nM765	33	0	800	2	1	0.013	-7.471580e-02	1.591892e-01	6.389460e-01	6.384210e-01	6.385725e-01
0	nM909	33	0	800	2	1	0.087	-1.324161e-01	6.242457e-02	3.421118e-02	3.393108e-02	3.449114e-02
0	nM949	33	0	800	2	1	0.014	-8.244374e-02	1.518700e-01	5.873796e-01	5.867945e-01	5.869808e-01
0	nM977	33	0	800	2	1	0.013	-7.851198e-02	1.591869e-01	6.220025e-01	6.214570e-01	6.216195e-01
0	nM985	33	0	800	2	1	0.005	1.425879e-01	2.507335e-01	5.697312e-01	5.691270e-01	5.693263e-01
0	nM1041	33	0	800	2	1	0.064	-1.376661e-01	7.223954e-02	5.704967e-02	5.666189e-02	5.730242e-02
0	nM249	40	0	800	2	1	0.020	-1.930529e-01	1.261632e-01	1.263676e-01	1.257749e-01	1.264484e-01
0	nM335	40	0	800	2	1	0.079	3.692472e-02	6.565940e-02	5.740235e-01	5.734239e-01	5.736200e-01
0	nM713	40	0	800	2	1	0.005	6.235995e-02	2.507746e-01	8.036806e-01	8.033794e-01	8.034472e-01
0	nM1146	40	0	800	2	1	0.009	-1.437172e-01	1.898653e-01	4.493072e-01	4.485975e-01	4.489025e-01
0	cM13	50	0	800	2	1	0.075	-1.790279e-01	6.685795e-02	7.564510e-03	7.470788e-03	7.759426e-03
0	cM17	50	0	800	1	2	0.225	-6.765363e-01	3.493995e-02	9.088578e-69	5.624669e-69	3.880508e-50
0	cM39	50	0	800	1	2	0.114	-2.677059e-01	5.489936e-02	1.304681e-06	1.255864e-06	1.793430e-06
0	cM56	50	0	800	2	1	0.030	-2.382110e-02	1.036898e-01	8.183571e-01	8.180776e-01	8.181395e-01
0	cM61	50	0	800	2	1	0.069	1.628766e-01	6.966992e-02	1.964218e-02	1.945130e-02	1.990712e-02
0	cM66	50	0	800	2	1	0.005	-5.391070e-01	2.500572e-01	3.138698e-02	3.112259e-02	3.166700e-02
0	cM72	50	0	800	2	1	0.077	1.336216e-02	6.615335e-02	8.399779e-01	8.397307e-01	8.397843e-01
0	cM75	50	0	800	2	1	0.014	2.112836e-01	1.517138e-01	1.641146e-01	1.634552e-01	1.640987e-01
0	nM5	50	0	800	2	1	0.033	1.630958e-01	9.958666e-02	1.018728e-01	1.013377e-01	1.020186e-01
0	nM9	50	0	800	2	1	0.039	4.379044e-02	9.163910e-02	6.328824e-01	6.323500e-01	6.325054e-01
0	nM17	50	0	800	2	1	0.051	9.276846e-02	8.015118e-02	2.474477e-01	2.467082e-01	2.472527e-01
0	nM26	50	0	800	2	1	0.033	4.122359e-02	9.974321e-02	6.794999e-01	6.790260e-01	6.791534e-01
0	nM43	50	0	800	2	1	0.011	1.158318e-01	1.676670e-01	4.898642e-01	4.891847e-01	4.894507e-01
0	nM75	50	0	800	2	1	0.020	3.192502e-01	1.258417e-01	1.137271e-02	1.124485e-02	1.160039e-02
0	nM78	50	0	800	2	1	0.062	-3.545439e-02	7.306464e-02	6.276344e-01	6.270957e-01	6.272544e-01
0	nM107	50	0	800	2	1	0.024	1.655277e-01	1.160196e-01	1.540513e-01	1.534074e-01	1.540604e-01
0	nM141	50	0	800	2	1	0.021	-2.465274e-01	1.223431e-01	4.423437e-02	4.390323e-02	4.450704e-02
0	nM161	50	0	800	2	1	0.005	-9.213028e-01	2.486546e-01	2.258392e-04	2.207693e-04	2.505561e-04
0	nM198	50	0	800	2	1	0.005	6.952528e-02	2.507723e-01	7.816640e-01	7.813308e-01	7.814078e-01
0	nM213	50	0	800	2	1	0.011	-3.033042e-01	1.673731e-01	7.033964e-02	6.990106e-02	7.056451e-02
0	nM238	50	0	800	2	1	0.006	-2.544694e-01	2.242685e-01	2.568568e-01	2.561126e-01	2.566451e-01
0	nM245	50	0	800	2	1	0.015	-1.879160e-01	1.453714e-01	1.965024e-01	1.958025e-01	1.964105e-01
0	nM266	50	0	800	2	1	0.014	1.692876e-01	1.517798e-01	2.650361e-01	2.642885e-01	2.648104e-01
0	nM285	50	0	800	2	1	0.005	-4.235101e-01	2.503358e-01	9.108070e-02	9.057536e-02	9.125463e-02
0	nM297	50	0	800	2	1	0.005	3.347927e-01	2.505042e-01	1.817748e-01	1.810916e-01	1.817164e-01
0	nM307	50	0	800	2	1	0.005	4.509707e-01	2.502757e-01	7.193912e-02	7.149489e-02	7.216031e-02
0	nM320	50	0	800	2	1	0.006	2.667074e-01	2.242507e-01	2.346648e-01	2.339327e-01	2.344936e-01
0	nM323	50	0	800	2	1	0.009	1.005187e-01	1.899001e-01	5.967278e-01	5.961531e-01	5.963328e-01
0	nM330	50	0	800	2	1	0.028	-8.211556e-02	1.081257e-01	4.478105e-01	4.470997e-01	4.474063e-01
0	nM404	50	0	800	2	1	0.010	-2.640939e-02	1.777761e-01	8.819429e-01	8.817594e-01	8.817978e-01
0	nM407	50	0	800	2	1	0.005	-2.804629e-01	2.505877e-01	2.633829e-01	2.626359e-01	2.631599e-01
0	nM410	50	0	800	2	1	0.015	-1.637577e-01	1.454080e-01	2.604217e-01	2.596759e-01	2.602038e-01
0	nM473	50	0	800	2	1	0.006	-1.724173e-01	2.243664e-01	4.424394e-01	4.417251e-01	4.420371e-01
0	nM501	50	0	800	2	1	0.105	5.766851e-03	5.770163e-02	9.204150e-01	9.202908e-01	9.203162e-01
0	nM533	50	0	800	2	1	0.019	-1.318293e-01	1.303252e-01	3.120639e-01	3.113067e-01	3.117685e-01
0	nM562	50	0	800	2	1	0.010	-1.151143e-01	1.777318e-01	5.173749e-01	5.167191e-01	5.169607e-01
0	nM592	50	0	800	2	1	0.007	3.845298e-02	2.050178e-01	8.512698e-01	8.510397e-01	8.510890e-01
0	nM647	50	0	800	2	1	0.020	1.208626e-01	1.262757e-01	3.387902e-01	3.380343e-01	3.384629e-01
0	nM664	50	0	800	2	1	0.007	-1.429223e-02	2.050217e-01	9.444413e-01	9.443544e-01	9.443720e-01
0	nM667	50	0	800	2	1	0.007	3.141887e-01	2.047204e-01	1.252487e-01	1.246584e-01	1.253325e-01
0	nM677	50	0	800	2	1	0.054	1.368909e-02	7.843258e-02	8.614907e-01	8.612760e-01	8.613217e-01
0	nM697	50	0	800	2	1	0.029	9.870001e-03	1.058547e-01	9.257355e-01	9.256195e-01	9.256432e-01
0	nM702	50	0	800	2	1	0.018	-1.333302e-01	1.348173e-01	3.229779e-01	3.222207e-01	3.226688e-01
0	nM707	50	0	800	2	1	0.026	1.149783e-01	1.105642e-01	2.986902e-01	2.979342e-01	2.984129e-01
0	nM728	50	0	800	2	1	0.006	1.089481e-01	2.244162e-01	6.274738e-01	6.269349e-01	6.270937e-01
0	nM784	50	0	800	2	1	0.085	-1.062307e-01	6.331583e-02	9.377966e-02	9.326659e-02	9.394662e-02
0	nM813	50	0	800	2	1	0.025	1.180772e-01	1.132215e-01	2.973166e-01	2.965607e-01	2.970411e-01
0	nM826	50	0	800	2	1	0.040	-1.015504e-02	9.026677e-02	9.104550e-01	9.103153e-01	9.103440e-01
0	nM837	50	0	800	2	1	0.009	-1.202759e-01	1.898857e-01	5.266459e-01	5.259987e-01	5.262324e-01
0	nM845	50	0	800	2	1	0.046	-9.248278e-02	8.415801e-02	2.721351e-01	2.713850e-01	2.718978e-01
0	nM848	50	0	800	2	1	0.037	-8.833834e-02	9.305418e-02	3.427445e-01	3.419892e-01	3.424130e-01
0	nM864	50	0	800	2	1	0.007	-2.061241e-01	2.048924e-01	3.147151e-01	3.139578e-01	3.144163e-01
0	nM882	50	0	800	2	1	0.099	9.316571e-02	5.920153e-02	1.159522e-01	1.153823e-01	1.160606e-01
0	nM895	50	0	800	2	1	0.039	-9.007810e-03	9.165165e-02	9.217322e-01	9.216100e-01	9.216349e-01
0	nM929	50	0	800	2	1	0.004	1.190483e-01	2.893684e-01	6.808844e-01	6.804122e-01	6.805388e-01
0	nM933	50	0	800	2	1	0.005	3.672764e-01	2.504471e-01	1.429107e-01	1.422859e-01	1.429483e-01
0	nM953	50	0	800	2	1	0.015	1.822976e-01	1.453804e-01	2.102327e-01	2.095194e-01	2.101109e-01
0	nM1007	50	0	800	2	1	0.010	-1.370341e-01	1.777124e-01	4.408754e-01	4.401602e-01	4.404738e-01
0	nM1011	50	0	800	2	1	0.004	1.473270e-01	2.893521e-01	6.107797e-01	6.102211e-01	6.103911e-01
0	nM1074	50	0	800	2	1	0.041	7.120517e-04	8.894720e-02	9.936147e-01	9.936047e-01	9.936067e-01
0	nM1083	50	0	800	2	1	0.015	2.213777e-01	1.453124e-01	1.280395e-01	1.274434e-01	1.281159e-01
0	nM1119	50	0	800	2	1	0.005	-8.711332e-02	2.507654e-01	7.283902e-01	7.279817e-01	7.280833e-01
0	nM1133	50	0	800	2	1	0.076	8.610219e-02	6.658022e-02	1.963128e-01	1.956130e-01	1.962212e-01
0	nM1167	50	0	800	2	1	0.015	9.952704e-02	1.454809e-01	4.940951e-01	4.934191e-01	4.936813e-01
0	nM1170	50	0	800	2	1	0.011	-3.578993e-02	1.677124e-01	8.310690e-01	8.308084e-01	8.308654e-01
0	nM1177	50	0	800	2	1	0.045	-5.729153e-02	8.530340e-02	5.020195e-01	5.013502e-01	5.016052e-01
0	nM1200	50	0	800	2	1	0.004	2.524972e-01	2.892610e-01	3.829778e-01	3.822332e-01	3.826095e-01
0	nM1206	50	0	800	2	1	0.025	5.127332e-02	1.132841e-01	6.509539e-01	6.504436e-01	6.505877e-01
0	nM1211	50	0	800	2	1	0.033	9.454720e-03	9.975332e-02	9.245126e-01	9.243947e-01	9.244187e-01
0	nM1225	50	0	800	2	1	0.022	6.100676e-02	1.192549e-01	6.090962e-01	6.085356e-01	6.087067e-01
0	nM1231	50	0	800	2	1	0.018	1.094790e-01	1.348442e-01	4.170955e-01	4.163663e-01	4.167049e-01
0	nM1235	50	0	800	2	1	0.005	3.786112e-01	2.504260e-01	1.309632e-01	1.303610e-01	1.310319e-01
0	nM1262	50	0	800	2	1	0.084	3.105069e-02	6.384593e-02	6.268612e-01	6.263215e-01	6.264808e-01
0	nM714	60	0	800	2	1	0.009	2.404196e-01	1.897426e-01	2.054954e-01	2.047865e-01	2.053838e-01
0	nM1147	60	0	800	2	1	0.026	-4.421193e-03	1.106390e-01	9.681346e-01	9.680847e-01	9.680947e-01
0	cM34	67	0	800	2	1	0.005	-2.023166e-02	2.507833e-01	9.357216e-01	9.356211e-01	9.356415e-01
0	cM53	67	0	800	2	1	0.015	2.779900e-01	1.451904e-01	5.589340e-02	5.551039e-02	5.614830e-02
0	cM62	67	0	800	2	1	0.016	7.739914e-02	1.398765e-01	5.801861e-01	5.795931e-01	5.797846e-01
0	nM119	67	0	800	2	1	0.055	-1.400529e-02	7.758734e-02	8.567980e-01	8.565762e-01	8.566235e-01
0	nM149	67	0	800	2	1	0.004	2.251692e-01	2.892893e-01	4.365916e-01	4.358737e-01	4.361917e-01
0	nM401	67	0	800	2	1	0.058	-1.400046e-01	7.582223e-02	6.519199e-02	6.477224e-02	6.542829e-02
0	nM540	67	0	800	2	1	0.061	-6.983442e-02	7.372673e-02	3.438204e-01	3.430652e-01	3.434877e-01
0	nM583	67	0	800	2	1	0.009	-8.953428e-02	1.899070e-01	6.374383e-01	6.369114e-01	6.370639e-01
0	nM735	67	0	800	2	1	0.004	4.630366e-01	2.889345e-01	1.094263e-01	1.088720e-01	1.095520e-01
0	nM766	67	0	800	2	1	0.064	1.233394e-01	7.227197e-02	8.828541e-02	8.778830e-02	8.846652e-02
0	nM950	67	0	800	2	1	0.005	-1.902121e-01	2.506939e-01	4.482308e-01	4.475204e-01	4.478265e-01
0	nM986	67	0	800	2	1	0.010	-9.361379e-02	1.777477e-01	5.985714e-01	5.979988e-01	5.981771e-01
0	nM1042	67	0	800	2	1	0.020	-5.398662e-02	1.263337e-01	6.692518e-01	6.687646e-01	6.688979e-01
0	nM108	75	0	800	2	1	0.004	-3.868494e-01	2.890749e-01	1.812019e-01	1.805195e-01	1.811449e-01
0	nM331	75	0	800	2	1	0.013	3.299617e-01	1.587821e-01	3.802122e-02	3.772091e-02	3.829956e-02
0	nM1236	75	0	800	2	1	0.049	-7.986642e-02	8.209277e-02	3.309077e-01	3.301510e-01	3.305893e-01
0	nM1148	80	0	800	2	1	0.131	-4.706233e-03	5.238389e-02	9.284359e-01	9.283242e-01	9.283469e-01
0	cM63	83	0	800	2	1	0.007	6.228879e-01	2.038331e-01	2.318811e-03	2.282295e-03	2.427466e-03
0	cM6	100	0	800	2	1	0.006	-4.323856e-01	2.239269e-01	5.384647e-02	5.347207e-02	5.410501e-02
0	cM8	100	0	800	2	1	0.005	-6.320741e-01	2.497842e-01	1.158182e-02	1.145219e-02	1.181091e-02
0	cM23	100	0	800	2	1	0.021	4.321857e-01	1.216961e-01	4.057215e-04	3.973003e-04	4.425957e-04
0	cM26	100	0	800	2	1	0.006	4.993008e-01	2.237523e-01	2.592580e-02	2.569377e-02	2.620245e-02
0	cM35	100	0	800	2	1	0.016	4.919010e-01	1.388154e-01	4.177069e-04	4.090720e-04	4.553065e-04
0	cM37	100	0	800	2	1	0.011	-8.088663e-01	1.652548e-01	1.191829e-06	1.146921e-06	1.646213e-06
0	cM46	100	0	800	1	2	0.004	-5.157481e-01	2.888226e-01	7.452890e-02	7.407571e-02	7.474402e-02
0	cM48	100	0	800	2	1	0.011	8.890844e-01	1.647376e-01	8.942125e-08	8.537944e-08	1.439615e-07
0	cM57	100	0	800	2	1	0.094	2.526867e-01	6.002297e-02	2.846302e-05	2.765309e-05	3.393240e-05
0	cM64	100	0	800	2	1	0.035	5.129772e-01	9.452113e-02	7.601677e-08	7.254505e-08	1.236840e-07
0	cM67	100	0	800	1	2	0.006	-8.080394e-01	2.226192e-01	3.018423e-04	2.953194e-04	3.320283e-04
0	cM70	100	0	800	2	1	0.185	2.907628e-01	4.437655e-02	1.016284e-10	9.504848e-11	2.805220e-10
0	cM73	100	0	800	2	1	0.018	-2.575911e-02	1.348968e-01	8.486101e-01	8.483759e-01	8.484262e-01
0	cM76	100	0	800	2	1	0.010	5.160404e-02	1.777692e-01	7.716723e-01	7.713246e-01	7.714060e-01
0	nM14	100	0	800	2	1	0.026	-1.347753e-01	1.105362e-01	2.230955e-01	2.223716e-01	2.229471e-01
0	nM24	100	0	800	2	1	0.019	7.385760e-02	1.303825e-01	5.712344e-01	5.706319e-01	5.708300e-01
0	nM27	100	0	800	2	1	0.005	-1.625504e-01	2.507183e-01	5.169525e-01	5.162963e-01	5.165382e-01
0	nM33	100	0	800	2	1	0.007	-3.160526e-01	2.047168e-01	1.230204e-01	1.224348e-01	1.231100e-01
0	nM40	100	0	800	2	1	0.005	-6.041671e-02	2.507752e-01	8.096792e-01	8.093869e-01	8.094522e-01
0	nM44	100	0	800	2	1	0.005	-2.368882e-01	2.506441e-01	3.448848e-01	3.441299e-01	3.445511e-01
0	nM56	100	0	800	2	1	0.010	1.955338e-01	1.776438e-01	2.713559e-01	2.706061e-01	2.711198e-01
0	nM59	100	0	800	2	1	0.044	-1.264902e-01	8.636530e-02	1.434252e-01	1.427994e-01	1.434614e-01
0	nM62	100	0	800	2	1	0.043	6.284698e-02	8.765835e-02	4.736124e-01	4.729201e-01	4.732013e-01
0	nM64	100	0	800	2	1	0.011	-2.705834e-02	1.677144e-01	8.718698e-01	8.716708e-01	8.717128e-01
0	nM68	100	0	800	2	1	0.174	4.687455e-02	4.665566e-02	3.153499e-01	3.145926e-01	3.150503e-01
0	nM71	100	0	800	2	1	0.035	-1.288712e-01	9.614150e-02	1.804861e-01	1.798045e-01	1.804308e-01
0	nM73	100	0	800	2	1	0.228	6.802770e-02	4.212584e-02	1.067344e-01	1.061868e-01	1.068673e-01
0	nM76	100	0	800	2	1	0.005	1.900283e-01	2.506941e-01	4.486697e-01	4.479595e-01	4.482652e-01
0	nM90	100	0	800	2	1	0.075	-4.955986e-02	6.713473e-02	4.606008e-01	4.598989e-01	4.601927e-01
0	nM98	100	0	800	2	1	0.116	2.664616e-02	5.517881e-02	6.292952e-01	6.287584e-01	6.289161e-01
0	nM100	100	0	800	2	1	0.006	-2.510055e-01	2.242734e-01	2.633941e-01	2.626472e-01	2.631712e-01
0	nM109	100	0	800	2	1	0.004	-3.925079e-01	2.890653e-01	1.748945e-01	1.742201e-01	1.748525e-01
0	nM124	100	0	800	2	1	0.006	-1.920582e-01	2.243464e-01	3.922110e-01	3.914700e-01	3.918359e-01
0	nM127	100	0	800	2	1	0.076	1.236951e-01	6.650596e-02	6.326598e-02	6.285354e-02	6.350637e-02
0	nM129	100	0	800	2	1	0.101	3.692579e-02	5.862354e-02	5.289535e-01	5.283084e-01	5.285402e-01
0	nM133	100	0	800	2	1	0.056	1.268007e-01	7.664144e-02	9.842597e-02	9.790001e-02	9.858079e-02
0	nM135	100	0	800	2	1	0.044	2.045491e-02	8.647827e-02	8.130803e-01	8.127929e-01	8.128569e-01
0	nM137	100	0	800	2	1	0.022	-1.841705e-02	1.192726e-01	8.773244e-01	8.771338e-01	8.771738e-01
0	nM146	100	0	800	2	1	0.126	1.133403e-01	5.310700e-02	3.313171e-02	3.285754e-02	3.341181e-02
0	nM150	100	0	800	2	1	0.015	-2.154277e-03	1.455235e-01	9.881925e-01	9.881740e-01	9.881778e-01
0	nM162	100	0	800	2	1	0.005	1.010515e-01	2.507588e-01	6.870688e-01	6.866047e-01	6.867279e-01
0	nM169	100	0	800	2	1	0.130	-1.436784e-04	5.259757e-02	9.978211e-01	9.978177e-01	9.978184e-01
0	nM179	100	0	800	2	1	0.004	-3.569283e-01	2.891231e-01	2.173726e-01	2.166532e-01	2.172359e-01
0	nM183	100	0	800	2	1	0.004	1.082615e-01	2.893737e-01	7.084119e-01	7.079762e-01	7.080879e-01
0	nM190	100	0	800	2	1	0.004	2.968838e-02	2.893972e-01	9.183166e-01	9.181891e-01	9.182152e-01
0	nM194	100	0	800	2	1	0.039	1.592269e-01	9.147872e-02	8.214103e-02	8.166281e-02	8.233764e-02
0	nM196	100	0	800	2	1	0.068	-9.598977e-02	7.042319e-02	1.732537e-01	1.725815e-01	1.732156e-01
0	nM206	100	0	800	2	1	0.011	3.245083e-01	1.673233e-01	5.280364e-02	5.243369e-02	5.306396e-02
0	nM214	100	0	800	2	1	0.028	-2.080541e-01	1.079137e-01	5.421375e-02	5.383778e-02	5.447164e-02
0	nM220	100	0	800	2	1	0.006	1.574232e-01	2.243802e-01	4.831385e-01	4.824535e-01	4.827258e-01
0	nM222	100	0	800	2	1	0.014	5.664707e-03	1.518979e-01	9.702608e-01	9.702143e-01	9.702236e-01
0	nM227	100	0	800	2	1	0.007	2.701265e-01	2.047992e-01	1.875533e-01	1.868633e-01	1.874816e-01
0	nM229	100	0	800	2	1	0.062	4.675837e-02	7.305667e-02	5.223376e-01	5.216864e-01	5.219237e-01
0	nM234	100	0	800	2	1	0.005	-6.389263e-01	2.497623e-01	1.070707e-02	1.058488e-02	1.093002e-02
0	nM239	100	0	800	2	1	0.006	-1.554406e-01	2.243819e-01	4.886679e-01	4.879874e-01	4.882545e-01
0	nM246	100	0	800	2	1	0.007	-4.910535e-02	2.050149e-01	8.107632e-01	8.104725e-01	8.105374e-01
0	nM263	100	0	800	2	1	0.170	8.048741e-02	4.700424e-02	8.722188e-02	8.672797e-02	8.740571e-02
0	nM271	100	0	800	2	1	0.071	-3.031019e-03	6.876296e-02	9.648523e-01	9.647973e-01	9.648083e-01
0	nM276	100	0	800	2	1	0.010	-2.216892e-01	1.776053e-01	2.123191e-01	2.116039e-01	2.121929e-01
0	nM282	100	0	800	2	1	0.026	-6.946355e-02	1.106118e-01	5.301873e-01	5.295435e-01	5.297742e-01
0	nM294	100	0	800	2	1	0.069	-6.759533e-02	6.986713e-02	3.335953e-01	3.328388e-01	3.332738e-01
0	nM298	100	0	800	2	1	0.007	6.322940e-02	2.050101e-01	7.578425e-01	7.574752e-01	7.575628e-01
0	nM304	100	0	800	2	1	0.007	-5.270131e-01	2.041717e-01	1.002242e-02	9.906182e-03	1.024011e-02
0	nM308	100	0	800	2	1	0.064	1.019465e-01	7.231374e-02	1.589939e-01	1.583422e-01	1.589907e-01
0	nM311	100	0	800	2	1	0.182	1.906895e-02	4.579040e-02	6.772002e-01	6.767232e-01	6.768519e-01
0	nM317	100	0	800	2	1	0.004	-5.027169e-02	2.893936e-01	8.621344e-01	8.619207e-01	8.619661e-01
0	nM321	100	0	800	2	1	0.025	-5.476960e-02	1.132820e-01	6.288876e-01	6.283504e-01	6.285083e-01
0	nM324	100	0	800	2	1	0.004	5.419423e-02	2.893927e-01	8.514975e-01	8.512676e-01	8.513169e-01
0	nM332	100	0	800	2	1	0.016	-1.390241e-01	1.398167e-01	3.203632e-01	3.196059e-01	3.200573e-01
0	nM338	100	0	800	2	1	0.004	4.900008e-02	2.893939e-01	8.655881e-01	8.653796e-01	8.654238e-01
0	nM342	100	0	800	2	1	0.010	-4.375890e-02	1.777718e-01	8.056278e-01	8.053295e-01	8.053965e-01
0	nM352	100	0	800	2	1	0.006	-3.281833e-01	2.241485e-01	1.435513e-01	1.429253e-01	1.435872e-01
0	nM362	100	0	800	2	1	0.021	-2.718009e-01	1.222760e-01	2.650558e-02	2.626997e-02	2.678284e-02
0	nM369	100	0	800	2	1	0.013	-7.220041e-02	1.591906e-01	6.502783e-01	6.497672e-01	6.499117e-01
0	nM374	100	0	800	2	1	0.016	1.418541e-01	1.398131e-01	3.106053e-01	3.098482e-01	3.103118e-01
0	nM376	100	0	800	2	1	0.011	-4.195009e-02	1.677106e-01	8.025482e-01	8.022454e-01	8.023137e-01
0	nM380	100	0	800	2	1	0.026	2.908146e-01	1.101591e-01	8.453737e-03	8.351646e-03	8.657685e-03
0	nM393	100	0	800	2	1	0.005	4.933367e-02	2.507783e-01	8.440950e-01	8.438540e-01	8.439060e-01
0	nM405	100	0	800	2	1	0.022	-2.333469e-01	1.189880e-01	5.021530e-02	4.985667e-02	5.047981e-02
0	nM413	100	0	800	2	1	0.035	8.663932e-02	9.620080e-02	3.680679e-01	3.673183e-01	3.677119e-01
0	nM419	100	0	800	2	1	0.013	7.808162e-02	1.591871e-01	6.239135e-01	6.233703e-01	6.235315e-01
0	nM422	100	0	800	2	1	0.022	7.972601e-02	1.192410e-01	5.039362e-01	5.032685e-01	5.035219e-01
0	nM433	100	0	800	2	1	0.021	1.446233e-01	1.225471e-01	2.382941e-01	2.375598e-01	2.381161e-01
0	nM436	100	0	800	2	1	0.009	7.267519e-03	1.899332e-01	9.694871e-01	9.694394e-01	9.694490e-01
0	nM449	100	0	800	2	1	0.009	-3.302379e-02	1.899298e-01	8.620088e-01	8.617949e-01	8.618403e-01
0	nM451	100	0	800	2	1	0.004	-3.819906e-01	2.890830e-01	1.867510e-01	1.860618e-01	1.866811e-01
0	nM462	100	0	800	2	1	0.011	1.880953e-01	1.675849e-01	2.620351e-01	2.612887e-01	2.618145e-01
0	nM464	100	0	800	2	1	0.007	-4.027076e-01	2.045261e-01	4.930109e-02	4.894653e-02	4.956698e-02
0	nM466	100	0	800	2	1	0.026	8.425276e-02	1.105989e-01	4.464124e-01	4.457007e-01	4.460087e-01
0	nM476	100	0	800	2	1	0.020	-6.303607e-02	1.263285e-01	6.179271e-01	6.173769e-01	6.175420e-01
0	nM487	100	0	800	2	1	0.046	5.478720e-03	8.422144e-02	9.481494e-01	9.480683e-01	9.480847e-01
0	nM494	100	0	800	2	1	0.005	-4.891485e-01	2.501858e-01	5.091520e-02	5.055347e-02	5.117861e-02
0	nM499	100	0	800	2	1	0.005	-4.528882e-02	2.507792e-01	8.567334e-01	8.565114e-01	8.565588e-01
0	nM502	100	0	800	2	1	0.004	2.596325e-01	2.892531e-01	3.696716e-01	3.689224e-01	3.693142e-01
0	nM506	100	0	800	2	1	0.072	-1.276210e-02	6.821211e-02	8.516342e-01	8.514045e-01	8.514538e-01
0	nM509	100	0	800	2	1	0.013	8.204026e-02	1.591846e-01	6.064316e-01	6.058680e-01	6.060409e-01
0	nM525	100	0	800	2	1	0.013	-2.483798e-02	1.592087e-01	8.760655e-01	8.758729e-01	8.759134e-01
0	nM527	100	0	800	2	1	0.004	1.066290e-01	2.893745e-01	7.126123e-01	7.121822e-01	7.122918e-01
0	nM530	100	0	800	2	1	0.014	-1.863307e-01	1.517547e-01	2.198686e-01	2.191472e-01	2.197268e-01
0	nM537	100	0	800	2	1	0.069	1.318258e-01	6.975217e-02	5.913119e-02	5.873497e-02	5.937996e-02
0	nM541	100	0	800	2	1	0.004	-1.319287e-01	2.893614e-01	6.485639e-01	6.480507e-01	6.481962e-01
0	nM548	100	0	800	2	1	0.039	-1.456037e-02	9.165076e-02	8.738131e-01	8.736171e-01	8.736584e-01
0	nM551	100	0	800	2	1	0.011	2.037283e-01	1.675620e-01	2.244062e-01	2.236813e-01	2.242551e-01
0	nM553	100	0	800	2	1	0.041	1.894368e-01	8.869405e-02	3.299577e-02	3.272235e-02	3.327589e-02
0	nM559	100	0	800	2	1	0.011	-4.156353e-02	1.677107e-01	8.043306e-01	8.040304e-01	8.040980e-01
0	nM563	100	0	800	2	1	0.037	6.472926e-02	9.307851e-02	4.869905e-01	4.863086e-01	4.865773e-01
0	nM566	100	0	800	2	1	0.010	4.157893e-01	1.771682e-01	1.917587e-02	1.898824e-02	1.943950e-02
0	nM568	100	0	800	2	1	0.050	-6.111028e-02	8.113268e-02	4.515434e-01	4.508351e-01	4.511380e-01
0	nM571	100	0	800	2	1	0.005	6.684627e-01	2.496654e-01	7.571275e-03	7.477488e-03	7.766263e-03
0	nM578	100	0	800	2	1	0.009	1.279523e-01	1.898794e-01	5.005949e-01	4.999243e-01	5.001806e-01
0	nM593	100	0	800	2	1	0.039	-2.011791e-01	9.137510e-02	2.797314e-02	2.772865e-02	2.825166e-02
0	nM609	100	0	800	2	1	0.125	8.136395e-03	5.348496e-02	8.791269e-01	8.789390e-01	8.789784e-01
0	nM612	100	0	800	2	1	0.007	1.879643e-01	2.049143e-01	3.592718e-01	3.585198e-01	3.589238e-01
0	nM616	100	0	800	2	1	0.013	-1.090460e-01	1.591643e-01	4.934697e-01	4.927931e-01	4.930558e-01
0	nM620	100	0	800	2	1	0.016	5.983661e-02	1.398872e-01	6.689494e-01	6.684618e-01	6.685952e-01
0	nM625	100	0	800	2	1	0.010	6.748653e-02	1.777625e-01	7.043104e-01	7.038692e-01	7.039831e-01
0	nM630	100	0	800	2	1	0.005	-1.235535e-01	2.507462e-01	6.223295e-01	6.217845e-01	6.219467e-01
0	nM633	100	0	800	2	1	0.020	-4.545736e-02	1.263379e-01	7.190861e-01	7.186649e-01	7.187711e-01
0	nM636	100	0	800	2	1	0.010	-3.633434e-01	1.773127e-01	4.077222e-02	4.045795e-02	4.104846e-02
0	nM648	100	0	800	2	1	0.004	4.555483e-01	2.889494e-01	1.152914e-01	1.147231e-01	1.154016e-01
0	nM655	100	0	800	2	1	0.004	-1.305328e-02	2.893987e-01	9.640350e-01	9.639787e-01	9.639901e-01
0	nM660	100	0	800	2	1	0.018	1.219090e-01	1.348309e-01	3.661822e-01	3.654321e-01	3.658279e-01
0	nM665	100	0	800	2	1	0.020	-1.090302e-01	1.262892e-01	3.882113e-01	3.874687e-01	3.878391e-01
0	nM668	100	0	800	2	1	0.085	6.967145e-03	6.342693e-02	9.125597e-01	9.124234e-01	9.124513e-01
0	nM671	100	0	800	2	1	0.055	-1.322349e-01	7.744759e-02	8.813445e-02	8.763780e-02	8.831595e-02
0	nM673	100	0	800	2	1	0.058	4.983096e-02	7.596356e-02	5.120228e-01	5.113622e-01	5.116084e-01
0	nM675	100	0	800	2	1	0.004	2.563447e-01	2.892568e-01	3.757668e-01	3.750196e-01	3.754042e-01
0	nM680	100	0	800	2	1	0.020	-1.118985e-01	1.262861e-01	3.758460e-01	3.750988e-01	3.754834e-01
0	nM694	100	0	800	2	1	0.043	1.296244e-01	8.756643e-02	1.391884e-01	1.385703e-01	1.392356e-01
0	nM698	100	0	800	2	1	0.059	7.111088e-02	7.517912e-02	3.444930e-01	3.437380e-01	3.441597e-01
0	nM703	100	0	800	2	1	0.005	-3.402499e-01	2.504949e-01	1.747491e-01	1.740749e-01	1.747074e-01
0	nM716	100	0	800	2	1	0.013	2.195502e-01	1.590213e-01	1.677781e-01	1.671134e-01	1.677532e-01
0	nM719	100	0	800	2	1	0.031	-1.547048e-01	1.015161e-01	1.279191e-01	1.273231e-01	1.279958e-01
0	nM723	100	0	800	2	1	0.033	1.171484e-01	9.966764e-02	2.401891e-01	2.394537e-01	2.400075e-01
0	nM729	100	0	800	2	1	0.021	3.472921e-01	1.220363e-01	4.543409e-03	4.480563e-03	4.698055e-03
0	nM749	100	0	800	2	1	0.028	-1.388666e-02	1.081636e-01	8.978762e-01	8.977171e-01	8.977500e-01
0	nM752	100	0	800	2	1	0.056	-2.730306e-02	7.676669e-02	7.221871e-01	7.217701e-01	7.218747e-01
0	nM758	100	0	800	2	1	0.011	3.795603e-02	1.677118e-01	8.210128e-01	8.207373e-01	8.207981e-01
0	nM761	100	0	800	2	1	0.098	1.609110e-03	5.963083e-02	9.784788e-01	9.784451e-01	9.784519e-01
0	nM767	100	0	800	2	1	0.046	8.704856e-02	8.416527e-02	3.013292e-01	3.005728e-01	3.010481e-01
0	nM769	100	0	800	2	1	0.024	5.455457e-02	1.161514e-01	6.387085e-01	6.381832e-01	6.383349e-01
0	nM775	100	0	800	2	1	0.062	-1.052505e-01	7.298038e-02	1.496454e-01	1.490088e-01	1.496657e-01
0	nM785	100	0	800	2	1	0.005	3.862506e-02	2.507806e-01	8.776334e-01	8.774433e-01	8.774832e-01
0	nM807	100	0	800	2	1	0.079	2.774528e-02	6.566506e-02	6.727540e-01	6.722714e-01	6.724026e-01
0	nM814	100	0	800	2	1	0.015	1.097066e-01	1.454717e-01	4.509851e-01	4.502765e-01	4.505799e-01
0	nM819	100	0	800	2	1	0.095	-1.827665e-02	6.032341e-02	7.619858e-01	7.616244e-01	7.617101e-01
0	nM822	100	0	800	2	1	0.010	-6.763197e-02	1.777624e-01	7.037032e-01	7.032612e-01	7.033754e-01
0	nM827	100	0	800	2	1	0.007	3.056905e-01	2.047365e-01	1.358083e-01	1.351966e-01	1.358643e-01
0	nM838	100	0	800	2	1	0.007	3.060909e-01	2.047358e-01	1.352958e-01	1.346851e-01	1.353531e-01
0	nM841	100	0	800	2	1	0.026	-1.487604e-01	1.105137e-01	1.786587e-01	1.779794e-01	1.786077e-01
0	nM849	100	0	800	2	1	0.004	-1.112553e-01	2.893723e-01	7.007316e-01	7.002856e-01	7.004014e-01
0	nM856	100	0	800	2	1	0.004	1.001663e-01	2.893774e-01	7.293256e-01	7.289184e-01	7.290195e-01
0	nM858	100	0	800	2	1	0.007	-1.702939e-03	2.050223e-01	9.933748e-01	9.933645e-01	9.933665e-01
0	nM865	100	0	800	2	1	0.010	7.029122e-02	1.777611e-01	6.926348e-01	6.921781e-01	6.922982e-01
0	nM868	100	0	800	2	1	0.049	-4.262806e-04	8.214144e-02	9.958606e-01	9.958541e-01	9.958554e-01
0	nM873	100	0	800	2	1	0.034	-1.152232e-01	9.786749e-02	2.394114e-01	2.386764e-01	2.392312e-01
0	nM879	100	0	800	2	1	0.015	2.388010e-01	1.452778e-01	1.006209e-01	1.000890e-01	1.007699e-01
0	nM883	100	0	800	2	1	0.029	-1.639900e-02	1.058537e-01	8.769224e-01	8.767312e-01	8.767714e-01
0	nM886	100	0	800	2	1	0.181	-3.741045e-02	4.589883e-02	4.152792e-01	4.145491e-01	4.148896e-01
0	nM917	100	0	800	2	1	0.045	-5.815816e-02	8.530266e-02	4.955721e-01	4.948972e-01	4.951581e-01
0	nM930	100	0	800	2	1	0.007	2.307990e-01	2.048594e-01	2.602412e-01	2.594955e-01	2.600236e-01
0	nM934	100	0	800	2	1	0.068	-2.254716e-02	7.050060e-02	7.491922e-01	7.488126e-01	7.489042e-01
0	nM937	100	0	800	2	1	0.004	-3.023856e-01	2.892011e-01	2.960672e-01	2.953115e-01	2.957935e-01
0	nM951	100	0	800	2	1	0.059	7.969296e-02	7.516833e-02	2.893775e-01	2.886229e-01	2.891135e-01
0	nM956	100	0	800	2	1	0.075	4.494524e-04	6.715765e-02	9.946619e-01	9.946535e-01	9.946552e-01
0	nM958	100	0	800	2	1	0.025	9.380915e-02	1.132500e-01	4.077272e-01	4.069933e-01	4.073420e-01
0	nM962	100	0	800	2	1	0.072	-1.455292e-01	6.801879e-02	3.269434e-02	3.242260e-02	3.297447e-02
0	nM979	100	0	800	2	1	0.013	-3.468867e-02	1.592064e-01	8.275745e-01	8.273087e-01	8.273670e-01
0	nM999	100	0	800	2	1	0.009	2.128268e-01	1.897839e-01	2.624479e-01	2.617013e-01	2.622266e-01
0	nM1002	100	0	800	2	1	0.031	-1.198924e-01	1.015751e-01	2.382199e-01	2.374856e-01	2.380419e-01
0	nM1008	100	0	800	2	1	0.004	-4.049220e-01	2.890439e-01	1.616323e-01	1.609766e-01	1.616225e-01
0	nM1016	100	0	800	2	1	0.050	6.022916e-03	8.116124e-02	9.408625e-01	9.407700e-01	9.407887e-01
0	nM1019	100	0	800	2	1	0.022	7.738755e-02	1.192430e-01	5.165312e-01	5.158747e-01	5.161170e-01
0	nM1022	100	0	800	2	1	0.005	7.020804e-02	2.507720e-01	7.795749e-01	7.792387e-01	7.793166e-01
0	nM1024	100	0	800	2	1	0.024	-6.213808e-02	1.161467e-01	5.928012e-01	5.922221e-01	5.924046e-01
0	nM1038	100	0	800	2	1	0.026	1.335655e-01	1.105380e-01	2.272813e-01	2.265543e-01	2.271246e-01
0	nM1046	100	0	800	2	1	0.121	-2.467121e-03	5.419046e-02	9.636988e-01	9.636420e-01	9.636534e-01
0	nM1051	100	0	800	2	1	0.016	-1.317153e-01	1.398256e-01	3.464791e-01	3.457244e-01	3.461437e-01
0	nM1056	100	0	800	2	1	0.018	-1.788653e-01	1.347512e-01	1.847645e-01	1.840777e-01	1.846992e-01
0	nM1062	100	0	800	2	1	0.056	3.758922e-02	7.676124e-02	6.244878e-01	6.239453e-01	6.241061e-01
0	nM1064	100	0	800	2	1	0.011	-3.142569e-01	1.673478e-01	6.076385e-02	6.036113e-02	6.100938e-02
0	nM1066	100	0	800	2	1	0.010	-1.637109e-02	1.777776e-01	9.266517e-01	9.265371e-01	9.265605e-01
0	nM1070	100	0	800	2	1	0.009	3.075354e-01	1.896211e-01	1.052323e-01	1.046885e-01	1.053692e-01
0	nM1080	100	0	800	2	1	0.098	-4.758521e-02	5.960706e-02	4.249252e-01	4.242004e-01	4.245306e-01
0	nM1084	100	0	800	2	1	0.005	3.050770e-01	2.505517e-01	2.237280e-01	2.230036e-01	2.235783e-01
0	nM1086	100	0	800	2	1	0.020	1.361425e-01	1.262562e-01	2.812243e-01	2.804716e-01	2.809727e-01
0	nM1091	100	0	800	2	1	0.009	7.563351e-02	1.899145e-01	6.905523e-01	6.900928e-01	6.902140e-01
0	nM1095	100	0	800	2	1	0.006	4.696204e-02	2.244432e-01	8.343159e-01	8.340602e-01	8.341159e-01
0	nM1098	100	0	800	2	1	0.096	-1.209872e-02	5.997377e-02	8.401764e-01	8.399295e-01	8.399830e-01
0	nM1107	100	0	800	2	1	0.011	-2.636231e-01	1.674573e-01	1.158213e-01	1.152518e-01	1.159301e-01
0	nM1115	100	0	800	2	1	0.018	8.693772e-03	1.348996e-01	9.486310e-01	9.485507e-01	9.485669e-01
0	nM1122	100	0	800	2	1	0.006	-1.489462e-01	2.243874e-01	5.070162e-01	5.063511e-01	5.066017e-01
0	nM1134	100	0	800	2	1	0.037	1.063918e-01	9.303050e-02	2.531230e-01	2.523805e-01	2.529178e-01
0	nM1136	100	0	800	2	1	0.011	2.416292e-01	1.674989e-01	1.495335e-01	1.488971e-01	1.495540e-01
0	nM1161	100	0	800	2	1	0.081	3.622304e-02	6.472937e-02	5.759042e-01	5.753066e-01	5.755013e-01
0	nM1168	100	0	800	2	1	0.037	9.837801e-02	9.304155e-02	2.906693e-01	2.899145e-01	2.904034e-01
0	nM1171	100	0	800	2	1	0.071	4.980394e-02	6.874044e-02	4.689579e-01	4.682621e-01	4.685478e-01
0	nM1174	100	0	800	2	1	0.031	-4.647660e-03	1.016636e-01	9.635480e-01	9.634910e-01	9.635024e-01
0	nM1178	100	0	800	2	1	0.070	3.732526e-02	6.931506e-02	5.903911e-01	5.898093e-01	5.899934e-01
0	nM1189	100	0	800	2	1	0.021	-3.680790e-01	1.219599e-01	2.625136e-03	2.584726e-03	2.741498e-03
0	nM1192	100	0	800	2	1	0.009	-1.146561e-02	1.899330e-01	9.518788e-01	9.518035e-01	9.518187e-01
0	nM1198	100	0	800	2	1	0.005	-2.402022e-01	2.506402e-01	3.381741e-01	3.374181e-01	3.378475e-01
0	nM1201	100	0	800	2	1	0.004	-2.568303e-01	2.892562e-01	3.748627e-01	3.741152e-01	3.745009e-01
0	nM1203	100	0	800	2	1	0.007	2.639062e-01	2.048093e-01	1.979294e-01	1.972280e-01	1.978343e-01
0	nM1212	100	0	800	2	1	0.060	-2.950734e-02	7.447572e-02	6.920629e-01	6.916054e-01	6.917258e-01
0	nM1228	100	0	800	2	1	0.013	-3.184186e-01	1.588116e-01	4.529943e-02	4.496325e-02	4.557082e-02
0	nM1237	100	0	800	2	1	0.043	1.576015e-02	8.768480e-02	8.574052e-01	8.571843e-01	8.572314e-01
0	nM1242	100	0	800	2	1	0.015	1.206018e-01	1.454609e-01	4.072952e-01	4.065611e-01	4.069102e-01
0	nM1244	100	0	800	2	1	0.044	1.020927e-01	8.640575e-02	2.377365e-01	2.370025e-01	2.375595e-01
0	nM1246	100	0	800	2	1	0.074	1.333186e-01	6.751392e-02	4.864843e-02	4.829680e-02	4.891529e-02
0	nM1249	100	0	800	2	1	0.021	4.997083e-02	1.226412e-01	6.837828e-01	6.833144e-01	6.834394e-01
0	nM1259	100	0	800	2	1	0.030	-1.602267e-01	1.035380e-01	1.221354e-01	1.215518e-01	1.222274e-01
0	nM1263	100	0	800	2	1	0.013	-3.247183e-01	1.587956e-01	4.119407e-02	4.087770e-02	4.146993e-02
