chr	rs	ps	n_mis	n_obs	allele1	allele0	af	beta	se	p_wald	p_lrt	p_score
0	cM1	0	0	800	2	1	0.034	-5.284446e-02	9.793460e-02	5.896309e-01	5.890483e-01	5.892330e-01
0	cM5	0	0	800	2	1	0.007	-3.131672e-02	2.050193e-01	8.786340e-01	8.784454e-01	8.784849e-01
0	cM6	0	0	800	2	1	0.083	-1.557792e-02	6.429113e-02	8.086078e-01	8.083139e-01	8.083797e-01
0	cM9	0	0	800	2	1	0.079	-4.710903e-02	6.565124e-02	4.732356e-01	4.725429e-01	4.728245e-01
0	cM11	0	0	800	2	1	0.037	-1.607909e-01	9.293257e-02	8.398325e-02	8.349925e-02	8.417526e-02
0	cM14	0	0	800	2	1	0.009	-3.244689e-01	1.895858e-01	8.738442e-02	8.689002e-02	8.756784e-02
0	cM16	0	0	800	2	1	0.005	-3.144359e-01	2.505372e-01	2.098292e-01	2.091163e-01	2.097083e-01
0	cM22	0	0	800	2	1	0.046	4.500912e-02	8.420660e-02	5.931389e-01	5.925602e-01	5.927424e-01
0	cM25	0	0	800	2	1	0.033	2.092956e-01	9.947837e-02	3.569682e-02	3.540871e-02	3.597633e-02
0	cM26	0	0	800	2	1	0.075	8.340954e-02	6.709271e-02	2.141599e-01	2.134432e-01	2.140299e-01
0	cM28	0	0	800	2	1	0.021	-4.349668e-01	1.216837e-01	3.718860e-04	3.640736e-04	4.066643e-04
0	cM32	0	0	800	2	1	0.085	5.403042e-01	6.047488e-02	2.792558e-18	2.475546e-18	7.353681e-17
0	cM35	0	0	800	2	1	0.006	-3.322760e-01	2.241410e-01	1.386175e-01	1.380005e-01	1.386661e-01
0	cM44	0	0	800	2	1	0.006	1.762349e+00	2.156049e-01	1.168402e-15	1.055224e-15	1.227470e-14
0	nM1	0	0	800	2	1	0.019	-9.524053e-02	1.303651e-01	4.652577e-01	4.645591e-01	4.648484e-01
0	nM3	0	0	800	2	1	0.010	1.820249e-01	1.776618e-01	3.058819e-01	3.051251e-01	3.055947e-01
0	nM4	0	0	800	2	1	0.004	5.850983e-02	2.893917e-01	8.398259e-01	8.395784e-01	8.396321e-01
0	nM9	0	0	800	2	1	0.007	6.075385e-01	2.038912e-01	2.972661e-03	2.927955e-03	3.097112e-03
0	nM10	0	0	800	2	1	0.007	-2.698734e-01	2.047996e-01	1.879676e-01	1.872771e-01	1.878950e-01
0	nM11	0	0	800	2	1	0.024	-9.200849e-02	1.161218e-01	4.283954e-01	4.276725e-01	4.279991e-01
0	nM12	0	0	800	2	1	0.018	3.141158e-02	1.348953e-01	8.159307e-01	8.156476e-01	8.157104e-01
0	nM15	0	0	800	2	1	0.005	-8.798994e-02	2.507650e-01	7.257665e-01	7.253544e-01	7.254573e-01
0	nM23	0	0	800	2	1	0.005	-2.073883e-01	2.506769e-01	4.083068e-01	4.075732e-01	4.079212e-01
0	nM27	0	0	800	2	1	0.015	-8.016230e-02	1.454959e-01	5.818158e-01	5.812246e-01	5.814150e-01
0	nM28	0	0	800	2	1	0.049	-4.878655e-02	8.212329e-02	5.526372e-01	5.520153e-01	5.522278e-01
0	nM31	0	0	800	2	1	0.040	-7.674637e-02	9.022660e-02	3.952491e-01	3.945094e-01	3.948718e-01
0	nM37	0	0	800	2	1	0.029	-7.306508e-02	1.058237e-01	4.901173e-01	4.894379e-01	4.897037e-01
0	nM40	0	0	800	2	1	0.214	5.178805e-02	4.310933e-02	2.299839e-01	2.292550e-01	2.298219e-01
0	nM42	0	0	800	2	1	0.022	-5.547029e-02	1.192583e-01	6.419671e-01	6.414458e-01	6.415954e-01
0	nM47	0	0	800	2	1	0.006	-2.599463e-01	2.242607e-01	2.467518e-01	2.460125e-01	2.465580e-01
0	nM50	0	0	800	2	1	0.005	-3.224936e-01	2.505244e-01	1.983719e-01	1.976701e-01	1.982759e-01
0	nM51	0	0	800	2	1	0.052	-4.583785e-02	7.929336e-02	5.633737e-01	5.627629e-01	5.629670e-01
0	nM53	0	0	800	2	1	0.010	-3.296092e-01	1.773953e-01	6.353003e-02	6.311659e-02	6.376987e-02
0	nM57	0	0	800	2	1	0.014	2.487256e-01	1.516426e-01	1.013558e-01	1.008220e-01	1.015029e-01
0	nM62	0	0	800	2	1	0.033	-3.039262e-03	9.975383e-02	9.757017e-01	9.756637e-01	9.756713e-01
0	nM67	0	0	800	2	1	0.021	-4.975380e-02	1.226413e-01	6.850825e-01	6.846158e-01	6.847401e-01
0	nM71	0	0	800	2	1	0.004	3.020533e-03	2.893991e-01	9.916750e-01	9.916620e-01	9.916646e-01
0	nM72	0	0	800	2	1	0.056	9.886670e-02	7.669297e-02	1.977287e-01	1.970275e-01	1.976341e-01
0	nM73	0	0	800	2	1	0.013	2.041173e-02	1.592095e-01	8.980177e-01	8.978589e-01	8.978917e-01
0	nM76	0	0	800	2	1	0.007	3.346775e-02	2.050189e-01	8.703690e-01	8.701678e-01	8.702103e-01
0	nM82	0	0	800	2	1	0.006	-1.411107e-01	2.243938e-01	5.296254e-01	5.289810e-01	5.292122e-01
0	nM85	0	0	800	2	1	0.236	-5.474944e-02	4.159725e-02	1.884918e-01	1.878006e-01	1.884179e-01
0	nM86	0	0	800	2	1	0.024	-1.075512e-01	1.161051e-01	3.545567e-01	3.538036e-01	3.542132e-01
0	nM92	0	0	800	2	1	0.068	-2.770048e-02	7.049831e-02	6.944805e-01	6.940262e-01	6.941454e-01
0	nM94	0	0	800	2	1	0.018	-1.413752e-01	1.348071e-01	2.946233e-01	2.938678e-01	2.943517e-01
0	nM99	0	0	800	2	1	0.004	-1.282607e-01	2.893635e-01	6.577041e-01	6.572023e-01	6.573424e-01
0	nM100	0	0	800	2	1	0.044	-4.536623e-02	8.646640e-02	5.999591e-01	5.993881e-01	5.995655e-01
0	nM105	0	0	800	2	1	0.021	-2.736363e-02	1.226502e-01	8.235124e-01	8.232405e-01	8.233004e-01
0	nM107	0	0	800	2	1	0.005	-1.014760e-01	2.507586e-01	6.858242e-01	6.853585e-01	6.854824e-01
0	nM108	0	0	800	2	1	0.050	1.145214e-01	8.106021e-02	1.581063e-01	1.574560e-01	1.581053e-01
0	nM110	0	0	800	2	1	0.028	-6.507726e-02	1.081402e-01	5.474877e-01	5.468606e-01	5.470772e-01
0	nM111	0	0	800	2	1	0.006	-1.727341e-01	2.243661e-01	4.416011e-01	4.408863e-01	4.411991e-01
0	nM114	0	0	800	2	1	0.004	3.717835e-01	2.890997e-01	1.988145e-01	1.981122e-01	1.987174e-01
0	nM116	0	0	800	2	1	0.077	6.318522e-02	6.611722e-02	3.395362e-01	3.387804e-01	3.392081e-01
0	nM118	0	0	800	2	1	0.006	-2.480545e-01	2.242776e-01	2.690531e-01	2.683041e-01	2.688208e-01
0	nM120	0	0	800	2	1	0.107	6.119298e-02	5.706581e-02	2.838992e-01	2.831458e-01	2.836434e-01
0	nM121	0	0	800	2	1	0.005	4.803896e-03	2.507843e-01	9.847219e-01	9.846979e-01	9.847027e-01
0	nM130	0	0	800	2	1	0.005	1.720710e-01	2.507104e-01	4.927021e-01	4.920249e-01	4.922884e-01
0	nM134	0	0	800	2	1	0.005	-3.628686e-01	2.504552e-01	1.477761e-01	1.471427e-01	1.478011e-01
0	nM136	0	0	800	2	1	0.009	-2.832802e-02	1.899308e-01	8.814736e-01	8.812893e-01	8.813279e-01
0	nM137	0	0	800	2	1	0.020	1.561449e-03	1.263482e-01	9.901428e-01	9.901274e-01	9.901305e-01
0	nM138	0	0	800	2	1	0.007	-1.696165e-01	2.049344e-01	4.081092e-01	4.073754e-01	4.077237e-01
0	nM139	0	0	800	2	1	0.018	1.048540e-01	1.348489e-01	4.370548e-01	4.363371e-01	4.366547e-01
0	nM143	0	0	800	2	1	0.014	6.142405e-02	1.518825e-01	6.860135e-01	6.855481e-01	6.856718e-01
0	nM146	0	0	800	2	1	0.024	3.789569e-02	1.161598e-01	7.443301e-01	7.439437e-01	7.440376e-01
0	nM148	0	0	800	2	1	0.030	2.113697e-01	1.034229e-01	4.130702e-02	4.099009e-02	4.158277e-02
0	nM150	0	0	800	2	1	0.004	-4.940208e-01	2.888702e-01	8.762089e-02	8.712577e-02	8.780370e-02
0	nM154	0	0	800	2	1	0.018	-1.646025e-01	1.347740e-01	2.223247e-01	2.216014e-01	2.221779e-01
0	nM158	0	0	800	2	1	0.004	-4.069693e-01	2.890403e-01	1.595199e-01	1.588675e-01	1.595154e-01
0	nM163	0	0	800	2	1	0.011	-4.370897e-02	1.677100e-01	7.944510e-01	7.941364e-01	7.942080e-01
0	nM166	0	0	800	2	1	0.004	-2.626284e-01	2.892498e-01	3.641713e-01	3.634206e-01	3.638188e-01
0	nM171	0	0	800	2	1	0.004	2.312112e-01	2.892834e-01	4.243803e-01	4.236552e-01	4.239860e-01
0	nM174	0	0	800	2	1	0.039	-9.087087e-04	9.165221e-02	9.920918e-01	9.920794e-01	9.920819e-01
0	nM176	0	0	800	2	1	0.010	-3.878631e-02	1.777733e-01	8.273458e-01	8.270797e-01	8.271381e-01
0	nM182	0	0	800	2	1	0.011	9.142855e-02	1.676859e-01	5.857430e-01	5.851561e-01	5.853436e-01
0	nM185	0	0	800	2	1	0.026	-3.542536e-02	1.106320e-01	7.488937e-01	7.485137e-01	7.486055e-01
0	nM186	0	0	800	2	1	0.013	1.468727e-01	1.591262e-01	3.562888e-01	3.555361e-01	3.559436e-01
0	nM187	0	0	800	2	1	0.004	-6.964089e-02	2.893886e-01	8.098895e-01	8.095975e-01	8.096628e-01
0	nM191	0	0	800	2	1	0.025	-1.101226e-01	1.132316e-01	3.310750e-01	3.303183e-01	3.307564e-01
0	nM192	0	0	800	2	1	0.107	2.177407e-02	5.710171e-02	7.030667e-01	7.026238e-01	7.027383e-01
0	nM195	0	0	800	2	1	0.179	-7.368783e-02	4.609374e-02	1.102939e-01	1.097375e-01	1.104173e-01
0	nM196	0	0	800	2	1	0.046	-5.541214e-02	8.419883e-02	5.106569e-01	5.099951e-01	5.102425e-01
0	nM199	0	0	800	2	1	0.015	-3.975014e-02	1.455167e-01	7.847968e-01	7.844681e-01	7.845437e-01
0	nM200	0	0	800	2	1	0.029	6.934603e-02	1.058268e-01	5.124774e-01	5.118172e-01	5.120630e-01
0	nM206	0	0	800	2	1	0.284	-7.904333e-02	3.913719e-02	4.375374e-02	4.342490e-02	4.402697e-02
0	nM209	0	0	800	2	1	0.013	-1.420287e-01	1.591317e-01	3.723817e-01	3.716334e-01	3.720220e-01
0	nM214	0	0	800	2	1	0.045	-1.748673e-02	8.532526e-02	8.376697e-01	8.374190e-01	8.374735e-01
0	nM215	0	0	800	2	1	0.005	-5.741169e-02	2.507761e-01	8.189773e-01	8.186987e-01	8.187604e-01
0	nM222	0	0	800	2	1	0.064	-1.676653e-01	7.216006e-02	2.040170e-02	2.020558e-02	2.066863e-02
0	nM224	0	0	800	2	1	0.015	-2.126410e-01	1.453287e-01	1.438139e-01	1.431874e-01	1.438491e-01
0	nM225	0	0	800	2	1	0.019	5.209665e-02	1.303957e-01	6.896115e-01	6.891507e-01	6.892725e-01
0	nM227	0	0	800	2	1	0.007	1.570792e-01	2.049469e-01	4.436420e-01	4.429286e-01	4.432394e-01
0	nM235	0	0	800	2	1	0.004	1.085037e-01	2.893736e-01	7.077894e-01	7.073529e-01	7.074649e-01
0	nM239	0	0	800	2	1	0.031	-1.006898e-02	1.016631e-01	9.211293e-01	9.210062e-01	9.210313e-01
0	nM243	0	0	800	2	1	0.007	-1.616824e-01	2.049424e-01	4.303954e-01	4.296737e-01	4.299982e-01
0	nM246	0	0	800	2	1	0.018	-2.730833e-01	1.345531e-01	4.273292e-02	4.240900e-02	4.300726e-02
0	nM247	0	0	800	2	1	0.033	1.414590e-01	9.962812e-02	1.560360e-01	1.553889e-01	1.560401e-01
0	nM249	0	0	800	2	1	0.040	-1.046492e-01	9.019145e-02	2.462734e-01	2.455345e-01	2.460805e-01
0	nM251	0	0	800	2	1	0.006	2.043052e-01	2.243328e-01	3.627161e-01	3.619650e-01	3.623648e-01
0	nM252	0	0	800	2	1	0.004	-3.394543e-01	2.891495e-01	2.407553e-01	2.400195e-01	2.405726e-01
0	nM256	0	0	800	2	1	0.007	-1.337340e-01	2.049676e-01	5.142898e-01	5.136312e-01	5.138754e-01
0	nM258	0	0	800	2	1	0.009	-4.239172e-02	1.899275e-01	8.234374e-01	8.231654e-01	8.232253e-01
0	nM259	0	0	800	2	1	0.028	1.772665e-01	1.079826e-01	1.010625e-01	1.005295e-01	1.012104e-01
0	nM260	0	0	800	2	1	0.004	-2.696224e-01	2.892417e-01	3.515306e-01	3.507769e-01	3.511901e-01
0	nM261	0	0	800	2	1	0.009	-3.427386e-01	1.895455e-01	7.094976e-02	7.050902e-02	7.117324e-02
0	nM263	0	0	800	2	1	0.004	-1.541052e-01	2.893477e-01	5.944621e-01	5.938849e-01	5.940661e-01
0	nM265	0	0	800	2	1	0.045	-4.147165e-02	8.531488e-02	6.270290e-01	6.264895e-01	6.266487e-01
0	nM266	0	0	800	2	1	0.026	-2.292265e-02	1.106361e-01	8.359147e-01	8.356614e-01	8.357165e-01
0	nM274	0	0	800	2	1	0.004	-2.318730e-01	2.892827e-01	4.230549e-01	4.223291e-01	4.226612e-01
0	nM281	0	0	800	2	1	0.011	5.451899e-02	1.677061e-01	7.452007e-01	7.448156e-01	7.449090e-01
0	nM283	0	0	800	2	1	0.004	-2.324495e-01	2.892821e-01	4.219024e-01	4.211759e-01	4.215093e-01
0	nM286	0	0	800	2	1	0.031	5.600796e-02	1.016444e-01	5.817752e-01	5.811840e-01	5.813743e-01
0	nM288	0	0	800	2	1	0.015	1.193250e-01	1.454622e-01	4.122810e-01	4.115493e-01	4.118930e-01
0	nM294	0	0	800	2	1	0.013	8.638627e-02	1.591818e-01	5.874952e-01	5.869102e-01	5.870964e-01
0	nM297	0	0	800	2	1	0.015	1.429130e-01	1.454356e-01	3.260752e-01	3.253182e-01	3.257624e-01
0	nM300	0	0	800	2	1	0.011	-9.131413e-02	1.676860e-01	5.862123e-01	5.856259e-01	5.858130e-01
0	nM302	0	0	800	2	1	0.014	-5.764875e-02	1.518843e-01	7.043753e-01	7.039342e-01	7.040480e-01
0	nM303	0	0	800	2	1	0.007	-1.496580e-01	2.049539e-01	4.654801e-01	4.647816e-01	4.650707e-01
0	nM305	0	0	800	2	1	0.085	1.451197e-02	6.342533e-02	8.190799e-01	8.188014e-01	8.188631e-01
0	nM306	0	0	800	2	1	0.005	-1.378011e-01	2.507369e-01	5.827583e-01	5.821682e-01	5.823578e-01
0	nM307	0	0	800	2	1	0.004	3.456370e-01	2.891404e-01	2.322878e-01	2.315573e-01	2.321213e-01
0	nM314	0	0	800	2	1	0.004	1.232260e-01	2.893662e-01	6.703334e-01	6.698477e-01	6.699803e-01
0	nM318	0	0	800	2	1	0.004	-1.882469e-01	2.893224e-01	5.154612e-01	5.148037e-01	5.150470e-01
0	nM319	0	0	800	2	1	0.221	-1.818630e-02	4.260953e-02	6.696308e-01	6.691441e-01	6.692771e-01
0	nM324	0	0	800	2	1	0.091	7.647513e-03	6.142627e-02	9.009515e-01	9.007972e-01	9.008291e-01
0	nM325	0	0	800	2	1	0.005	4.121981e-01	2.503595e-01	1.000701e-01	9.953969e-02	1.002206e-01
0	nM336	0	0	800	2	1	0.113	-5.699558e-03	5.598011e-02	9.189299e-01	9.188034e-01	9.188293e-01
0	nM340	0	0	800	2	1	0.011	-1.356511e-01	1.676484e-01	4.186757e-01	4.179474e-01	4.182843e-01
0	nM343	0	0	800	2	1	0.209	-6.068477e-02	4.347076e-02	1.631056e-01	1.624477e-01	1.630921e-01
0	nM347	0	0	800	2	1	0.007	-1.742439e-01	2.049295e-01	3.954342e-01	3.946946e-01	3.950569e-01
0	nM354	0	0	800	2	1	0.059	-1.309215e-01	7.507835e-02	8.157922e-02	8.110279e-02	8.177723e-02
0	nM357	0	0	800	2	1	0.019	-3.695288e-02	1.304021e-01	7.769619e-01	7.766218e-01	7.767009e-01
0	nM360	0	0	800	2	1	0.046	2.063121e-01	8.390442e-02	1.414783e-02	1.399742e-02	1.439190e-02
0	nM367	0	0	800	2	1	0.026	-4.033617e-02	1.106299e-01	7.155032e-01	7.150770e-01	7.151851e-01
0	nM373	0	0	800	2	1	0.015	1.880667e-01	1.453712e-01	1.961434e-01	1.954438e-01	1.960522e-01
0	nM378	0	0	800	2	1	0.029	8.851189e-02	1.058089e-01	4.031096e-01	4.023734e-01	4.027272e-01
0	nM385	0	0	800	2	1	0.004	9.381741e-04	2.893991e-01	9.974142e-01	9.974102e-01	9.974110e-01
0	nM386	0	0	800	2	1	0.170	6.699817e-03	4.708993e-02	8.868971e-01	8.867211e-01	8.867578e-01
0	nM387	0	0	800	2	1	0.223	-2.636897e-02	4.251843e-02	5.353180e-01	5.346790e-01	5.349055e-01
0	nM392	0	0	800	2	1	0.018	9.697664e-02	1.348562e-01	4.722829e-01	4.715895e-01	4.718720e-01
0	nM393	0	0	800	2	1	0.006	-1.363407e-02	2.244489e-01	9.515778e-01	9.515020e-01	9.515173e-01
0	nM397	0	0	800	2	1	0.071	-7.678501e-02	6.870931e-02	2.641023e-01	2.633550e-01	2.638782e-01
0	nM403	0	0	800	2	1	0.005	-6.135171e-02	2.507750e-01	8.067915e-01	8.064949e-01	8.065615e-01
0	nM408	0	0	800	2	1	0.004	4.993098e-01	2.888588e-01	8.427472e-02	8.378982e-02	8.446600e-02
0	nM410	0	0	800	2	1	0.010	4.597138e-01	1.770322e-01	9.583414e-03	9.471063e-03	9.797509e-03
0	nM411	0	0	800	2	1	0.013	1.757739e-01	1.590895e-01	2.695472e-01	2.687980e-01	2.693140e-01
0	nM413	0	0	800	2	1	0.024	1.409445e-01	1.160603e-01	2.249514e-01	2.242262e-01	2.247993e-01
0	nM415	0	0	800	2	1	0.005	-1.163646e-01	2.507505e-01	6.427276e-01	6.422072e-01	6.423564e-01
0	nM417	0	0	800	2	1	0.004	5.006638e-01	2.888559e-01	8.343488e-02	8.295259e-02	8.362826e-02
0	nM422	0	0	800	2	1	0.014	1.135697e-01	1.518448e-01	4.547213e-01	4.540152e-01	4.543149e-01
0	nM428	0	0	800	2	1	0.092	5.591275e-02	6.102032e-02	3.597878e-01	3.590360e-01	3.594393e-01
0	nM430	0	0	800	2	1	0.005	-1.311545e-01	2.507414e-01	6.010729e-01	6.005031e-01	6.006797e-01
0	nM431	0	0	800	2	1	0.028	-3.019547e-02	1.081595e-01	7.801826e-01	7.798472e-01	7.799248e-01
0	nM434	0	0	800	2	1	0.014	5.335954e-02	1.518863e-01	7.254467e-01	7.250342e-01	7.251372e-01
0	nM436	0	0	800	2	1	0.080	-5.191097e-03	6.520132e-02	9.365623e-01	9.364631e-01	9.364833e-01
0	nM437	0	0	800	2	1	0.004	-1.521811e-01	2.893490e-01	5.990738e-01	5.985018e-01	5.986798e-01
0	nM438	0	0	800	2	1	0.006	-6.559830e-02	2.244374e-01	7.701494e-01	7.697996e-01	7.698816e-01
0	nM439	0	0	800	2	1	0.007	3.803348e-01	2.045798e-01	6.338046e-02	6.296758e-02	6.362061e-02
0	nM440	0	0	800	2	1	0.039	8.484171e-02	9.160300e-02	3.546277e-01	3.538746e-01	3.542841e-01
0	nM447	0	0	800	2	1	0.025	5.496886e-03	1.132985e-01	9.613165e-01	9.612559e-01	9.612681e-01
0	nM448	0	0	800	2	1	0.018	1.583720e-01	1.347834e-01	2.403406e-01	2.396050e-01	2.401586e-01
0	nM450	0	0	800	2	1	0.033	-3.486453e-02	9.974626e-02	7.267820e-01	7.263713e-01	7.264737e-01
0	nM453	0	0	800	2	1	0.010	-2.354459e-02	1.777766e-01	8.946703e-01	8.945063e-01	8.945403e-01
0	nM460	0	0	800	2	1	0.004	-2.102682e-01	2.893034e-01	4.675564e-01	4.668595e-01	4.671465e-01
0	nM461	0	0	800	2	1	0.131	1.596711e-02	5.238111e-02	7.605783e-01	7.602148e-01	7.603012e-01
0	nM463	0	0	800	2	1	0.015	-5.597999e-02	1.455101e-01	7.005506e-01	7.001044e-01	7.002203e-01
0	nM465	0	0	800	2	1	0.007	-1.039960e-01	2.049893e-01	6.120676e-01	6.115105e-01	6.116796e-01
0	nM468	0	0	800	2	1	0.091	-7.417840e-02	6.137072e-02	2.271385e-01	2.264116e-01	2.269821e-01
0	nM473	0	0	800	2	1	0.076	-1.757075e-02	6.664705e-02	7.921263e-01	7.918083e-01	7.918808e-01
0	nM476	0	0	800	2	1	0.071	6.177715e-02	6.872827e-02	3.689979e-01	3.682486e-01	3.686411e-01
0	nM477	0	0	800	2	1	0.009	1.257727e-01	1.898812e-01	5.079217e-01	5.072575e-01	5.075073e-01
0	nM478	0	0	800	2	1	0.014	-3.214884e-01	1.514711e-01	3.410818e-02	3.382864e-02	3.438815e-02
0	nM482	0	0	800	2	1	0.004	-1.735314e-01	2.893339e-01	5.488353e-01	5.482096e-01	5.484251e-01
0	nM483	0	0	800	2	1	0.022	-2.423299e-01	1.189656e-01	4.198203e-02	4.166178e-02	4.225713e-02
0	nM485	0	0	800	2	1	0.028	-5.995106e-02	1.081440e-01	5.794854e-01	5.788917e-01	5.790838e-01
0	nM487	0	0	800	2	1	0.016	6.971333e-02	1.398815e-01	6.183577e-01	6.178080e-01	6.179729e-01
0	nM489	0	0	800	2	1	0.102	6.066880e-02	5.828049e-02	2.982003e-01	2.974443e-01	2.979236e-01
0	nM494	0	0	800	2	1	0.021	-4.258298e-02	1.226447e-01	7.285281e-01	7.281198e-01	7.282213e-01
0	nM495	0	0	800	2	1	0.018	-5.208001e-02	1.348873e-01	6.995255e-01	6.990779e-01	6.991943e-01
0	nM497	0	0	800	2	1	0.079	-4.298744e-02	6.565478e-02	5.128177e-01	5.121578e-01	5.124033e-01
0	nM499	0	0	800	2	1	0.005	3.336337e-01	2.505061e-01	1.832935e-01	1.826085e-01	1.832316e-01
0	nM502	0	0	800	2	1	0.007	1.628608e-02	2.050215e-01	9.367058e-01	9.366069e-01	9.366269e-01
0	nM504	0	0	800	2	1	0.011	-2.014611e-01	1.675655e-01	2.296105e-01	2.288819e-01	2.294492e-01
0	nM506	0	0	800	2	1	0.019	-8.654506e-02	1.303727e-01	5.069921e-01	5.063270e-01	5.065777e-01
0	nM508	0	0	800	2	1	0.034	-4.621477e-02	9.793880e-02	6.371457e-01	6.366185e-01	6.367712e-01
0	nM511	0	0	800	2	1	0.071	-1.423763e-01	6.857810e-02	3.820255e-02	3.790130e-02	3.848077e-02
0	nM514	0	0	800	2	1	0.011	-1.515978e-01	1.676313e-01	3.660812e-01	3.653310e-01	3.657270e-01
0	nM515	0	0	800	2	1	0.005	6.771472e-03	2.507843e-01	9.784655e-01	9.784318e-01	9.784386e-01
0	nM516	0	0	800	2	1	0.036	7.441446e-02	9.460030e-02	4.317380e-01	4.310172e-01	4.313402e-01
0	nM517	0	0	800	2	1	0.005	-3.520622e-01	2.504745e-01	1.602378e-01	1.595842e-01	1.602314e-01
0	nM520	0	0	800	2	1	0.007	2.738708e-01	2.047930e-01	1.815040e-01	1.808211e-01	1.814463e-01
0	nM521	0	0	800	2	1	0.075	-6.600631e-02	6.711699e-02	3.256833e-01	3.249262e-01	3.253710e-01
0	nM527	0	0	800	2	1	0.028	3.106836e-02	1.081592e-01	7.739981e-01	7.736538e-01	7.737341e-01
0	nM528	0	0	800	2	1	0.036	-2.852440e-02	9.463158e-02	7.631684e-01	7.628086e-01	7.628938e-01
0	nM531	0	0	800	2	1	0.007	1.439314e-01	2.049590e-01	4.827313e-01	4.820460e-01	4.823186e-01
0	nM533	0	0	800	2	1	0.013	-3.144900e-01	1.588214e-01	4.802994e-02	4.768112e-02	4.829769e-02
0	nM535	0	0	800	2	1	0.018	-4.705979e-02	1.348896e-01	7.272742e-01	7.268642e-01	7.269664e-01
0	nM536	0	0	800	2	1	0.006	-5.410800e-01	2.236306e-01	1.576333e-02	1.560050e-02	1.601490e-02
0	nM539	0	0	800	2	1	0.006	1.563620e-01	2.243811e-01	4.860941e-01	4.854115e-01	4.856810e-01
0	nM542	0	0	800	2	1	0.005	-1.019720e-01	2.507584e-01	6.843709e-01	6.839033e-01	6.840279e-01
0	nM544	0	0	800	2	1	0.006	3.550753e-01	2.240972e-01	1.134829e-01	1.129188e-01	1.135979e-01
0	nM555	0	0	800	2	1	0.019	3.903222e-02	1.304014e-01	7.647710e-01	7.644135e-01	7.644980e-01
0	nM558	0	0	800	2	1	0.004	-4.216530e-02	2.893953e-01	8.841939e-01	8.840138e-01	8.840514e-01
0	nM559	0	0	800	2	1	0.018	2.361483e-01	1.346407e-01	7.982886e-02	7.935805e-02	8.003119e-02
0	nM566	0	0	800	2	1	0.030	-1.052991e-01	1.036262e-01	3.098693e-01	3.091122e-01	3.095767e-01
0	nM567	0	0	800	2	1	0.005	-2.565483e-01	2.506199e-01	3.063085e-01	3.055517e-01	3.060207e-01
0	nM570	0	0	800	2	1	0.004	-8.049139e-02	2.893851e-01	7.809721e-01	7.806379e-01	7.807152e-01
0	nM573	0	0	800	2	1	0.013	-4.821331e-01	1.582937e-01	2.396865e-03	2.359346e-03	2.507541e-03
0	nM577	0	0	800	2	1	0.026	2.752979e-02	1.106348e-01	8.035526e-01	8.032513e-01	8.033191e-01
0	nM582	0	0	800	2	1	0.007	-2.568209e-01	2.048206e-01	2.102521e-01	2.095388e-01	2.101303e-01
0	nM584	0	0	800	2	1	0.025	-8.968448e-02	1.132542e-01	4.286619e-01	4.279393e-01	4.282655e-01
0	nM587	0	0	800	2	1	0.031	-8.061092e-02	1.016237e-01	4.278799e-01	4.271568e-01	4.274838e-01
0	nM588	0	0	800	2	1	0.009	-1.817002e-01	1.898245e-01	3.387557e-01	3.379998e-01	3.384285e-01
0	nM591	0	0	800	2	1	0.010	-6.556329e-02	1.777634e-01	7.123573e-01	7.119269e-01	7.120366e-01
0	nM601	0	0	800	2	1	0.026	-7.419371e-02	1.106079e-01	5.025540e-01	5.018851e-01	5.021397e-01
0	nM605	0	0	800	2	1	0.151	7.885596e-04	4.936957e-02	9.872603e-01	9.872403e-01	9.872443e-01
0	nM607	0	0	800	2	1	0.111	-3.616585e-02	5.623992e-02	5.203675e-01	5.197145e-01	5.199535e-01
0	nM608	0	0	800	2	1	0.031	3.780278e-01	1.007792e-01	1.888338e-04	1.844968e-04	2.106471e-04
0	nM609	0	0	800	2	1	0.056	5.915330e-02	7.674422e-02	4.410624e-01	4.403473e-01	4.406607e-01
0	nM612	0	0	800	2	1	0.007	-5.347088e-02	2.050136e-01	7.943015e-01	7.939866e-01	7.940583e-01
0	nM614	0	0	800	2	1	0.019	-2.096792e-01	1.301973e-01	1.076901e-01	1.071401e-01	1.078204e-01
0	nM619	0	0	800	2	1	0.116	-8.591919e-02	5.510300e-02	1.193344e-01	1.187569e-01	1.194338e-01
0	nM620	0	0	800	2	1	0.026	-9.805273e-02	1.105846e-01	3.755206e-01	3.747733e-01	3.751582e-01
0	nM624	0	0	800	2	1	0.007	-2.248775e-01	2.048677e-01	2.726789e-01	2.719286e-01	2.724406e-01
0	nM628	0	0	800	2	1	0.014	-1.832542e-01	1.517594e-01	2.275855e-01	2.268583e-01	2.274282e-01
0	nM630	0	0	800	2	1	0.004	-2.324417e-01	2.892821e-01	4.219181e-01	4.211916e-01	4.215250e-01
0	nM631	0	0	800	2	1	0.011	-1.729826e-01	1.676053e-01	3.023460e-01	3.015895e-01	3.020636e-01
0	nM632	0	0	800	2	1	0.037	6.561010e-02	9.307774e-02	4.810808e-01	4.803942e-01	4.806684e-01
0	nM633	0	0	800	2	1	0.011	4.650119e-02	1.677091e-01	7.816423e-01	7.813091e-01	7.813861e-01
0	nM634	0	0	800	2	1	0.015	1.650662e-01	1.454062e-01	2.566292e-01	2.558851e-01	2.564179e-01
0	nM642	0	0	800	2	1	0.005	-1.654143e-01	2.507160e-01	5.095932e-01	5.089305e-01	5.091788e-01
0	nM648	0	0	800	2	1	0.014	-1.594740e-01	1.517931e-01	2.937598e-01	2.930044e-01	2.934894e-01
0	nM651	0	0	800	2	1	0.013	2.200661e-01	1.590204e-01	1.667804e-01	1.661171e-01	1.667579e-01
0	nM653	0	0	800	2	1	0.069	-2.891817e-02	6.990061e-02	6.792019e-01	6.787276e-01	6.788552e-01
0	nM656	0	0	800	2	1	0.013	5.762791e-02	1.591981e-01	7.174563e-01	7.170328e-01	7.171399e-01
0	nM660	0	0	800	2	1	0.013	9.551989e-02	1.591752e-01	5.486148e-01	5.479889e-01	5.482046e-01
0	nM662	0	0	800	2	1	0.044	1.497302e-01	8.631873e-02	8.319429e-02	8.271276e-02	8.338828e-02
0	nM665	0	0	800	2	1	0.010	-8.102351e-02	1.777554e-01	6.486474e-01	6.481342e-01	6.482798e-01
0	nM666	0	0	800	2	1	0.024	-9.516790e-02	1.161187e-01	4.127034e-01	4.119719e-01	4.123152e-01
0	nM668	0	0	800	2	1	0.201	8.610829e-03	4.411774e-02	8.453030e-01	8.450638e-01	8.451154e-01
0	nM670	0	0	800	2	1	0.045	1.321430e-01	8.519919e-02	1.213010e-01	1.207191e-01	1.213952e-01
0	nM676	0	0	800	2	1	0.009	-3.220922e-01	1.895909e-01	8.973147e-02	8.923008e-02	8.990888e-02
0	nM680	0	0	800	2	1	0.064	-6.780968e-02	7.236394e-02	3.490088e-01	3.482546e-01	3.486708e-01
0	nM683	0	0	800	2	1	0.004	-8.648424e-02	2.893829e-01	7.651266e-01	7.647696e-01	7.648539e-01
0	nM685	0	0	800	2	1	0.005	-5.578066e-02	2.507766e-01	8.240348e-01	8.237637e-01	8.238234e-01
0	nM688	0	0	800	2	1	0.006	-1.794293e-01	2.243595e-01	4.240993e-01	4.233740e-01	4.237051e-01
0	nM692	0	0	800	2	1	0.006	7.732819e-03	2.244492e-01	9.725250e-01	9.724820e-01	9.724906e-01
0	nM696	0	0	800	2	1	0.048	-6.506872e-02	8.312871e-02	4.340081e-01	4.332886e-01	4.336093e-01
0	nM697	0	0	800	2	1	0.006	5.635613e-01	2.235610e-01	1.190140e-02	1.176911e-02	1.213260e-02
0	nM698	0	0	800	2	1	0.005	4.374157e-02	2.507796e-01	8.615778e-01	8.613632e-01	8.614088e-01
0	nM707	0	0	800	2	1	0.022	8.906137e-02	1.192328e-01	4.553115e-01	4.546058e-01	4.549049e-01
0	nM708	0	0	800	2	1	0.014	9.720390e-03	1.518976e-01	9.489918e-01	9.489120e-01	9.489281e-01
0	nM709	0	0	800	2	1	0.092	-1.107139e-01	6.092649e-02	6.956574e-02	6.912993e-02	6.979237e-02
0	nM711	0	0	800	2	1	0.007	2.348043e-01	2.048538e-01	2.520540e-01	2.513121e-01	2.518507e-01
0	nM715	0	0	800	2	1	0.025	4.899730e-02	1.132854e-01	6.654861e-01	6.649941e-01	6.651296e-01
0	nM717	0	0	800	2	1	0.060	-4.106220e-02	7.446887e-02	5.815132e-01	5.809217e-01	5.811123e-01
0	nM722	0	0	800	2	1	0.018	-1.594795e-01	1.347817e-01	2.370655e-01	2.363319e-01	2.368898e-01
0	nM728	0	0	800	2	1	0.018	-8.749898e-02	1.348644e-01	5.166592e-01	5.160028e-01	5.162450e-01
0	nM729	0	0	800	2	1	0.080	-3.981614e-02	6.518634e-02	5.415027e-01	5.408697e-01	5.410911e-01
0	nM730	0	0	800	2	1	0.026	5.784776e-02	1.106201e-01	6.011608e-01	6.005911e-01	6.007677e-01
0	nM733	0	0	800	2	1	0.030	-8.563693e-02	1.036489e-01	4.089257e-01	4.081923e-01	4.085397e-01
0	nM736	0	0	800	2	1	0.181	-3.609967e-03	4.591776e-02	9.373561e-01	9.372582e-01	9.372780e-01
0	nM739	0	0	800	2	1	0.016	3.767734e-01	1.392661e-01	6.967298e-03	6.879358e-03	7.155546e-03
0	nM740	0	0	800	2	1	0.004	-2.293462e-01	2.892852e-01	4.281282e-01	4.274052e-01	4.277320e-01
0	nM743	0	0	800	2	1	0.064	3.304989e-02	7.239429e-02	6.481358e-01	6.476221e-01	6.477679e-01
0	nM748	0	0	800	2	1	0.009	-2.249192e-01	1.897665e-01	2.362746e-01	2.355415e-01	2.361003e-01
0	nM752	0	0	800	2	1	0.033	-5.059763e-02	9.973781e-02	6.120800e-01	6.115229e-01	6.116920e-01
0	nM759	0	0	800	2	1	0.004	-2.460450e-01	2.892680e-01	3.952590e-01	3.945193e-01	3.948817e-01
0	nM762	0	0	800	2	1	0.004	-3.023580e-01	2.892011e-01	2.961113e-01	2.953556e-01	2.958376e-01
0	nM774	0	0	800	2	1	0.004	-2.134203e-01	2.893005e-01	4.609066e-01	4.602048e-01	4.604984e-01
0	nM777	0	0	800	2	1	0.024	1.010161e-02	1.161670e-01	9.307270e-01	9.306188e-01	9.306408e-01
0	nM782	0	0	800	2	1	0.004	-1.099831e-01	2.893729e-01	7.039917e-01	7.035500e-01	7.036641e-01
0	nM785	0	0	800	2	1	0.043	7.225245e-02	8.764927e-02	4.099950e-01	4.092622e-01	4.096084e-01
0	nM788	0	0	800	2	1	0.021	2.143423e-01	1.224191e-01	8.034916e-02	7.987667e-02	8.055021e-02
0	nM793	0	0	800	2	1	0.006	-3.493766e-01	2.241084e-01	1.194017e-01	1.188240e-01	1.195009e-01
0	nM799	0	0	800	2	1	0.016	8.498484e-02	1.398710e-01	5.436292e-01	5.429983e-01	5.432180e-01
0	nM801	0	0	800	2	1	0.016	-1.272191e-01	1.398308e-01	3.631988e-01	3.624478e-01	3.628472e-01
0	nM804	0	0	800	2	1	0.062	-1.266311e-02	7.307405e-02	8.624663e-01	8.622530e-01	8.622983e-01
0	nM808	0	0	800	2	1	0.019	-3.744301e-02	1.304020e-01	7.740832e-01	7.737391e-01	7.738194e-01
0	nM809	0	0	800	2	1	0.031	-4.390506e-02	1.016519e-01	6.659192e-01	6.654278e-01	6.655630e-01
0	nM811	0	0	800	2	1	0.058	-5.975805e-02	7.595459e-02	4.316559e-01	4.309349e-01	4.312581e-01
0	nM814	0	0	800	2	1	0.029	-1.654598e-01	1.056931e-01	1.178684e-01	1.172942e-01	1.179717e-01
0	nM816	0	0	800	2	1	0.014	-9.273558e-02	1.518626e-01	5.416021e-01	5.409692e-01	5.411905e-01
0	nM818	0	0	800	2	1	0.004	1.546105e-01	2.893474e-01	5.932536e-01	5.926750e-01	5.928571e-01
0	nM819	0	0	800	2	1	0.004	6.915192e-01	2.883619e-01	1.670935e-02	1.653946e-02	1.696474e-02
0	nM827	0	0	800	2	1	0.043	-2.157995e-02	8.768326e-02	8.056584e-01	8.053602e-01	8.054272e-01
0	nM838	0	0	800	2	1	0.024	-1.317769e-01	1.160738e-01	2.565967e-01	2.558527e-01	2.563854e-01
0	nM841	0	0	800	2	1	0.009	1.858221e-01	1.898195e-01	3.279058e-01	3.271488e-01	3.275909e-01
0	nM842	0	0	800	2	1	0.077	8.920717e-02	6.607963e-02	1.774004e-01	1.767227e-01	1.773523e-01
0	nM848	0	0	800	2	1	0.066	4.190481e-04	7.111951e-02	9.953002e-01	9.952929e-01	9.952943e-01
0	nM850	0	0	800	2	1	0.006	4.304301e-01	2.239316e-01	5.494266e-02	5.456362e-02	5.519927e-02
0	nM852	0	0	800	2	1	0.044	-3.744390e-02	8.647115e-02	6.651159e-01	6.646235e-01	6.647591e-01
0	nM853	0	0	800	2	1	0.007	6.782645e-01	2.036115e-01	9.045806e-04	8.878946e-04	9.666566e-04
0	nM856	0	0	800	2	1	0.113	-6.065338e-03	5.598006e-02	9.137467e-01	9.136122e-01	9.136398e-01
0	nM858	0	0	800	2	1	0.090	5.035578e-02	6.178377e-02	4.152968e-01	4.145667e-01	4.149072e-01
0	nM861	0	0	800	2	1	0.041	4.792792e-02	8.893103e-02	5.900830e-01	5.895009e-01	5.896852e-01
0	nM867	0	0	800	2	1	0.004	2.088142e-01	2.893047e-01	4.706415e-01	4.699469e-01	4.702310e-01
0	nM870	0	0	800	2	1	0.016	3.092827e-01	1.394742e-01	2.687063e-02	2.663280e-02	2.714824e-02
0	nM874	0	0	800	2	1	0.045	4.554380e-02	8.531228e-02	5.935953e-01	5.930171e-01	5.931990e-01
0	nM882	0	0	800	2	1	0.013	3.420797e-02	1.592065e-01	8.299272e-01	8.296649e-01	8.297223e-01
0	nM883	0	0	800	2	1	0.046	-3.106045e-02	8.421450e-02	7.123556e-01	7.119252e-01	7.120349e-01
0	nM888	0	0	800	2	1	0.041	-1.177981e-02	8.894624e-02	8.946717e-01	8.945077e-01	8.945417e-01
0	nM897	0	0	800	2	1	0.019	6.511102e-02	1.303883e-01	6.176618e-01	6.171112e-01	6.172765e-01
0	nM900	0	0	800	2	1	0.018	-1.975117e-01	1.347186e-01	1.430134e-01	1.423884e-01	1.430507e-01
0	nM910	0	0	800	2	1	0.018	8.224086e-03	1.348996e-01	9.514028e-01	9.513267e-01	9.513421e-01
0	nM913	0	0	800	2	1	0.014	2.187578e-01	1.517005e-01	1.496841e-01	1.490474e-01	1.497043e-01
0	nM919	0	0	800	2	1	0.019	-7.112941e-02	1.303844e-01	5.855372e-01	5.849501e-01	5.851377e-01
0	nM922	0	0	800	2	1	0.014	-5.934296e-02	1.518835e-01	6.961132e-01	6.956610e-01	6.957793e-01
0	nM926	0	0	800	2	1	0.005	2.281883e-02	2.507831e-01	9.275231e-01	9.274099e-01	9.274330e-01
0	nM927	0	0	800	2	1	0.025	1.493937e-01	1.131751e-01	1.872062e-01	1.865165e-01	1.871353e-01
0	nM928	0	0	800	2	1	0.091	5.045502e-02	6.140089e-02	4.114754e-01	4.107434e-01	4.110880e-01
0	nM932	0	0	800	2	1	0.020	3.853231e-02	1.263408e-01	7.604556e-01	7.600919e-01	7.601783e-01
0	nM936	0	0	800	2	1	0.171	7.267560e-02	4.688318e-02	1.215039e-01	1.209216e-01	1.215975e-01
0	nM939	0	0	800	2	1	0.004	-2.208293e-01	2.892935e-01	4.454863e-01	4.447740e-01	4.450830e-01
0	nM941	0	0	800	2	1	0.029	-1.195334e-01	1.057707e-01	2.587658e-01	2.580207e-01	2.585507e-01
0	nM942	0	0	800	2	1	0.019	1.283953e-01	1.303295e-01	3.248443e-01	3.240872e-01	3.245330e-01
0	nM948	0	0	800	2	1	0.033	2.129444e-01	9.946866e-02	3.259105e-02	3.231988e-02	3.287117e-02
0	nM951	0	0	800	2	1	0.007	-8.104182e-02	2.050022e-01	6.927112e-01	6.922545e-01	6.923746e-01
0	nM954	0	0	800	2	1	0.037	-1.526829e-01	9.294970e-02	1.008515e-01	1.003190e-01	1.009999e-01
0	nM960	0	0	800	2	1	0.007	-5.916552e-03	2.050222e-01	9.769850e-01	9.769489e-01	9.769562e-01
0	nM963	0	0	800	2	1	0.049	2.956464e-02	8.213478e-02	7.189777e-01	7.185563e-01	7.186626e-01
0	nM967	0	0	800	2	1	0.039	8.763423e-02	9.159970e-02	3.390041e-01	3.382482e-01	3.386766e-01
0	nM969	0	0	800	2	1	0.014	-2.685479e-02	1.518951e-01	8.597117e-01	8.594943e-01	8.595405e-01
0	nM970	0	0	800	2	1	0.007	-5.350162e-01	2.041457e-01	8.940377e-03	8.833818e-03	9.148864e-03
0	nM971	0	0	800	2	1	0.006	-2.143268e-01	2.243211e-01	3.396414e-01	3.388856e-01	3.393132e-01
0	nM973	0	0	800	2	1	0.013	1.473531e-01	1.591257e-01	3.547171e-01	3.539641e-01	3.543735e-01
0	nM975	0	0	800	2	1	0.007	-3.962829e-01	2.045418e-01	5.304689e-02	5.267590e-02	5.330680e-02
0	nM977	0	0	800	2	1	0.006	-4.706119e-01	2.238303e-01	3.581878e-02	3.553002e-02	3.609825e-02
0	nM981	0	0	800	2	1	0.004	-3.452925e-01	2.891409e-01	2.327539e-01	2.320231e-01	2.325865e-01
0	nM983	0	0	800	2	1	0.005	-2.849592e-01	2.505814e-01	2.557993e-01	2.550556e-01	2.555894e-01
0	nM985	0	0	800	2	1	0.051	3.694679e-02	8.020777e-02	6.451835e-01	6.446661e-01	6.448137e-01
0	nM991	0	0	800	2	1	0.029	-1.055937e-01	1.057893e-01	3.185086e-01	3.177513e-01	3.182050e-01
0	nM993	0	0	800	2	1	0.006	-1.902267e-01	2.243484e-01	3.967436e-01	3.960046e-01	3.963654e-01
0	nM994	0	0	800	2	1	0.271	5.549294e-02	3.973679e-02	1.629484e-01	1.622907e-01	1.629353e-01
0	nM999	0	0	800	2	1	0.092	-3.537469e-02	6.103957e-02	5.623904e-01	5.617785e-01	5.619834e-01
0	nM1004	0	0	800	2	1	0.005	-2.520136e-01	2.506256e-01	3.149427e-01	3.141855e-01	3.146436e-01
0	nM1008	0	0	800	2	1	0.037	5.436214e-02	9.308683e-02	5.593894e-01	5.587745e-01	5.589817e-01
0	nM1010	0	0	800	2	1	0.015	-1.516525e-01	1.454245e-01	2.973445e-01	2.965886e-01	2.970690e-01
0	nM1014	0	0	800	2	1	0.019	-8.844642e-02	1.303711e-01	4.977018e-01	4.970288e-01	4.972877e-01
0	nM1020	0	0	800	2	1	0.010	-6.080283e-02	1.777655e-01	7.324113e-01	7.320083e-01	7.321079e-01
0	nM1021	0	0	800	2	1	0.011	-8.445007e-02	1.676905e-01	6.146767e-01	6.141227e-01	6.142900e-01
0	nM1022	0	0	800	2	1	0.013	-2.181626e-02	1.592093e-01	8.910425e-01	8.908730e-01	8.909082e-01
0	nM1023	0	0	800	2	1	0.007	1.940760e-02	2.050212e-01	9.246075e-01	9.244898e-01	9.245138e-01
0	nM1030	0	0	800	2	1	0.041	5.745936e-02	8.892395e-02	5.183596e-01	5.177047e-01	5.179455e-01
0	nM1032	0	0	800	2	1	0.142	-8.398579e-02	5.051515e-02	9.678799e-02	9.626651e-02	9.694710e-02
0	nM1033	0	0	800	2	1	0.011	-1.765105e-01	1.676007e-01	2.925860e-01	2.918308e-01	2.923173e-01
0	nM1037	0	0	800	2	1	0.015	-2.764553e-01	1.451941e-01	5.726444e-02	5.687578e-02	5.751679e-02
0	nM1043	0	0	800	2	1	0.004	1.323008e-01	2.893612e-01	6.476397e-01	6.471254e-01	6.472715e-01
0	nM1045	0	0	800	2	1	0.268	-1.301278e-02	3.995788e-02	7.447651e-01	7.443793e-01	7.444730e-01
0	nM1049	0	0	800	2	1	0.054	-6.802700e-03	7.843372e-02	9.309064e-01	9.307985e-01	9.308204e-01
0	nM1053	0	0	800	2	1	0.004	-1.107331e-01	2.893726e-01	7.020692e-01	7.016250e-01	7.017401e-01
0	nM1056	0	0	800	2	1	0.004	-2.515513e-01	2.892621e-01	3.847635e-01	3.840195e-01	3.843939e-01
0	nM1059	0	0	800	2	1	0.074	6.897639e-02	6.763462e-02	3.081141e-01	3.073572e-01	3.078239e-01
0	nM1064	0	0	800	2	1	0.011	-7.070862e-02	1.676985e-01	6.734004e-01	6.729185e-01	6.730494e-01
0	nM1069	0	0	800	2	1	0.004	-3.019494e-02	2.893972e-01	9.169278e-01	9.167982e-01	9.168247e-01
0	nM1072	0	0	800	2	1	0.005	-1.538417e-01	2.507252e-01	5.396634e-01	5.390286e-01	5.392515e-01
0	nM1084	0	0	800	2	1	0.010	-1.256666e-01	1.777229e-01	4.797151e-01	4.790275e-01	4.793030e-01
0	nM1085	0	0	800	2	1	0.005	-1.289992e-01	2.507428e-01	6.070672e-01	6.065044e-01	6.066768e-01
0	nM1089	0	0	800	2	1	0.068	-2.066829e-03	7.050509e-02	9.766210e-01	9.765844e-01	9.765917e-01
0	nM1091	0	0	800	2	1	0.005	-3.141769e-01	2.505376e-01	2.102053e-01	2.094921e-01	2.100836e-01
0	nM1095	0	0	800	2	1	0.045	-1.908832e-02	8.532483e-02	8.230375e-01	8.227649e-01	8.228250e-01
0	nM1096	0	0	800	2	1	0.096	9.157051e-03	5.997443e-02	8.786872e-01	8.784987e-01	8.785382e-01
0	nM1098	0	0	800	2	1	0.019	-1.250512e-01	1.303335e-01	3.376123e-01	3.368563e-01	3.372863e-01
0	nM1104	0	0	800	2	1	0.007	-2.802079e-01	2.047822e-01	1.715966e-01	1.709266e-01	1.715624e-01
0	nM1105	0	0	800	2	1	0.005	6.246368e-02	2.507746e-01	8.033607e-01	8.030591e-01	8.031270e-01
0	nM1106	0	0	800	2	1	0.165	2.024489e-02	4.764998e-02	6.710484e-01	6.705635e-01	6.706958e-01
0	nM1107	0	0	800	2	1	0.016	5.357758e-02	1.398904e-01	7.018242e-01	7.013797e-01	7.014949e-01
0	nM1108	0	0	800	2	1	0.045	-3.033090e-02	8.532075e-02	7.223145e-01	7.218977e-01	7.220023e-01
0	nM1111	0	0	800	2	1	0.004	-2.526346e-01	2.892609e-01	3.827190e-01	3.819743e-01	3.823509e-01
0	nM1114	0	0	800	2	1	0.031	-6.503322e-02	1.016377e-01	5.224516e-01	5.218004e-01	5.220377e-01
0	nM1116	0	0	800	2	1	0.004	-4.313317e-01	2.889960e-01	1.359587e-01	1.353468e-01	1.360143e-01
0	nM1119	0	0	800	2	1	0.013	-3.717983e-02	1.592057e-01	8.154072e-01	8.151234e-01	8.151865e-01
0	nM1120	0	0	800	2	1	0.014	5.835796e-02	1.518840e-01	7.009124e-01	7.004667e-01	7.005823e-01
0	nM1125	0	0	800	2	1	0.015	1.078782e-01	1.454734e-01	4.585681e-01	4.578647e-01	4.581606e-01
0	nM1134	0	0	800	2	1	0.018	2.418141e-01	1.346281e-01	7.284654e-02	7.239914e-02	7.306562e-02
0	nM1137	0	0	800	2	1	0.018	5.374889e-01	1.335514e-01	6.250910e-05	6.087316e-05	7.234973e-05
0	nM1140	0	0	800	2	1	0.016	-1.974707e-01	1.397286e-01	1.579735e-01	1.573234e-01	1.579728e-01
0	nM1159	0	0	800	2	1	0.019	2.118207e-02	1.304065e-01	8.710075e-01	8.708073e-01	8.708495e-01
0	nM1163	0	0	800	2	1	0.007	9.221645e-02	2.049963e-01	6.529448e-01	6.524370e-01	6.525799e-01
0	nM1172	0	0	800	2	1	0.024	1.101254e-01	1.161021e-01	3.431510e-01	3.423958e-01	3.428191e-01
0	nM1181	0	0	800	2	1	0.004	8.986873e-02	2.893816e-01	7.562205e-01	7.558509e-01	7.559392e-01
0	nM1184	0	0	800	2	1	0.013	1.529875e-01	1.591190e-01	3.366091e-01	3.358529e-01	3.362842e-01
0	nM1185	0	0	800	2	1	0.011	2.503575e-01	1.674828e-01	1.353556e-01	1.347448e-01	1.354128e-01
0	nM1189	0	0	800	2	1	0.098	-1.597727e-02	5.962818e-02	7.888083e-01	7.884854e-01	7.885594e-01
0	nM1194	0	0	800	2	1	0.086	-7.187725e-03	6.300866e-02	9.092069e-01	9.090653e-01	9.090944e-01
0	nM1196	0	0	800	2	1	0.011	-1.120198e-01	1.676703e-01	5.042656e-01	5.035982e-01	5.038513e-01
0	nM1197	0	0	800	2	1	0.120	-2.471076e-02	5.442632e-02	6.499362e-01	6.494247e-01	6.495695e-01
0	nM1198	0	0	800	2	1	0.044	-5.514953e-02	8.645927e-02	5.237432e-01	5.230932e-01	5.233294e-01
0	nM1204	0	0	800	2	1	0.004	-3.644028e-02	2.893962e-01	8.998283e-01	8.996723e-01	8.997045e-01
0	nM1209	0	0	800	2	1	0.005	-6.946894e-02	2.507723e-01	7.818365e-01	7.815035e-01	7.815805e-01
0	nM1213	0	0	800	2	1	0.016	-1.526912e-01	1.397988e-01	2.750658e-01	2.743148e-01	2.748238e-01
0	nM1218	0	0	800	2	1	0.005	4.962219e-01	2.501684e-01	4.764820e-02	4.730112e-02	4.791649e-02
0	nM1219	0	0	800	2	1	0.007	4.402065e-01	2.044292e-01	3.159063e-02	3.132509e-02	3.187068e-02
0	nM1220	0	0	800	2	1	0.013	-3.181014e-02	1.592072e-01	8.416852e-01	8.414406e-01	8.414935e-01
0	nM1223	0	0	800	2	1	0.074	3.523850e-02	6.766718e-02	6.026770e-01	6.021091e-01	6.022846e-01
0	nM1224	0	0	800	2	1	0.004	-4.334225e-01	2.889921e-01	1.340688e-01	1.334605e-01	1.341293e-01
0	nM1227	0	0	800	2	1	0.033	3.978573e-02	9.974395e-02	6.900893e-01	6.896292e-01	6.897507e-01
0	nM1235	0	0	800	2	1	0.026	-9.075417e-02	1.105924e-01	4.121088e-01	4.113771e-01	4.117210e-01
0	nM1237	0	0	800	2	1	0.022	7.673643e-02	1.192435e-01	5.200670e-01	5.194137e-01	5.196530e-01
0	nM1238	0	0	800	2	1	0.046	8.297494e-02	8.417044e-02	3.245317e-01	3.237746e-01	3.242207e-01
0	nM1245	0	0	800	2	1	0.028	1.727507e-01	1.079918e-01	1.100686e-01	1.095127e-01	1.101926e-01
0	nM862	20	0	800	2	1	0.034	-4.748718e-02	9.793804e-02	6.279019e-01	6.273635e-01	6.275221e-01
0	nM424	25	0	800	2	1	0.005	7.027373e-02	2.507720e-01	7.793740e-01	7.790375e-01	7.791155e-01
0	nM769	25	0	800	2	1	0.111	7.381907e-02	5.619376e-02	1.893408e-01	1.886487e-01	1.892650e-01
0	cM36	33	0	800	2	1	0.196	1.268938e-01	4.431100e-02	4.296949e-03	4.236831e-03	4.447414e-03
0	nM78	33	0	800	2	1	0.004	-9.767579e-02	2.893785e-01	7.358013e-01	7.354030e-01	7.355010e-01
0	nM269	33	0	800	2	1	0.004	-6.695359e-02	2.893894e-01	8.170932e-01	8.168119e-01	8.168743e-01
0	nM326	33	0	800	2	1	0.036	-6.622094e-02	9.460793e-02	4.841617e-01	4.834776e-01	4.837489e-01
0	nM351	33	0	800	2	1	0.020	-5.285152e-02	1.263343e-01	6.758064e-01	6.753276e-01	6.754571e-01
0	nM643	33	0	800	2	1	0.007	-2.880000e-01	2.047687e-01	1.599753e-01	1.593221e-01	1.599696e-01
0	nM824	33	0	800	2	1	0.007	-1.580804e-01	2.049459e-01	4.407411e-01	4.400258e-01	4.403395e-01
0	nM923	33	0	800	2	1	0.009	5.215938e-02	1.899244e-01	7.836699e-01	7.833395e-01	7.834157e-01
0	nM978	33	0	800	2	1	0.009	-6.882793e-02	1.899178e-01	7.171423e-01	7.167184e-01	7.168256e-01
0	nM1000	33	0	800	2	1	0.009	6.300156e-02	1.899203e-01	7.401831e-01	7.397909e-01	7.398868e-01
0	nM1060	33	0	800	2	1	0.015	2.717585e-02	1.455204e-01	8.519046e-01	8.516753e-01	8.517244e-01
0	nM1126	33	0	800	2	1	0.007	6.198026e-02	2.050106e-01	7.624815e-01	7.621207e-01	7.622062e-01
0	nM1143	33	0	800	2	1	0.096	2.695590e-02	5.996772e-02	6.531881e-01	6.526807e-01	6.528234e-01
0	nM863	40	0	800	2	1	0.020	4.978242e-02	1.263359e-01	6.936508e-01	6.931954e-01	6.933150e-01
0	cM2	50	0	800	2	1	0.064	-1.738192e-01	7.214181e-02	1.620378e-02	1.603764e-02	1.645717e-02
0	cM41	50	0	800	2	1	0.013	-8.249379e-01	1.565101e-01	1.749399e-07	1.673732e-07	2.699133e-07
0	nM35	50	0	800	2	1	0.052	-2.065433e-02	7.930659e-02	7.945943e-01	7.942799e-01	7.943514e-01
0	nM45	50	0	800	2	1	0.010	3.088330e-01	1.774421e-01	8.216164e-02	8.168336e-02	8.235820e-02
0	nM112	50	0	800	2	1	0.084	-1.209505e-01	6.371169e-02	5.800358e-02	5.761190e-02	5.825453e-02
0	nM122	50	0	800	2	1	0.006	-1.111105e-01	2.244149e-01	6.206576e-01	6.201106e-01	6.202739e-01
0	nM140	50	0	800	2	1	0.005	-1.036895e-01	2.507575e-01	6.793479e-01	6.788737e-01	6.790012e-01
0	nM159	50	0	800	2	1	0.013	-6.564824e-02	1.591942e-01	6.801729e-01	6.796998e-01	6.798268e-01
0	nM172	50	0	800	2	1	0.009	-8.505057e-02	1.899096e-01	6.543846e-01	6.538786e-01	6.540207e-01
0	nM188	50	0	800	2	1	0.018	4.346247e-02	1.348912e-01	7.473825e-01	7.470004e-01	7.470929e-01
0	nM216	50	0	800	2	1	0.367	-1.327593e-02	3.668618e-02	7.175388e-01	7.171154e-01	7.172225e-01
0	nM236	50	0	800	2	1	0.006	-1.972368e-03	2.244494e-01	9.929908e-01	9.929798e-01	9.929820e-01
0	nM240	50	0	800	2	1	0.037	-2.276459e-02	9.310323e-02	8.068994e-01	8.066029e-01	8.066694e-01
0	nM289	50	0	800	2	1	0.021	-2.220958e-01	1.224017e-01	6.997890e-02	6.954161e-02	7.020459e-02
0	nM341	50	0	800	2	1	0.005	-2.700655e-01	2.506021e-01	2.815083e-01	2.807555e-01	2.812561e-01
0	nM381	50	0	800	2	1	0.016	-5.143931e-02	1.398914e-01	7.131879e-01	7.127587e-01	7.128679e-01
0	nM394	50	0	800	2	1	0.007	-2.918868e-02	2.050197e-01	8.868236e-01	8.866476e-01	8.866843e-01
0	nM425	50	0	800	2	1	0.007	-1.929217e-01	2.049085e-01	3.467329e-01	3.459782e-01	3.463972e-01
0	nM432	50	0	800	2	1	0.009	-2.045403e-01	1.897954e-01	2.814983e-01	2.807455e-01	2.812462e-01
0	nM441	50	0	800	2	1	0.015	-7.354791e-03	1.455233e-01	9.597045e-01	9.596414e-01	9.596541e-01
0	nM451	50	0	800	2	1	0.020	-1.675098e-01	1.262090e-01	1.848083e-01	1.841215e-01	1.847429e-01
0	nM458	50	0	800	2	1	0.005	2.016019e-01	2.506828e-01	4.215146e-01	4.207879e-01	4.211217e-01
0	nM474	50	0	800	2	1	0.007	7.512938e-02	2.050051e-01	7.141073e-01	7.136793e-01	7.137880e-01
0	nM490	50	0	800	2	1	0.004	-1.403451e-01	2.893565e-01	6.277918e-01	6.272533e-01	6.274120e-01
0	nM518	50	0	800	2	1	0.138	-4.196744e-03	5.136465e-02	9.349019e-01	9.348001e-01	9.348208e-01
0	nM522	50	0	800	2	1	0.040	1.999263e-01	8.998963e-02	2.658610e-02	2.635001e-02	2.686345e-02
0	nM545	50	0	800	2	1	0.030	-1.550824e-01	1.035478e-01	1.346096e-01	1.340003e-01	1.346688e-01
0	nM571	50	0	800	2	1	0.025	-8.343934e-02	1.132601e-01	4.615181e-01	4.608168e-01	4.611097e-01
0	nM579	50	0	800	2	1	0.010	-6.685743e-02	1.777628e-01	7.069390e-01	7.065014e-01	7.066138e-01
0	nM593	50	0	800	2	1	0.004	-4.918111e-01	2.888750e-01	8.905014e-02	8.855077e-02	8.922930e-02
0	nM637	50	0	800	2	1	0.010	-1.108542e-01	1.777353e-01	5.330004e-01	5.323592e-01	5.325875e-01
0	nM649	50	0	800	2	1	0.005	3.072264e-02	2.507820e-01	9.025281e-01	9.023762e-01	9.024075e-01
0	nM658	50	0	800	2	1	0.098	-4.967967e-02	5.960493e-02	4.048220e-01	4.040867e-01	4.044385e-01
0	nM686	50	0	800	2	1	0.005	-8.874153e-02	2.507647e-01	7.235195e-01	7.231044e-01	7.232084e-01
0	nM693	50	0	800	2	1	0.029	-3.348851e-02	1.058487e-01	7.517960e-01	7.514201e-01	7.515105e-01
0	nM699	50	0	800	2	1	0.024	1.522576e-01	1.160424e-01	1.898684e-01	1.891757e-01	1.897914e-01
0	nM754	50	0	800	2	1	0.044	-5.234892e-02	8.646145e-02	5.450458e-01	5.444163e-01	5.446349e-01
0	nM783	50	0	800	2	1	0.020	-1.469701e-01	1.262410e-01	2.446899e-01	2.439518e-01	2.444999e-01
0	nM786	50	0	800	2	1	0.054	5.506405e-02	7.840986e-02	4.827223e-01	4.820370e-01	4.823096e-01
0	nM812	50	0	800	2	1	0.009	-1.757042e-01	1.898315e-01	3.549443e-01	3.541913e-01	3.546004e-01
0	nM820	50	0	800	2	1	0.273	-2.022354e-02	3.972160e-02	6.108005e-01	6.102419e-01	6.104118e-01
0	nM828	50	0	800	2	1	0.013	-1.266869e-01	1.591480e-01	4.262501e-01	4.255260e-01	4.258548e-01
0	nM875	50	0	800	2	1	0.014	-1.548312e-01	1.517991e-01	3.080498e-01	3.072928e-01	3.077596e-01
0	nM878	50	0	800	2	1	0.015	-1.057534e-01	1.454754e-01	4.674693e-01	4.667723e-01	4.670595e-01
0	nM884	50	0	800	2	1	0.026	1.239983e-01	1.105520e-01	2.623578e-01	2.616113e-01	2.621366e-01
0	nM949	50	0	800	2	1	0.024	1.181634e-01	1.160922e-01	3.090621e-01	3.083051e-01	3.087706e-01
0	nM996	50	0	800	2	1	0.018	-1.232280e-02	1.348992e-01	9.272388e-01	9.271252e-01	9.271483e-01
0	nM1005	50	0	800	2	1	0.010	-1.159098e-02	1.777781e-01	9.480318e-01	9.479505e-01	9.479669e-01
0	nM1039	50	0	800	2	1	0.018	-1.306546e-01	1.348206e-01	3.327890e-01	3.320324e-01	3.324684e-01
0	nM1073	50	0	800	2	1	0.004	6.550865e-02	2.893898e-01	8.209731e-01	8.206974e-01	8.207583e-01
0	nM1076	50	0	800	2	1	0.004	-9.698019e-02	2.893788e-01	7.376133e-01	7.372176e-01	7.373147e-01
0	nM1080	50	0	800	2	1	0.120	-1.332719e-01	5.422852e-02	1.419859e-02	1.404777e-02	1.444291e-02
0	nM1117	50	0	800	2	1	0.013	-3.639441e-02	1.592059e-01	8.192387e-01	8.189606e-01	8.190221e-01
0	nM1135	50	0	800	2	1	0.011	3.698074e-02	1.677121e-01	8.255371e-01	8.252683e-01	8.253273e-01
0	nM1138	50	0	800	2	1	0.069	-3.325528e-02	6.989819e-02	6.343703e-01	6.338397e-01	6.339942e-01
0	nM1152	50	0	800	2	1	0.098	-8.920677e-02	5.954719e-02	1.345065e-01	1.338974e-01	1.345659e-01
0	nM1186	50	0	800	2	1	0.040	1.451286e-01	9.012118e-02	1.077123e-01	1.071622e-01	1.078426e-01
0	nM1215	50	0	800	2	1	0.004	-2.681722e-01	2.892434e-01	3.541287e-01	3.533755e-01	3.537856e-01
0	nM1225	50	0	800	2	1	0.014	-5.029910e-02	1.518876e-01	7.406105e-01	7.402190e-01	7.403146e-01
0	nM864	60	0	800	2	1	0.009	-2.168253e-01	1.897783e-01	2.535810e-01	2.528383e-01	2.533750e-01
0	cM37	67	0	800	2	1	0.094	3.261701e-01	5.957730e-02	5.871947e-08	5.599379e-08	9.718523e-08
0	nM211	67	0	800	2	1	0.014	-3.015672e-01	1.515224e-01	4.690439e-02	4.656073e-02	4.717370e-02
0	nM270	67	0	800	2	1	0.015	1.282355e-01	1.454527e-01	3.782425e-01	3.774961e-01	3.778779e-01
0	nM327	67	0	800	2	1	0.005	-1.642878e-01	2.507169e-01	5.124815e-01	5.118214e-01	5.120672e-01
0	nM352	67	0	800	2	1	0.071	9.425268e-02	6.868206e-02	1.703543e-01	1.696861e-01	1.703232e-01
0	nM616	67	0	800	2	1	0.004	-1.771836e-01	2.893311e-01	5.404539e-01	5.398199e-01	5.400422e-01
0	nM644	67	0	800	2	1	0.022	2.280241e-01	1.190010e-01	5.570258e-02	5.532036e-02	5.595782e-02
0	nM825	67	0	800	2	1	0.007	-2.894248e-01	2.047662e-01	1.579162e-01	1.572662e-01	1.579156e-01
0	nM872	67	0	800	2	1	0.014	2.284203e-01	1.516827e-01	1.324862e-01	1.318810e-01	1.325509e-01
0	nM924	67	0	800	2	1	0.004	-1.099831e-01	2.893729e-01	7.039917e-01	7.035500e-01	7.036641e-01
0	nM979	67	0	800	2	1	0.007	-8.266622e-02	2.050014e-01	6.868745e-01	6.864102e-01	6.865334e-01
0	nM1051	67	0	800	2	1	0.005	5.675216e-01	2.499784e-01	2.345628e-02	2.323987e-02	2.372952e-02
0	nM1061	67	0	800	2	1	0.006	5.739763e-03	2.244493e-01	9.796046e-01	9.795727e-01	9.795791e-01
0	nM1127	67	0	800	2	1	0.005	-1.941909e-01	2.506901e-01	4.387906e-01	4.380741e-01	4.383898e-01
0	nM1144	67	0	800	2	1	0.071	-7.520769e-02	6.871150e-02	2.740472e-01	2.732965e-01	2.738067e-01
0	nM1161	67	0	800	2	1	0.004	-1.851861e-01	2.893249e-01	5.223154e-01	5.216641e-01	5.219015e-01
0	nM426	75	0	800	2	1	0.004	-2.743943e-01	2.892361e-01	3.430673e-01	3.423121e-01	3.427355e-01
0	nM564	75	0	800	2	1	0.006	-2.233327e-01	2.243101e-01	3.197256e-01	3.189683e-01	3.194205e-01
0	nM1216	75	0	800	2	1	0.019	1.514455e-01	1.302984e-01	2.454622e-01	2.447237e-01	2.452708e-01
0	nM865	80	0	800	2	1	0.028	-2.190306e-03	1.081647e-01	9.838492e-01	9.838239e-01	9.838290e-01
0	cM7	100	0	800	2	1	0.004	7.264763e-01	2.882542e-01	1.192075e-02	1.178830e-02	1.215207e-02
0	cM12	100	0	800	2	1	0.031	-2.304831e-01	1.013358e-01	2.320368e-02	2.298891e-02	2.347650e-02
0	cM17	100	0	800	2	1	0.043	9.665772e-01	8.073519e-02	1.706237e-30	1.386591e-30	1.859261e-26
0	cM19	100	0	800	2	1	0.116	-1.648240e-01	5.487757e-02	2.752455e-03	2.710457e-03	2.871856e-03
0	cM23	100	0	800	2	1	0.009	5.850231e-01	1.888010e-01	2.012400e-03	1.979894e-03	2.112708e-03
0	cM42	100	0	800	2	1	0.055	1.468792e+00	5.758989e-02	2.089524e-105	9.976306e-106	1.967378e-66
0	cM53	100	0	800	2	1	0.013	4.716927e-02	1.592024e-01	7.670896e-01	7.667354e-01	7.668188e-01
0	nM6	100	0	800	2	1	0.025	-1.096479e-01	1.132321e-01	3.331649e-01	3.324084e-01	3.328439e-01
0	nM14	100	0	800	2	1	0.006	2.613811e-01	2.242586e-01	2.441511e-01	2.434133e-01	2.439621e-01
0	nM18	100	0	800	2	1	0.018	-5.617418e-02	1.348853e-01	6.771862e-01	6.767092e-01	6.768379e-01
0	nM26	100	0	800	2	1	0.106	-3.764001e-02	5.738620e-02	5.120730e-01	5.114125e-01	5.116586e-01
0	nM29	100	0	800	2	1	0.105	-1.967729e-02	5.769779e-02	7.331627e-01	7.327608e-01	7.328601e-01
0	nM32	100	0	800	2	1	0.006	-1.985535e-01	2.243393e-01	3.763915e-01	3.756445e-01	3.760284e-01
0	nM43	100	0	800	2	1	0.004	-2.496085e-01	2.892642e-01	3.884470e-01	3.877045e-01	3.880746e-01
0	nM46	100	0	800	2	1	0.007	-9.618950e-02	2.049940e-01	6.390329e-01	6.385079e-01	6.386594e-01
0	nM52	100	0	800	2	1	0.052	1.695820e-01	7.908244e-02	3.230471e-02	3.203514e-02	3.258482e-02
0	nM55	100	0	800	2	1	0.005	-2.611543e-01	2.506139e-01	2.977003e-01	2.969444e-01	2.974243e-01
0	nM66	100	0	800	2	1	0.006	-1.467864e-01	2.243892e-01	5.131973e-01	5.125377e-01	5.127829e-01
0	nM70	100	0	800	2	1	0.005	-2.237961e-01	2.506592e-01	3.722173e-01	3.714689e-01	3.718577e-01
0	nM74	100	0	800	2	1	0.004	-2.451604e-01	2.892690e-01	3.969611e-01	3.962222e-01	3.965828e-01
0	nM80	100	0	800	2	1	0.025	2.486166e-02	1.132952e-01	8.263623e-01	8.260947e-01	8.261535e-01
0	nM91	100	0	800	2	1	0.004	4.870340e-01	2.888851e-01	9.220422e-02	9.169564e-02	9.237526e-02
0	nM93	100	0	800	2	1	0.013	-7.427942e-02	1.591894e-01	6.409061e-01	6.403834e-01	6.405338e-01
0	nM98	100	0	800	2	1	0.013	-1.433304e-01	1.591303e-01	3.680136e-01	3.672640e-01	3.676576e-01
0	nM109	100	0	800	2	1	0.005	-2.547973e-02	2.507828e-01	9.190991e-01	9.189728e-01	9.189986e-01
0	nM113	100	0	800	2	1	0.094	6.343836e-02	6.064427e-02	2.958439e-01	2.950882e-01	2.955706e-01
0	nM115	100	0	800	2	1	0.007	-2.055654e-01	2.048931e-01	3.160293e-01	3.152721e-01	3.157289e-01
0	nM117	100	0	800	2	1	0.011	1.161854e-01	1.676667e-01	4.885398e-01	4.878592e-01	4.881265e-01
0	nM128	100	0	800	2	1	0.194	1.265281e-02	4.475273e-02	7.774593e-01	7.771200e-01	7.771989e-01
0	nM131	100	0	800	2	1	0.013	9.308977e-02	1.591770e-01	5.588347e-01	5.582191e-01	5.584268e-01
0	nM149	100	0	800	2	1	0.006	-1.627837e-01	2.243754e-01	4.683598e-01	4.676635e-01	4.679498e-01
0	nM152	100	0	800	2	1	0.007	3.788849e-02	2.050179e-01	8.534284e-01	8.532014e-01	8.532500e-01
0	nM160	100	0	800	2	1	0.013	-2.523051e-02	1.592086e-01	8.741230e-01	8.739275e-01	8.739687e-01
0	nM162	100	0	800	2	1	0.020	4.625578e-02	1.263376e-01	7.143663e-01	7.139386e-01	7.140473e-01
0	nM170	100	0	800	2	1	0.216	-4.626777e-02	4.293529e-02	2.815307e-01	2.807778e-01	2.812785e-01
0	nM173	100	0	800	2	1	0.011	-1.115446e-01	1.676707e-01	5.060763e-01	5.054105e-01	5.056619e-01
0	nM177	100	0	800	2	1	0.006	-5.834000e-02	2.244399e-01	7.949802e-01	7.946663e-01	7.947377e-01
0	nM189	100	0	800	2	1	0.005	4.242608e-01	2.503343e-01	9.050784e-02	9.000418e-02	9.068326e-02
0	nM197	100	0	800	2	1	0.145	-1.126025e-01	5.007934e-02	2.481764e-02	2.459254e-02	2.509293e-02
0	nM204	100	0	800	2	1	0.004	6.241199e-01	2.885545e-01	3.084379e-02	3.058249e-02	3.112369e-02
0	nM208	100	0	800	2	1	0.054	-3.899951e-02	7.842193e-02	6.191120e-01	6.185631e-01	6.187275e-01
0	nM217	100	0	800	2	1	0.007	-1.687524e-02	2.050214e-01	9.344211e-01	9.343187e-01	9.343395e-01
0	nM219	100	0	800	2	1	0.006	1.022479e-02	2.244491e-01	9.636763e-01	9.636194e-01	9.636309e-01
0	nM223	100	0	800	2	1	0.011	1.473457e-01	1.676360e-01	3.796863e-01	3.789405e-01	3.793206e-01
0	nM232	100	0	800	2	1	0.049	-1.015931e-01	8.206268e-02	2.160824e-01	2.153641e-01	2.159484e-01
0	nM234	100	0	800	2	1	0.018	4.621675e-02	1.348900e-01	7.319705e-01	7.315669e-01	7.316668e-01
0	nM237	100	0	800	2	1	0.068	6.100977e-02	7.047204e-02	3.868983e-01	3.861552e-01	3.865271e-01
0	nM241	100	0	800	2	1	0.004	-6.474715e-02	2.893900e-01	8.230195e-01	8.227470e-01	8.228070e-01
0	nM253	100	0	800	2	1	0.029	-1.140804e-01	1.057782e-01	2.811424e-01	2.803896e-01	2.808908e-01
0	nM262	100	0	800	2	1	0.020	-3.266686e-02	1.263429e-01	7.960436e-01	7.957313e-01	7.958022e-01
0	nM264	100	0	800	2	1	0.140	-7.560655e-03	5.097741e-02	8.821326e-01	8.819493e-01	8.819877e-01
0	nM271	100	0	800	2	1	0.009	1.305100e-01	1.898772e-01	4.920690e-01	4.913912e-01	4.916553e-01
0	nM275	100	0	800	2	1	0.005	-1.568199e-01	2.507229e-01	5.318410e-01	5.311986e-01	5.314280e-01
0	nM284	100	0	800	2	1	0.025	-4.784734e-02	1.132860e-01	6.728769e-01	6.723944e-01	6.725255e-01
0	nM287	100	0	800	2	1	0.007	-9.626609e-02	2.049940e-01	6.387659e-01	6.382407e-01	6.383923e-01
0	nM290	100	0	800	2	1	0.006	-2.692825e-01	2.242469e-01	2.301732e-01	2.294442e-01	2.300108e-01
0	nM293	100	0	800	2	1	0.037	-1.568628e-02	9.310506e-02	8.662489e-01	8.660414e-01	8.660853e-01
0	nM299	100	0	800	2	1	0.016	2.536843e-02	1.399004e-01	8.561530e-01	8.559302e-01	8.559777e-01
0	nM304	100	0	800	2	1	0.044	1.344530e-02	8.648000e-02	8.764878e-01	8.762959e-01	8.763362e-01
0	nM312	100	0	800	2	1	0.005	-5.245579e-02	2.507775e-01	8.343669e-01	8.341112e-01	8.341669e-01
0	nM316	100	0	800	2	1	0.214	-1.705546e-02	4.314407e-02	6.927167e-01	6.922600e-01	6.923801e-01
0	nM333	100	0	800	2	1	0.074	-1.053532e-01	6.757585e-02	1.193844e-01	1.188068e-01	1.194837e-01
0	nM337	100	0	800	2	1	0.019	-1.569762e-01	1.302902e-01	2.286304e-01	2.279024e-01	2.284709e-01
0	nM344	100	0	800	2	1	0.009	-1.985098e-01	1.898034e-01	2.959375e-01	2.951818e-01	2.956640e-01
0	nM346	100	0	800	2	1	0.094	6.424308e-02	6.064321e-02	2.897558e-01	2.890011e-01	2.894912e-01
0	nM348	100	0	800	2	1	0.029	9.504304e-02	1.058018e-01	3.692902e-01	3.685409e-01	3.689331e-01
0	nM353	100	0	800	2	1	0.026	-1.906389e-01	1.104331e-01	8.468326e-02	8.419709e-02	8.487351e-02
0	nM355	100	0	800	2	1	0.006	-7.036861e-02	2.244356e-01	7.539555e-01	7.535826e-01	7.536720e-01
0	nM358	100	0	800	2	1	0.010	-2.782087e-01	1.775056e-01	1.174355e-01	1.168623e-01	1.175400e-01
0	nM361	100	0	800	2	1	0.004	-1.634667e-01	2.893413e-01	5.722587e-01	5.716572e-01	5.718547e-01
0	nM364	100	0	800	2	1	0.018	6.431087e-02	1.348807e-01	6.336365e-01	6.331049e-01	6.332598e-01
0	nM369	100	0	800	2	1	0.004	5.665807e-01	2.887033e-01	5.005119e-02	4.969328e-02	5.031595e-02
0	nM377	100	0	800	2	1	0.018	-2.431768e-01	1.346250e-01	7.124381e-02	7.080203e-02	7.146661e-02
0	nM379	100	0	800	2	1	0.004	2.854426e-01	2.892227e-01	3.239760e-01	3.232189e-01	3.236658e-01
0	nM382	100	0	800	2	1	0.040	-1.916548e-02	9.026495e-02	8.319079e-01	8.316486e-01	8.317052e-01
0	nM384	100	0	800	2	1	0.029	8.717982e-02	1.058103e-01	4.102280e-01	4.094953e-01	4.098413e-01
0	nM389	100	0	800	2	1	0.090	1.715038e-01	6.151059e-02	5.426292e-03	5.353966e-03	5.594603e-03
0	nM395	100	0	800	2	1	0.010	-1.042751e-01	1.777402e-01	5.575905e-01	5.569737e-01	5.571823e-01
0	nM398	100	0	800	2	1	0.170	5.287841e-02	4.705330e-02	2.614367e-01	2.606905e-01	2.612171e-01
0	nM414	100	0	800	2	1	0.077	8.814710e-03	6.615431e-02	8.940335e-01	8.938685e-01	8.939027e-01
0	nM429	100	0	800	2	1	0.045	-9.650064e-03	8.532683e-02	9.099834e-01	9.098431e-01	9.098719e-01
0	nM433	100	0	800	2	1	0.018	1.788303e-01	1.347513e-01	1.848506e-01	1.841637e-01	1.847851e-01
0	nM442	100	0	800	2	1	0.036	-2.701491e-01	9.415254e-02	4.222863e-03	4.163573e-03	4.372037e-03
0	nM452	100	0	800	2	1	0.011	1.282763e-01	1.676557e-01	4.444277e-01	4.437148e-01	4.440248e-01
0	nM454	100	0	800	2	1	0.006	-1.082665e-01	2.244167e-01	6.296293e-01	6.290929e-01	6.292504e-01
0	nM459	100	0	800	2	1	0.006	-4.080494e-02	2.244447e-01	8.557828e-01	8.555594e-01	8.556071e-01
0	nM462	100	0	800	2	1	0.005	-1.227061e-01	2.507468e-01	6.247194e-01	6.241772e-01	6.243378e-01
0	nM466	100	0	800	2	1	0.090	7.411649e-02	6.175377e-02	2.304202e-01	2.296910e-01	2.302573e-01
0	nM469	100	0	800	2	1	0.011	1.875584e-01	1.675857e-01	2.634005e-01	2.626535e-01	2.631775e-01
0	nM472	100	0	800	2	1	0.014	7.851575e-02	1.518726e-01	6.053104e-01	6.047455e-01	6.049192e-01
0	nM475	100	0	800	2	1	0.006	-1.847822e-01	2.243541e-01	4.104023e-01	4.096697e-01	4.100155e-01
0	nM491	100	0	800	2	1	0.006	1.211600e-01	2.244084e-01	5.894107e-01	5.888278e-01	5.890127e-01
0	nM493	100	0	800	2	1	0.099	3.957315e-02	5.927678e-02	5.045823e-01	5.039151e-01	5.041679e-01
0	nM496	100	0	800	2	1	0.048	-6.656675e-02	8.312723e-02	4.234965e-01	4.227709e-01	4.231026e-01
0	nM500	100	0	800	2	1	0.004	2.935134e-02	2.893973e-01	9.192407e-01	9.191147e-01	9.191404e-01
0	nM505	100	0	800	2	1	0.020	4.983736e-01	1.251104e-01	7.412584e-05	7.222254e-05	8.527847e-05
0	nM507	100	0	800	2	1	0.020	-1.154524e-02	1.263475e-01	9.272161e-01	9.271024e-01	9.271256e-01
0	nM509	100	0	800	2	1	0.049	-1.233354e-01	8.202534e-02	1.330734e-01	1.324671e-01	1.331366e-01
0	nM512	100	0	800	2	1	0.005	-2.259935e-01	2.506567e-01	3.675385e-01	3.667888e-01	3.671830e-01
0	nM519	100	0	800	2	1	0.059	-6.347539e-02	7.518769e-02	3.987962e-01	3.980581e-01	3.984166e-01
0	nM523	100	0	800	2	1	0.009	-1.823769e-01	1.898237e-01	3.369588e-01	3.362027e-01	3.366335e-01
0	nM526	100	0	800	2	1	0.022	8.405861e-02	1.192373e-01	4.810352e-01	4.803486e-01	4.806228e-01
0	nM532	100	0	800	2	1	0.005	2.391436e-01	2.506414e-01	3.403087e-01	3.395530e-01	3.399798e-01
0	nM546	100	0	800	2	1	0.006	5.366059e-01	2.236441e-01	1.665151e-02	1.648205e-02	1.690668e-02
0	nM553	100	0	800	2	1	0.004	1.862336e-01	2.893240e-01	5.199646e-01	5.193111e-01	5.195505e-01
0	nM556	100	0	800	2	1	0.096	6.909898e-02	5.992541e-02	2.492215e-01	2.484810e-01	2.490233e-01
0	nM560	100	0	800	2	1	0.005	3.701299e-01	2.504419e-01	1.398271e-01	1.392079e-01	1.398727e-01
0	nM572	100	0	800	2	1	0.009	7.707175e-01	1.879637e-01	4.547872e-05	4.424650e-05	5.325357e-05
0	nM590	100	0	800	2	1	0.004	1.186921e+00	2.863328e-01	3.757570e-05	3.653678e-05	4.431702e-05
0	nM594	100	0	800	2	1	0.011	5.800644e-02	1.677046e-01	7.295206e-01	7.291137e-01	7.292147e-01
0	nM600	100	0	800	2	1	0.004	7.399045e-02	2.893873e-01	7.982641e-01	7.979550e-01	7.980250e-01
0	nM604	100	0	800	2	1	0.005	-3.936514e-01	2.503969e-01	1.163215e-01	1.157509e-01	1.164289e-01
0	nM617	100	0	800	2	1	0.020	-1.359715e-01	1.262565e-01	2.818293e-01	2.810764e-01	2.815767e-01
0	nM622	100	0	800	2	1	0.013	7.850626e-02	1.591869e-01	6.220279e-01	6.214825e-01	6.216449e-01
0	nM629	100	0	800	2	1	0.005	-2.978295e-01	2.505627e-01	2.349338e-01	2.342016e-01	2.347621e-01
0	nM638	100	0	800	2	1	0.005	1.973543e-01	2.506870e-01	4.313672e-01	4.306461e-01	4.309696e-01
0	nM641	100	0	800	2	1	0.071	-9.024039e-02	6.868881e-02	1.893057e-01	1.886136e-01	1.892299e-01
0	nM654	100	0	800	2	1	0.005	-6.974659e-02	2.507722e-01	7.809867e-01	7.806525e-01	7.807298e-01
0	nM659	100	0	800	2	1	0.010	-2.617467e-02	1.777762e-01	8.829846e-01	8.828027e-01	8.828407e-01
0	nM661	100	0	800	2	1	0.006	8.140256e-01	2.225919e-01	2.718896e-04	2.659318e-04	2.999892e-04
0	nM664	100	0	800	2	1	0.052	8.324238e-02	7.925520e-02	2.938944e-01	2.931391e-01	2.936239e-01
0	nM667	100	0	800	2	1	0.004	4.190249e-01	2.890187e-01	1.475018e-01	1.468689e-01	1.475276e-01
0	nM672	100	0	800	2	1	0.013	-6.422642e-02	1.591949e-01	6.867288e-01	6.862643e-01	6.863877e-01
0	nM675	100	0	800	2	1	0.006	-1.750632e-01	2.243638e-01	4.354665e-01	4.347479e-01	4.350671e-01
0	nM684	100	0	800	2	1	0.028	1.227242e-01	1.080775e-01	2.564981e-01	2.557541e-01	2.562870e-01
0	nM700	100	0	800	2	1	0.007	3.623227e-02	2.050183e-01	8.597677e-01	8.595503e-01	8.595966e-01
0	nM703	100	0	800	2	1	0.019	-4.665107e-02	1.303982e-01	7.206187e-01	7.201995e-01	7.203050e-01
0	nM710	100	0	800	2	1	0.026	8.987898e-02	1.105933e-01	4.166336e-01	4.159043e-01	4.162433e-01
0	nM716	100	0	800	2	1	0.064	-1.508282e-01	7.220661e-02	3.703831e-02	3.674311e-02	3.731722e-02
0	nM718	100	0	800	2	1	0.083	3.251311e-02	6.428319e-02	6.131512e-01	6.125954e-01	6.127637e-01
0	nM734	100	0	800	2	1	0.006	-2.164077e-02	2.244481e-01	9.232131e-01	9.230932e-01	9.231176e-01
0	nM741	100	0	800	2	1	0.052	5.903239e-02	7.928243e-02	4.567427e-01	4.560380e-01	4.563357e-01
0	nM744	100	0	800	2	1	0.022	-2.334478e-01	1.189878e-01	5.011589e-02	4.975769e-02	5.038054e-02
0	nM755	100	0	800	2	1	0.158	-1.550992e-02	4.855612e-02	7.494897e-01	7.491106e-01	7.492021e-01
0	nM772	100	0	800	2	1	0.043	-1.523412e-01	8.752060e-02	8.213336e-02	8.165517e-02	8.233000e-02
0	nM776	100	0	800	2	1	0.011	-2.764148e-01	1.674315e-01	9.914976e-02	9.862185e-02	9.930267e-02
0	nM778	100	0	800	2	1	0.026	-5.704507e-02	1.106207e-01	6.062194e-01	6.056556e-01	6.058286e-01
0	nM781	100	0	800	2	1	0.007	-2.449783e-02	2.050205e-01	9.049175e-01	9.047693e-01	9.047998e-01
0	nM784	100	0	800	2	1	0.004	-1.835182e-01	2.893262e-01	5.260700e-01	5.254222e-01	5.256564e-01
0	nM787	100	0	800	2	1	0.005	-6.217878e-02	2.507747e-01	8.042394e-01	8.039390e-01	8.040066e-01
0	nM790	100	0	800	2	1	0.016	4.766848e-01	1.388819e-01	6.292890e-04	6.170239e-04	6.785380e-04
0	nM792	100	0	800	2	1	0.005	-2.443653e-01	2.506351e-01	3.298636e-01	3.291068e-01	3.295464e-01
0	nM797	100	0	800	2	1	0.098	-6.254008e-02	5.958975e-02	2.942609e-01	2.935055e-01	2.939898e-01
0	nM806	100	0	800	2	1	0.055	-9.255279e-02	7.751973e-02	2.328618e-01	2.321310e-01	2.326942e-01
0	nM810	100	0	800	2	1	0.010	2.388718e-01	1.775774e-01	1.789523e-01	1.782727e-01	1.789006e-01
0	nM813	100	0	800	2	1	0.026	5.101214e-02	1.106244e-01	6.448315e-01	6.443136e-01	6.444615e-01
0	nM817	100	0	800	2	1	0.016	-1.340634e-02	1.399025e-01	9.236826e-01	9.235634e-01	9.235877e-01
0	nM821	100	0	800	2	1	0.043	7.624331e-02	8.764504e-02	3.846111e-01	3.838671e-01	3.842416e-01
0	nM826	100	0	800	2	1	0.033	8.089990e-02	9.971277e-02	4.174185e-01	4.166895e-01	4.170277e-01
0	nM829	100	0	800	2	1	0.046	6.206652e-02	8.419301e-02	4.612215e-01	4.605200e-01	4.608132e-01
0	nM837	100	0	800	2	1	0.024	-1.527657e-01	1.160416e-01	1.883930e-01	1.877020e-01	1.883194e-01
0	nM843	100	0	800	2	1	0.005	3.649505e-01	2.504514e-01	1.454626e-01	1.448332e-01	1.454936e-01
0	nM845	100	0	800	2	1	0.026	-1.873284e-01	1.104402e-01	9.023848e-02	8.973560e-02	9.041459e-02
0	nM851	100	0	800	2	1	0.004	-2.164622e-01	2.892977e-01	4.545397e-01	4.538335e-01	4.541333e-01
0	nM854	100	0	800	2	1	0.006	3.456311e-02	2.244461e-01	8.776542e-01	8.774641e-01	8.775040e-01
0	nM857	100	0	800	2	1	0.020	-1.581595e-02	1.263469e-01	9.004135e-01	9.002584e-01	9.002905e-01
0	nM859	100	0	800	2	1	0.010	-2.872732e-01	1.774875e-01	1.059382e-01	1.053926e-01	1.060732e-01
0	nM866	100	0	800	2	1	0.011	-1.470444e-02	1.677164e-01	9.301574e-01	9.300483e-01	9.300705e-01
0	nM869	100	0	800	2	1	0.014	-2.649520e-01	1.516082e-01	8.091618e-02	8.044187e-02	8.111583e-02
0	nM885	100	0	800	2	1	0.004	-2.654104e-02	2.893976e-01	9.269504e-01	9.268363e-01	9.268596e-01
0	nM894	100	0	800	2	1	0.107	2.769661e-02	5.709849e-02	6.277618e-01	6.272232e-01	6.273819e-01
0	nM904	100	0	800	2	1	0.225	1.664403e-02	4.235580e-02	6.944558e-01	6.940015e-01	6.941206e-01
0	nM909	100	0	800	2	1	0.007	2.335647e-01	2.048555e-01	2.545685e-01	2.538254e-01	2.543608e-01
0	nM911	100	0	800	2	1	0.004	8.602174e-02	2.893831e-01	7.663461e-01	7.659909e-01	7.660746e-01
0	nM921	100	0	800	2	1	0.006	2.498926e-01	2.242750e-01	2.655185e-01	2.647707e-01	2.652920e-01
0	nM925	100	0	800	2	1	0.016	1.544615e-01	1.397964e-01	2.695346e-01	2.687853e-01	2.693014e-01
0	nM938	100	0	800	2	1	0.028	2.561319e-02	1.081610e-01	8.128679e-01	8.125803e-01	8.126444e-01
0	nM943	100	0	800	2	1	0.007	3.774001e-01	2.045866e-01	6.545216e-02	6.503144e-02	6.568790e-02
0	nM947	100	0	800	2	1	0.004	-8.010879e-02	2.893852e-01	7.819869e-01	7.816541e-01	7.817310e-01
0	nM950	100	0	800	2	1	0.044	7.865693e-02	8.643647e-02	3.630989e-01	3.623479e-01	3.627473e-01
0	nM952	100	0	800	2	1	0.174	-4.554313e-02	4.665732e-02	3.293009e-01	3.285440e-01	3.289843e-01
0	nM956	100	0	800	2	1	0.005	-1.182872e-01	2.507494e-01	6.372451e-01	6.367180e-01	6.368706e-01
0	nM966	100	0	800	2	1	0.024	-1.052632e-01	1.161077e-01	3.648921e-01	3.641416e-01	3.645389e-01
0	nM968	100	0	800	2	1	0.046	1.906708e-01	8.395077e-02	2.339916e-02	2.318312e-02	2.367231e-02
0	nM974	100	0	800	2	1	0.064	1.126945e-02	7.240264e-02	8.763485e-01	8.761564e-01	8.761968e-01
0	nM980	100	0	800	2	1	0.004	9.029108e-02	2.893815e-01	7.551114e-01	7.547402e-01	7.548290e-01
0	nM984	100	0	800	2	1	0.102	1.079810e-01	5.819464e-02	6.389130e-02	6.347648e-02	6.413038e-02
0	nM986	100	0	800	2	1	0.049	-5.770286e-02	8.211605e-02	4.824483e-01	4.817628e-01	4.820357e-01
0	nM988	100	0	800	2	1	0.138	-1.229871e-02	5.136302e-02	8.108206e-01	8.105299e-01	8.105948e-01
0	nM992	100	0	800	2	1	0.005	-1.257481e-01	2.507449e-01	6.161588e-01	6.156065e-01	6.157728e-01
0	nM997	100	0	800	2	1	0.105	-1.089495e-03	5.770198e-02	9.849404e-01	9.849168e-01	9.849216e-01
0	nM1006	100	0	800	2	1	0.030	-1.445408e-01	1.035669e-01	1.632151e-01	1.625571e-01	1.632014e-01
0	nM1015	100	0	800	2	1	0.009	-4.194132e-01	1.893522e-01	2.704251e-02	2.680363e-02	2.732028e-02
0	nM1017	100	0	800	2	1	0.015	1.288381e-01	1.454521e-01	3.760046e-01	3.752575e-01	3.756418e-01
0	nM1025	100	0	800	2	1	0.054	-8.083615e-02	7.838187e-02	3.027071e-01	3.019505e-01	3.024241e-01
0	nM1031	100	0	800	2	1	0.004	-3.249570e-02	2.893968e-01	9.106235e-01	9.104842e-01	9.105128e-01
0	nM1048	100	0	800	2	1	0.010	1.519888e-01	1.776971e-01	3.926281e-01	3.918873e-01	3.922527e-01
0	nM1052	100	0	800	2	1	0.279	-4.177996e-02	3.942223e-02	2.895531e-01	2.887985e-01	2.892888e-01
0	nM1055	100	0	800	2	1	0.005	7.777125e-03	2.507842e-01	9.752683e-01	9.752296e-01	9.752374e-01
0	nM1062	100	0	800	2	1	0.018	-1.396389e-02	1.348990e-01	9.175813e-01	9.174527e-01	9.174790e-01
0	nM1081	100	0	800	2	1	0.006	3.504188e-01	2.241063e-01	1.183016e-01	1.177264e-01	1.184037e-01
0	nM1083	100	0	800	2	1	0.060	3.314272e-02	7.447381e-02	6.564222e-01	6.559188e-01	6.560596e-01
0	nM1093	100	0	800	2	1	0.011	-2.921928e-02	1.677140e-01	8.617360e-01	8.615217e-01	8.615672e-01
0	nM1112	100	0	800	2	1	0.006	3.579013e-02	2.244458e-01	8.733468e-01	8.731502e-01	8.731916e-01
0	nM1115	100	0	800	2	1	0.034	-1.153682e-01	9.786729e-02	2.388202e-01	2.380855e-01	2.386411e-01
0	nM1131	100	0	800	2	1	0.033	-2.090486e-01	9.947902e-02	3.591589e-02	3.562662e-02	3.619532e-02
0	nM1141	100	0	800	2	1	0.018	-8.990768e-02	1.348624e-01	5.051805e-01	5.045138e-01	5.047661e-01
0	nM1145	100	0	800	2	1	0.005	2.711404e-01	2.506006e-01	2.795962e-01	2.788439e-01	2.793470e-01
0	nM1147	100	0	800	2	1	0.007	2.307831e-01	2.048595e-01	2.602741e-01	2.595284e-01	2.600565e-01
0	nM1153	100	0	800	2	1	0.029	-4.405576e-02	1.058438e-01	6.773509e-01	6.768741e-01	6.770028e-01
0	nM1155	100	0	800	2	1	0.006	3.986911e-01	2.240052e-01	7.548433e-02	7.502790e-02	7.569718e-02
0	nM1162	100	0	800	2	1	0.013	-2.168701e-01	1.590259e-01	1.730339e-01	1.723620e-01	1.729963e-01
0	nM1174	100	0	800	2	1	0.019	-1.591883e-01	1.302869e-01	2.221329e-01	2.214098e-01	2.219865e-01
0	nM1180	100	0	800	2	1	0.020	-2.585279e-02	1.263449e-01	8.379206e-01	8.376703e-01	8.377246e-01
0	nM1187	100	0	800	2	1	0.059	-2.129990e-02	7.521748e-02	7.771142e-01	7.767744e-01	7.768534e-01
0	nM1193	100	0	800	2	1	0.084	-1.890698e-02	6.385189e-02	7.672256e-01	7.668716e-01	7.669550e-01
0	nM1211	100	0	800	2	1	0.004	2.588463e-03	2.893991e-01	9.928658e-01	9.928547e-01	9.928569e-01
0	nM1217	100	0	800	2	1	0.142	2.789908e-03	5.060247e-02	9.560456e-01	9.559769e-01	9.559907e-01
0	nM1221	100	0	800	2	1	0.048	3.124130e-02	8.315327e-02	7.072342e-01	7.067970e-01	7.069093e-01
0	nM1226	100	0	800	2	1	0.025	-7.892646e-02	1.132642e-01	4.861089e-01	4.854263e-01	4.856959e-01
0	nM1231	100	0	800	2	1	0.044	-1.277359e-02	8.648013e-02	8.826125e-01	8.824300e-01	8.824682e-01
0	nM1239	100	0	800	2	1	0.135	2.107456e-02	5.175794e-02	6.839883e-01	6.835202e-01	6.836451e-01
0	nM1242	100	0	800	2	1	0.004	-2.419401e-01	2.892724e-01	4.031945e-01	4.024583e-01	4.028120e-01
