chr	rs	ps	n_mis	n_obs	allele1	allele0	af	beta	se	p_wald	p_lrt	p_score
0	cM1	0	0	800	2	1	0.033	1.629004e-01	9.958706e-02	1.022843e-01	1.017481e-01	1.024290e-01
0	cM10	0	0	800	2	1	0.011	-7.945970e-02	1.676935e-01	6.357445e-01	6.352155e-01	6.353691e-01
0	cM16	0	0	800	2	1	0.016	9.329932e-02	1.398643e-01	5.049200e-01	5.042532e-01	5.045056e-01
0	cM17	0	0	800	2	1	0.061	1.545676e-02	7.376612e-02	8.340822e-01	8.338262e-01	8.338820e-01
0	cM23	0	0	800	2	1	0.125	-7.672732e-03	5.348504e-02	8.859665e-01	8.857892e-01	8.858262e-01
0	cM26	0	0	800	2	1	0.004	-2.032200e-01	2.893096e-01	4.826154e-01	4.819300e-01	4.822028e-01
0	cM31	0	0	800	2	1	0.034	1.600337e-01	9.778849e-02	1.021231e-01	1.015873e-01	1.022682e-01
0	cM39	0	0	800	2	1	0.013	-4.346090e-01	1.584660e-01	6.232079e-03	6.151454e-03	6.411354e-03
0	cM40	0	0	800	2	1	0.011	-3.586362e-01	1.672359e-01	3.229484e-02	3.202533e-02	3.257496e-02
0	cM43	0	0	800	2	1	0.004	-2.293608e-01	2.892852e-01	4.280988e-01	4.273758e-01	4.277027e-01
0	cM45	0	0	800	2	1	0.171	3.379218e-01	4.540434e-02	2.560230e-13	2.350905e-13	1.336724e-12
0	cM49	0	0	800	2	1	0.046	-5.381809e-02	8.420011e-02	5.228965e-01	5.222458e-01	5.224827e-01
0	cM52	0	0	800	2	1	0.011	-4.217317e-01	1.670514e-01	1.177704e-02	1.164578e-02	1.200743e-02
0	cM54	0	0	800	2	1	0.020	3.481671e-01	1.257456e-01	5.756440e-03	5.680676e-03	5.929399e-03
0	cM57	0	0	800	2	1	0.058	1.304236e-02	7.598263e-02	8.637569e-01	8.635456e-01	8.635904e-01
0	cM60	0	0	800	2	1	0.004	2.035103e-01	2.893094e-01	4.819899e-01	4.813040e-01	4.815774e-01
0	cM65	0	0	800	2	1	0.043	7.174674e-02	8.764978e-02	4.132810e-01	4.125498e-01	4.128925e-01
0	cM66	0	0	800	2	1	0.044	-1.741431e-01	8.626130e-02	4.384345e-02	4.351418e-02	4.411658e-02
0	cM67	0	0	800	2	1	0.016	-2.140530e-01	1.396979e-01	1.258556e-01	1.252640e-01	1.259378e-01
0	cM69	0	0	800	2	1	0.098	2.791127e-01	5.880659e-02	2.455196e-06	2.367842e-06	3.266532e-06
0	nM2	0	0	800	2	1	0.018	1.003208e-01	1.348531e-01	4.571402e-01	4.564358e-01	4.567330e-01
0	nM7	0	0	800	2	1	0.034	4.813165e-02	9.793763e-02	6.232419e-01	6.226979e-01	6.228595e-01
0	nM9	0	0	800	2	1	0.115	2.462945e-02	5.543993e-02	6.569790e-01	6.564762e-01	6.566167e-01
0	nM12	0	0	800	2	1	0.037	-2.108902e-02	9.310371e-02	8.208620e-01	8.205862e-01	8.206471e-01
0	nM15	0	0	800	2	1	0.045	-9.480855e-02	8.526146e-02	2.664841e-01	2.657360e-01	2.662560e-01
0	nM17	0	0	800	2	1	0.005	-5.726230e-02	2.507761e-01	8.194402e-01	8.191623e-01	8.192238e-01
0	nM19	0	0	800	2	1	0.050	-2.597001e-02	8.115631e-02	7.490522e-01	7.486724e-01	7.487641e-01
0	nM20	0	0	800	2	1	0.010	1.426378e-01	1.777068e-01	4.224113e-01	4.216851e-01	4.220179e-01
0	nM24	0	0	800	2	1	0.009	1.995508e-02	1.899321e-01	9.163512e-01	9.162207e-01	9.162474e-01
0	nM27	0	0	800	2	1	0.046	5.503610e-02	8.419912e-02	5.135306e-01	5.128714e-01	5.131163e-01
0	nM28	0	0	800	2	1	0.102	-1.789262e-01	5.797506e-02	2.096942e-03	2.063317e-03	2.199624e-03
0	nM29	0	0	800	2	1	0.004	8.291677e-01	2.879067e-01	4.083391e-03	4.025670e-03	4.230087e-03
0	nM33	0	0	800	2	1	0.010	-1.071338e-01	1.777381e-01	5.468382e-01	5.462105e-01	5.464276e-01
0	nM37	0	0	800	2	1	0.081	-4.831159e-02	6.471948e-02	4.555992e-01	4.548938e-01	4.551926e-01
0	nM40	0	0	800	2	1	0.007	6.041961e-01	2.039036e-01	3.135635e-03	3.088955e-03	3.263670e-03
0	nM42	0	0	800	2	1	0.004	-2.144963e-01	2.892994e-01	4.586487e-01	4.579453e-01	4.582411e-01
0	nM43	0	0	800	2	1	0.004	-4.119858e-01	2.890314e-01	1.544322e-01	1.537877e-01	1.544403e-01
0	nM45	0	0	800	2	1	0.036	-1.609196e-02	9.463524e-02	8.650202e-01	8.648109e-01	8.648552e-01
0	nM51	0	0	800	2	1	0.006	7.684784e-02	2.244329e-01	7.321332e-01	7.317299e-01	7.318297e-01
0	nM54	0	0	800	2	1	0.015	3.647493e-02	1.455178e-01	8.021445e-01	8.018411e-01	8.019095e-01
0	nM58	0	0	800	2	1	0.168	-4.264745e-02	4.734528e-02	3.679797e-01	3.672300e-01	3.676237e-01
0	nM61	0	0	800	2	1	0.015	1.084786e-01	1.454728e-01	4.560703e-01	4.553651e-01	4.556634e-01
0	nM62	0	0	800	2	1	0.009	1.908505e-01	1.898132e-01	3.149779e-01	3.142207e-01	3.146788e-01
0	nM64	0	0	800	2	1	0.009	-1.426231e-01	1.898663e-01	4.527679e-01	4.520605e-01	4.523621e-01
0	nM67	0	0	800	2	1	0.004	2.824895e-02	2.893973e-01	9.222641e-01	9.221427e-01	9.221675e-01
0	nM74	0	0	800	2	1	0.060	9.850711e-02	7.440136e-02	1.858835e-01	1.851954e-01	1.858156e-01
0	nM76	0	0	800	2	1	0.005	-7.111838e-01	2.495175e-01	4.481289e-03	4.419127e-03	4.634897e-03
0	nM81	0	0	800	2	1	0.036	1.727059e-02	9.463498e-02	8.552391e-01	8.550149e-01	8.550628e-01
0	nM84	0	0	800	2	1	0.094	4.472562e-02	6.066517e-02	4.611849e-01	4.604833e-01	4.607766e-01
0	nM89	0	0	800	2	1	0.058	1.268257e-01	7.585128e-02	9.491029e-02	9.439402e-02	9.507430e-02
0	nM98	0	0	800	2	1	0.007	2.755444e-01	2.047901e-01	1.788470e-01	1.781675e-01	1.787956e-01
0	nM100	0	0	800	2	1	0.031	-4.281675e-03	1.016636e-01	9.664167e-01	9.663641e-01	9.663747e-01
0	nM102	0	0	800	2	1	0.025	-2.544770e-02	1.132950e-01	8.223367e-01	8.220632e-01	8.221235e-01
0	nM103	0	0	800	2	1	0.010	-5.709380e-02	1.777671e-01	7.481642e-01	7.477832e-01	7.478752e-01
0	nM108	0	0	800	2	1	0.011	-3.039822e-01	1.673716e-01	6.971303e-02	6.927669e-02	6.993933e-02
0	nM113	0	0	800	2	1	0.146	6.013940e-02	5.001388e-02	2.295443e-01	2.288157e-01	2.293831e-01
0	nM117	0	0	800	2	1	0.004	-2.549819e-01	2.892583e-01	3.783113e-01	3.775650e-01	3.779467e-01
0	nM120	0	0	800	2	1	0.092	-4.296634e-02	6.103345e-02	4.816505e-01	4.809644e-01	4.812380e-01
0	nM121	0	0	800	2	1	0.011	4.241631e-02	1.677104e-01	8.003998e-01	8.000938e-01	8.001630e-01
0	nM122	0	0	800	2	1	0.019	-3.491715e-02	1.304028e-01	7.889504e-01	7.886277e-01	7.887016e-01
0	nM127	0	0	800	2	1	0.087	-1.141755e-01	6.246969e-02	6.796862e-02	6.753859e-02	6.819884e-02
0	nM130	0	0	800	2	1	0.051	-1.045227e-01	8.013304e-02	1.924853e-01	1.917897e-01	1.924024e-01
0	nM139	0	0	800	2	1	0.007	6.015568e-02	2.050112e-01	7.692726e-01	7.689215e-01	7.690040e-01
0	nM149	0	0	800	2	1	0.021	1.507442e-01	1.225378e-01	2.189905e-01	2.182698e-01	2.188504e-01
0	nM153	0	0	800	2	1	0.015	-2.481092e-01	1.452582e-01	8.801480e-02	8.751850e-02	8.819660e-02
0	nM154	0	0	800	2	1	0.009	-2.743346e-03	1.899334e-01	9.884796e-01	9.884615e-01	9.884652e-01
0	nM155	0	0	800	2	1	0.009	-9.001901e-02	1.899067e-01	6.356174e-01	6.350882e-01	6.352419e-01
0	nM158	0	0	800	2	1	0.006	-7.025528e-02	2.244356e-01	7.543389e-01	7.539666e-01	7.540558e-01
0	nM161	0	0	800	2	1	0.279	-1.895339e-02	3.944426e-02	6.309959e-01	6.304612e-01	6.306178e-01
0	nM163	0	0	800	2	1	0.011	-1.011175e-01	1.676789e-01	5.466518e-01	5.460239e-01	5.462412e-01
0	nM164	0	0	800	2	1	0.034	2.405997e-01	9.758146e-02	1.388663e-02	1.373827e-02	1.412936e-02
0	nM168	0	0	800	2	1	0.005	-1.433130e-01	2.507330e-01	5.677700e-01	5.671637e-01	5.673646e-01
0	nM171	0	0	800	2	1	0.005	4.639378e-01	2.502460e-01	6.411841e-02	6.370272e-02	6.435700e-02
0	nM174	0	0	800	2	1	0.024	-1.121725e-01	1.160996e-01	3.342494e-01	3.334930e-01	3.339272e-01
0	nM175	0	0	800	2	1	0.004	1.197337e-01	2.893680e-01	6.791490e-01	6.786746e-01	6.788022e-01
0	nM180	0	0	800	2	1	0.031	-7.079648e-02	1.016328e-01	4.862619e-01	4.855795e-01	4.858488e-01
0	nM183	0	0	800	2	1	0.099	2.494944e-02	5.928674e-02	6.739950e-01	6.735139e-01	6.736444e-01
0	nM190	0	0	800	2	1	0.011	-1.307838e-01	1.676532e-01	4.355720e-01	4.348534e-01	4.351725e-01
0	nM191	0	0	800	2	1	0.035	1.550172e-02	9.624811e-02	8.720869e-01	8.718883e-01	8.719302e-01
0	nM199	0	0	800	2	1	0.009	6.583610e-01	1.884981e-01	5.045307e-04	4.943758e-04	5.471545e-04
0	nM200	0	0	800	2	1	0.028	3.765290e-02	1.081565e-01	7.278318e-01	7.274226e-01	7.275244e-01
0	nM201	0	0	800	2	1	0.018	1.259984e-01	1.348261e-01	3.503159e-01	3.495619e-01	3.499766e-01
0	nM202	0	0	800	2	1	0.135	1.532261e-02	5.176046e-02	7.672848e-01	7.669309e-01	7.670142e-01
0	nM205	0	0	800	2	1	0.061	-6.496778e-02	7.373229e-02	3.785124e-01	3.777662e-01	3.781477e-01
0	nM221	0	0	800	2	1	0.068	3.745707e-02	7.049265e-02	5.953162e-01	5.947400e-01	5.949206e-01
0	nM222	0	0	800	2	1	0.011	-1.307794e-01	1.676532e-01	4.355876e-01	4.348691e-01	4.351881e-01
0	nM226	0	0	800	2	1	0.007	1.611543e-01	2.049429e-01	4.319031e-01	4.311823e-01	4.315052e-01
0	nM227	0	0	800	2	1	0.030	-8.180056e-02	1.036528e-01	4.302421e-01	4.295203e-01	4.298449e-01
0	nM229	0	0	800	2	1	0.072	-1.571543e-01	6.798637e-02	2.105605e-02	2.085549e-02	2.132455e-02
0	nM231	0	0	800	2	1	0.014	3.752729e-02	1.518922e-01	8.049213e-01	8.046219e-01	8.046892e-01
0	nM233	0	0	800	2	1	0.031	-1.365070e-01	1.015488e-01	1.792495e-01	1.785695e-01	1.791971e-01
0	nM235	0	0	800	2	1	0.009	1.966625e-01	1.898058e-01	3.004578e-01	2.997015e-01	3.001779e-01
0	nM241	0	0	800	2	1	0.006	-4.116815e-03	2.244493e-01	9.853707e-01	9.853478e-01	9.853524e-01
0	nM243	0	0	800	2	1	0.065	-2.362569e-03	7.175202e-02	9.737411e-01	9.737000e-01	9.737083e-01
0	nM244	0	0	800	2	1	0.147	-5.916041e-02	4.983915e-02	2.355703e-01	2.348377e-01	2.353974e-01
0	nM249	0	0	800	2	1	0.031	1.605628e-01	1.015047e-01	1.140855e-01	1.135200e-01	1.141988e-01
0	nM251	0	0	800	2	1	0.028	1.182970e-01	1.080837e-01	2.740684e-01	2.733177e-01	2.738279e-01
0	nM252	0	0	800	2	1	0.010	4.321387e-02	1.777720e-01	8.080013e-01	8.077065e-01	8.077725e-01
0	nM256	0	0	800	2	1	0.031	-3.485894e-02	1.016562e-01	7.317565e-01	7.313526e-01	7.314526e-01
0	nM258	0	0	800	2	1	0.025	-1.458611e-01	1.131809e-01	1.978610e-01	1.971597e-01	1.977661e-01
0	nM266	0	0	800	2	1	0.013	-5.051831e-02	1.592011e-01	7.510808e-01	7.507039e-01	7.507946e-01
0	nM270	0	0	800	2	1	0.018	-1.175083e-01	1.348358e-01	3.837478e-01	3.830035e-01	3.833789e-01
0	nM271	0	0	800	2	1	0.009	-3.113127e-01	1.896134e-01	1.010196e-01	1.004867e-01	1.011676e-01
0	nM277	0	0	800	2	1	0.004	2.448783e-01	2.892692e-01	3.975047e-01	3.967660e-01	3.971259e-01
0	nM284	0	0	800	2	1	0.007	2.653930e-01	2.048069e-01	1.954121e-01	1.947133e-01	1.953225e-01
0	nM286	0	0	800	2	1	0.020	-1.318248e-01	1.262619e-01	2.967747e-01	2.960189e-01	2.965001e-01
0	nM287	0	0	800	2	1	0.004	-1.182399e-02	2.893988e-01	9.674200e-01	9.673691e-01	9.673793e-01
0	nM289	0	0	800	2	1	0.005	1.294084e-02	2.507839e-01	9.588591e-01	9.587947e-01	9.588077e-01
0	nM291	0	0	800	2	1	0.007	4.103747e-01	2.045070e-01	4.512341e-02	4.478805e-02	4.539502e-02
0	nM293	0	0	800	2	1	0.120	-7.638573e-03	5.443267e-02	8.884341e-01	8.882606e-01	8.882967e-01
0	nM297	0	0	800	2	1	0.013	-5.554419e-02	1.591990e-01	7.272580e-01	7.268479e-01	7.269501e-01
0	nM298	0	0	800	2	1	0.005	-1.627005e-01	2.507182e-01	5.165653e-01	5.159088e-01	5.161511e-01
0	nM302	0	0	800	2	1	0.055	-6.195734e-02	7.755791e-02	4.246136e-01	4.238886e-01	4.242191e-01
0	nM306	0	0	800	2	1	0.010	-2.226036e-01	1.776038e-01	2.104376e-01	2.097241e-01	2.103154e-01
0	nM311	0	0	800	2	1	0.094	3.065445e-02	6.067613e-02	6.135478e-01	6.129924e-01	6.131604e-01
0	nM314	0	0	800	2	1	0.004	-1.147667e-01	2.893706e-01	6.917625e-01	6.913046e-01	6.914252e-01
0	nM315	0	0	800	2	1	0.007	-4.728529e-02	2.050154e-01	8.176516e-01	8.173711e-01	8.174332e-01
0	nM317	0	0	800	2	1	0.119	-1.813199e-02	5.467649e-02	7.402610e-01	7.398689e-01	7.399647e-01
0	nM320	0	0	800	2	1	0.037	-4.303108e-03	9.310658e-02	9.631488e-01	9.630912e-01	9.631028e-01
0	nM327	0	0	800	2	1	0.010	4.967956e-02	1.777698e-01	7.799642e-01	7.796285e-01	7.797063e-01
0	nM331	0	0	800	2	1	0.066	-1.729289e-02	7.111686e-02	8.079427e-01	8.076478e-01	8.077139e-01
0	nM333	0	0	800	2	1	0.006	-2.187985e-01	2.243157e-01	3.296553e-01	3.288985e-01	3.293383e-01
0	nM337	0	0	800	2	1	0.004	-4.827357e-01	2.888941e-01	9.511808e-02	9.460123e-02	9.528154e-02
0	nM342	0	0	800	2	1	0.028	9.359174e-02	1.081140e-01	3.869278e-01	3.861847e-01	3.865566e-01
0	nM343	0	0	800	2	1	0.006	-8.221030e-02	2.244305e-01	7.142336e-01	7.138058e-01	7.139145e-01
0	nM345	0	0	800	2	1	0.039	1.223182e-02	9.165118e-02	8.938628e-01	8.936975e-01	8.937318e-01
0	nM354	0	0	800	2	1	0.040	-3.434686e-02	9.025929e-02	7.036492e-01	7.032071e-01	7.033214e-01
0	nM359	0	0	800	2	1	0.269	-4.537806e-02	3.986920e-02	2.553897e-01	2.546462e-01	2.551805e-01
0	nM360	0	0	800	2	1	0.015	1.306982e-01	1.454500e-01	3.691483e-01	3.683991e-01	3.687914e-01
0	nM362	0	0	800	2	1	0.083	-9.030078e-02	6.421396e-02	1.600397e-01	1.593864e-01	1.600338e-01
0	nM365	0	0	800	2	1	0.006	-6.829110e-02	2.244363e-01	7.609952e-01	7.606323e-01	7.607185e-01
0	nM373	0	0	800	2	1	0.020	-2.264617e-01	1.260936e-01	7.287569e-02	7.242820e-02	7.309470e-02
0	nM377	0	0	800	2	1	0.013	3.043192e-01	1.588462e-01	5.574633e-02	5.536394e-02	5.600150e-02
0	nM380	0	0	800	2	1	0.028	-3.316735e-02	1.081584e-01	7.591857e-01	7.588202e-01	7.589072e-01
0	nM381	0	0	800	2	1	0.007	1.901034e-02	2.050212e-01	9.261463e-01	9.260309e-01	9.260544e-01
0	nM386	0	0	800	2	1	0.031	-9.407094e-02	1.016092e-01	3.548239e-01	3.540708e-01	3.544801e-01
0	nM389	0	0	800	2	1	0.004	-1.452701e-01	2.893534e-01	6.157703e-01	6.152175e-01	6.153841e-01
0	nM396	0	0	800	2	1	0.066	-3.024833e-03	7.111942e-02	9.660854e-01	9.660324e-01	9.660430e-01
0	nM399	0	0	800	2	1	0.168	2.895918e-02	4.735825e-02	5.410483e-01	5.404149e-01	5.406367e-01
0	nM402	0	0	800	2	1	0.020	5.475853e-02	1.263333e-01	6.648087e-01	6.643158e-01	6.644517e-01
0	nM404	0	0	800	2	1	0.077	1.147521e-01	6.603020e-02	8.261909e-02	8.213937e-02	8.281452e-02
0	nM405	0	0	800	2	1	0.007	-1.328167e-01	2.049684e-01	5.171801e-01	5.165242e-01	5.167659e-01
0	nM406	0	0	800	2	1	0.004	2.173921e-01	2.892967e-01	4.526034e-01	4.518958e-01	4.521976e-01
0	nM411	0	0	800	2	1	0.005	2.620158e-01	2.506127e-01	2.961081e-01	2.953524e-01	2.958344e-01
0	nM415	0	0	800	2	1	0.059	3.401345e-02	7.521161e-02	6.512214e-01	6.507114e-01	6.508554e-01
0	nM420	0	0	800	2	1	0.028	-2.036685e-01	1.079242e-01	5.950366e-02	5.910595e-02	5.975170e-02
0	nM421	0	0	800	2	1	0.004	4.765583e-01	2.889070e-01	9.943436e-02	9.890568e-02	9.958653e-02
0	nM425	0	0	800	2	1	0.014	-1.454263e-01	1.518107e-01	3.383807e-01	3.376248e-01	3.380539e-01
0	nM427	0	0	800	2	1	0.006	-8.166063e-03	2.244492e-01	9.709863e-01	9.709409e-01	9.709500e-01
0	nM430	0	0	800	2	1	0.010	-3.996940e-01	1.772146e-01	2.437689e-02	2.415458e-02	2.465156e-02
0	nM433	0	0	800	2	1	0.219	-1.315607e-02	4.278605e-02	7.585544e-01	7.581880e-01	7.582753e-01
0	nM436	0	0	800	2	1	0.014	-1.858960e-01	1.517554e-01	2.209474e-01	2.202252e-01	2.208034e-01
0	nM442	0	0	800	2	1	0.013	2.508736e-01	1.589632e-01	1.149191e-01	1.143517e-01	1.150303e-01
0	nM443	0	0	800	2	1	0.013	2.617774e-02	1.592084e-01	8.694388e-01	8.692361e-01	8.692789e-01
0	nM446	0	0	800	2	1	0.009	-4.155156e-02	1.899277e-01	8.268807e-01	8.266139e-01	8.266725e-01
0	nM447	0	0	800	2	1	0.035	-7.647616e-02	9.621159e-02	4.269227e-01	4.261990e-01	4.265271e-01
0	nM449	0	0	800	2	1	0.013	5.051105e-02	1.592011e-01	7.511154e-01	7.507386e-01	7.508292e-01
0	nM451	0	0	800	2	1	0.006	6.962861e-01	2.230919e-01	1.866838e-03	1.836282e-03	1.962920e-03
0	nM466	0	0	800	2	1	0.061	5.646221e-02	7.374107e-02	4.440919e-01	4.433787e-01	4.436891e-01
0	nM470	0	0	800	2	1	0.019	-1.738434e-01	1.302634e-01	1.824032e-01	1.817193e-01	1.823434e-01
0	nM479	0	0	800	2	1	0.085	-8.527623e-02	6.335553e-02	1.786863e-01	1.780070e-01	1.786353e-01
0	nM485	0	0	800	2	1	0.140	7.679170e-02	5.090558e-02	1.318192e-01	1.312153e-01	1.318856e-01
0	nM486	0	0	800	2	1	0.014	3.759402e-02	1.518922e-01	8.045813e-01	8.042815e-01	8.043489e-01
0	nM487	0	0	800	2	1	0.062	-1.216406e-01	7.294844e-02	9.580990e-02	9.529113e-02	9.597157e-02
0	nM488	0	0	800	2	1	0.066	3.558801e-02	7.110834e-02	6.168780e-01	6.163266e-01	6.164924e-01
0	nM499	0	0	800	2	1	0.005	3.407109e-01	2.504941e-01	1.741649e-01	1.734914e-01	1.741245e-01
0	nM503	0	0	800	2	1	0.004	7.264698e-01	2.882542e-01	1.192150e-02	1.178904e-02	1.215283e-02
0	nM506	0	0	800	2	1	0.175	6.846960e-02	4.649021e-02	1.412061e-01	1.405844e-01	1.412481e-01
0	nM510	0	0	800	2	1	0.014	1.281342e-01	1.518303e-01	3.989612e-01	3.982232e-01	3.985815e-01
0	nM512	0	0	800	2	1	0.026	-2.233666e-03	1.106390e-01	9.838978e-01	9.838726e-01	9.838777e-01
0	nM514	0	0	800	2	1	0.016	-3.314927e-01	1.394103e-01	1.764988e-02	1.747311e-02	1.790868e-02
0	nM516	0	0	800	2	1	0.004	3.302918e-01	2.891628e-01	2.536991e-01	2.529563e-01	2.534928e-01
0	nM522	0	0	800	2	1	0.004	9.619759e-02	2.893790e-01	7.396537e-01	7.392608e-01	7.393569e-01
0	nM523	0	0	800	2	1	0.037	-7.723164e-02	9.306655e-02	4.068696e-01	4.061352e-01	4.064849e-01
0	nM524	0	0	800	2	1	0.004	-3.917798e-01	2.890666e-01	1.756968e-01	1.750213e-01	1.756528e-01
0	nM525	0	0	800	2	1	0.044	-4.357708e-02	8.646754e-02	6.144213e-01	6.138669e-01	6.140344e-01
0	nM528	0	0	800	2	1	0.028	3.986279e-02	1.081556e-01	7.125467e-01	7.121166e-01	7.122262e-01
0	nM531	0	0	800	2	1	0.055	-3.787834e-03	7.758880e-02	9.610755e-01	9.610146e-01	9.610268e-01
0	nM532	0	0	800	2	1	0.005	1.265832e-01	2.507443e-01	6.138178e-01	6.132627e-01	6.134306e-01
0	nM535	0	0	800	2	1	0.005	-1.292671e-01	2.507426e-01	6.063206e-01	6.057569e-01	6.059299e-01
0	nM536	0	0	800	2	1	0.091	1.949114e-03	6.142682e-02	9.746948e-01	9.746552e-01	9.746631e-01
0	nM537	0	0	800	2	1	0.004	-3.915873e-01	2.890669e-01	1.759094e-01	1.752337e-01	1.758649e-01
0	nM541	0	0	800	2	1	0.199	4.563636e-02	4.429663e-02	3.032074e-01	3.024508e-01	3.029238e-01
0	nM542	0	0	800	2	1	0.013	1.087864e-01	1.591645e-01	4.944993e-01	4.938236e-01	4.940854e-01
0	nM549	0	0	800	2	1	0.026	-3.816791e-02	1.106308e-01	7.301834e-01	7.297774e-01	7.298781e-01
0	nM552	0	0	800	2	1	0.182	-3.518804e-02	4.577843e-02	4.423227e-01	4.416083e-01	4.419205e-01
0	nM554	0	0	800	2	1	0.018	2.983493e-01	1.344858e-01	2.680527e-02	2.656784e-02	2.708282e-02
0	nM558	0	0	800	2	1	0.013	-3.502885e-02	1.592063e-01	8.259105e-01	8.256422e-01	8.257012e-01
0	nM560	0	0	800	2	1	0.005	-3.646472e-01	2.504519e-01	1.457978e-01	1.451678e-01	1.458279e-01
0	nM561	0	0	800	2	1	0.010	-4.274380e-02	1.777721e-01	8.100497e-01	8.097580e-01	8.098232e-01
0	nM568	0	0	800	2	1	0.005	-3.019348e-01	2.505565e-01	2.285386e-01	2.278107e-01	2.283794e-01
0	nM569	0	0	800	2	1	0.009	-3.727039e-02	1.899288e-01	8.444774e-01	8.442370e-01	8.442888e-01
0	nM570	0	0	800	2	1	0.020	4.618787e-02	1.263376e-01	7.147673e-01	7.143401e-01	7.144486e-01
0	nM571	0	0	800	2	1	0.005	4.149329e-01	2.503538e-01	9.783448e-02	9.731013e-02	9.799085e-02
0	nM572	0	0	800	2	1	0.016	2.102854e-01	1.397051e-01	1.326660e-01	1.320604e-01	1.327302e-01
0	nM575	0	0	800	2	1	0.072	-1.055684e-01	6.811116e-02	1.215518e-01	1.209694e-01	1.216453e-01
0	nM577	0	0	800	2	1	0.031	-1.237697e-01	1.015693e-01	2.233661e-01	2.226420e-01	2.232172e-01
0	nM585	0	0	800	2	1	0.019	3.528586e-03	1.304086e-01	9.784203e-01	9.783865e-01	9.783933e-01
0	nM590	0	0	800	2	1	0.025	-1.168432e-01	1.132231e-01	3.023974e-01	3.016409e-01	3.021149e-01
0	nM591	0	0	800	2	1	0.015	-5.529553e-03	1.455234e-01	9.696990e-01	9.696516e-01	9.696611e-01
0	nM594	0	0	800	2	1	0.026	-1.612113e-01	1.104918e-01	1.449493e-01	1.443208e-01	1.449816e-01
0	nM598	0	0	800	2	1	0.107	1.403515e-01	5.689036e-02	1.383200e-02	1.368407e-02	1.407445e-02
0	nM603	0	0	800	2	1	0.133	6.258622e-02	5.212695e-02	2.302433e-01	2.295142e-01	2.300807e-01
0	nM606	0	0	800	2	1	0.072	2.127353e-02	6.820944e-02	7.552091e-01	7.548380e-01	7.549268e-01
0	nM608	0	0	800	2	1	0.107	-1.016804e-02	5.710577e-02	8.587239e-01	8.585050e-01	8.585516e-01
0	nM611	0	0	800	2	1	0.005	-1.456749e-01	2.507313e-01	5.614046e-01	5.607917e-01	5.609974e-01
0	nM614	0	0	800	2	1	0.155	6.336304e-02	4.882530e-02	1.947482e-01	1.940501e-01	1.946602e-01
0	nM619	0	0	800	2	1	0.013	-1.227139e-01	1.591518e-01	4.409060e-01	4.401907e-01	4.405043e-01
0	nM622	0	0	800	2	1	0.005	1.533251e-01	2.507256e-01	5.410259e-01	5.403925e-01	5.406143e-01
0	nM629	0	0	800	2	1	0.186	-8.371398e-02	4.533959e-02	6.520763e-02	6.478782e-02	6.544389e-02
0	nM630	0	0	800	2	1	0.026	-5.151615e-02	1.106240e-01	6.415668e-01	6.410450e-01	6.411949e-01
0	nM634	0	0	800	2	1	0.004	-5.753107e-01	2.886816e-01	4.661362e-02	4.627130e-02	4.688332e-02
0	nM636	0	0	800	2	1	0.124	1.104904e-01	5.357424e-02	3.949487e-02	3.918702e-02	3.977217e-02
0	nM638	0	0	800	2	1	0.104	3.942029e-02	5.799127e-02	4.968520e-01	4.961782e-01	4.964379e-01
0	nM641	0	0	800	2	1	0.019	1.370864e-01	1.303183e-01	2.931480e-01	2.923927e-01	2.928785e-01
0	nM645	0	0	800	2	1	0.090	-7.548392e-03	6.180889e-02	9.028310e-01	9.026796e-01	9.027108e-01
0	nM649	0	0	800	2	1	0.004	3.369178e-01	2.891532e-01	2.442912e-01	2.435533e-01	2.441019e-01
0	nM657	0	0	800	2	1	0.007	-1.914411e-01	2.049102e-01	3.504482e-01	3.496942e-01	3.501087e-01
0	nM666	0	0	800	2	1	0.087	2.614935e-02	6.259346e-02	6.762314e-01	6.757532e-01	6.758825e-01
0	nM672	0	0	800	2	1	0.025	2.836505e-02	1.132942e-01	8.023685e-01	8.020654e-01	8.021337e-01
0	nM675	0	0	800	2	1	0.044	5.110007e-02	8.646237e-02	5.546815e-01	5.540617e-01	5.542726e-01
0	nM678	0	0	800	2	1	0.007	-2.569821e-01	2.048204e-01	2.099657e-01	2.092526e-01	2.098444e-01
0	nM683	0	0	800	2	1	0.006	3.671036e-02	2.244456e-01	8.701188e-01	8.699172e-01	8.699598e-01
0	nM687	0	0	800	2	1	0.010	2.342439e-01	1.775851e-01	1.875301e-01	1.868401e-01	1.874585e-01
0	nM689	0	0	800	2	1	0.005	-1.895075e-01	2.506946e-01	4.499143e-01	4.492050e-01	4.495094e-01
0	nM691	0	0	800	2	1	0.025	-2.032537e-01	1.130699e-01	7.261954e-02	7.217294e-02	7.283915e-02
0	nM697	0	0	800	2	1	0.102	-8.400777e-03	5.831928e-02	8.854989e-01	8.853208e-01	8.853580e-01
0	nM699	0	0	800	2	1	0.122	-9.335094e-02	5.385043e-02	8.338903e-02	8.290689e-02	8.358253e-02
0	nM700	0	0	800	2	1	0.005	5.609034e-02	2.507765e-01	8.230739e-01	8.228014e-01	8.228615e-01
0	nM704	0	0	800	2	1	0.116	4.948235e-03	5.518659e-02	9.285769e-01	9.284654e-01	9.284881e-01
0	nM713	0	0	800	2	1	0.040	-1.789148e-02	9.026526e-02	8.429312e-01	8.426884e-01	8.427409e-01
0	nM716	0	0	800	2	1	0.005	2.435567e-02	2.507828e-01	9.226566e-01	9.225359e-01	9.225605e-01
0	nM719	0	0	800	2	1	0.005	2.645876e-01	2.506094e-01	2.913897e-01	2.906347e-01	2.911227e-01
0	nM723	0	0	800	2	1	0.010	-1.846180e-01	1.776584e-01	2.990384e-01	2.982823e-01	2.987605e-01
0	nM726	0	0	800	2	1	0.004	1.203214e-02	2.893988e-01	9.668468e-01	9.667950e-01	9.668054e-01
0	nM728	0	0	800	2	1	0.011	-1.381670e-01	1.676458e-01	4.100949e-01	4.093621e-01	4.097082e-01
0	nM731	0	0	800	2	1	0.156	-4.172650e-03	4.871672e-02	9.317651e-01	9.316585e-01	9.316802e-01
0	nM736	0	0	800	2	1	0.015	2.823850e-01	1.451798e-01	5.211737e-02	5.175039e-02	5.237883e-02
0	nM737	0	0	800	2	1	0.020	-1.592978e-01	1.262223e-01	2.073022e-01	2.065916e-01	2.071867e-01
0	nM738	0	0	800	2	1	0.005	5.889298e-01	2.499163e-01	1.868846e-02	1.850426e-02	1.895064e-02
0	nM739	0	0	800	2	1	0.004	-1.388676e-01	2.893573e-01	6.314177e-01	6.308836e-01	6.310399e-01
0	nM741	0	0	800	2	1	0.009	2.102975e-01	1.897874e-01	2.681661e-01	2.674173e-01	2.679352e-01
0	nM742	0	0	800	2	1	0.007	7.732260e-02	2.050040e-01	7.061431e-01	7.057043e-01	7.058172e-01
0	nM743	0	0	800	2	1	0.006	3.058517e-02	2.244467e-01	8.916429e-01	8.914742e-01	8.915093e-01
0	nM744	0	0	800	2	1	0.049	1.670531e-01	8.192829e-02	4.177748e-02	4.145824e-02	4.205279e-02
0	nM747	0	0	800	2	1	0.009	-1.939526e-01	1.898092e-01	3.071714e-01	3.064145e-01	3.068824e-01
0	nM748	0	0	800	2	1	0.054	4.776212e-02	7.841585e-02	5.426397e-01	5.420079e-01	5.422284e-01
0	nM749	0	0	800	2	1	0.005	-6.563591e-02	2.507736e-01	7.935942e-01	7.932783e-01	7.933503e-01
0	nM751	0	0	800	2	1	0.018	3.410669e-01	1.343585e-01	1.132237e-02	1.119494e-02	1.154971e-02
0	nM755	0	0	800	2	1	0.009	-4.787806e-02	1.899258e-01	8.010378e-01	8.007328e-01	8.008016e-01
0	nM758	0	0	800	2	1	0.007	1.973552e-01	2.049032e-01	3.357575e-01	3.350013e-01	3.354336e-01
0	nM763	0	0	800	2	1	0.043	9.218187e-02	8.762583e-02	2.931206e-01	2.923654e-01	2.928512e-01
0	nM768	0	0	800	2	1	0.006	4.092828e-01	2.239812e-01	6.802672e-02	6.759648e-02	6.825681e-02
0	nM770	0	0	800	2	1	0.025	3.930460e-02	1.132901e-01	7.287296e-01	7.283216e-01	7.284230e-01
0	nM775	0	0	800	2	1	0.018	1.051451e-02	1.348994e-01	9.378926e-01	9.377956e-01	9.378153e-01
0	nM780	0	0	800	2	1	0.004	-2.256788e-01	2.892888e-01	4.355540e-01	4.348354e-01	4.351545e-01
0	nM786	0	0	800	2	1	0.025	5.996146e-02	1.132787e-01	5.967260e-01	5.961514e-01	5.963310e-01
0	nM791	0	0	800	2	1	0.061	2.666218e-02	7.376212e-02	7.178500e-01	7.174271e-01	7.175340e-01
0	nM795	0	0	800	2	1	0.004	7.033944e-01	2.883259e-01	1.492110e-02	1.476468e-02	1.516892e-02
0	nM797	0	0	800	2	1	0.031	-6.166128e-02	1.016403e-01	5.442480e-01	5.436177e-01	5.438369e-01
0	nM798	0	0	800	2	1	0.013	-1.085230e-01	1.591648e-01	4.955453e-01	4.948705e-01	4.951314e-01
0	nM799	0	0	800	2	1	0.163	3.169295e-02	4.793568e-02	5.087034e-01	5.080398e-01	5.082890e-01
0	nM800	0	0	800	2	1	0.005	-2.839810e-01	2.505828e-01	2.574361e-01	2.566916e-01	2.572233e-01
0	nM802	0	0	800	2	1	0.030	1.476454e-03	1.036932e-01	9.886431e-01	9.886253e-01	9.886289e-01
0	nM805	0	0	800	2	1	0.021	2.632216e-02	1.226504e-01	8.301253e-01	8.298633e-01	8.299206e-01
0	nM817	0	0	800	2	1	0.090	-6.261181e-02	6.176971e-02	3.110652e-01	3.103081e-01	3.107711e-01
0	nM820	0	0	800	2	1	0.064	-8.002593e-02	7.234829e-02	2.690077e-01	2.682586e-01	2.687754e-01
0	nM823	0	0	800	2	1	0.016	9.723743e-02	1.398609e-01	4.871050e-01	4.864232e-01	4.866918e-01
0	nM825	0	0	800	2	1	0.005	2.440066e-03	2.507843e-01	9.922393e-01	9.922272e-01	9.922296e-01
0	nM827	0	0	800	2	1	0.010	-1.680777e-01	1.776789e-01	3.444538e-01	3.436988e-01	3.441205e-01
0	nM829	0	0	800	2	1	0.020	-1.287486e-01	1.262659e-01	3.081978e-01	3.074408e-01	3.079074e-01
0	nM830	0	0	800	2	1	0.014	-2.753970e-01	1.515848e-01	6.962508e-02	6.918905e-02	6.985157e-02
0	nM833	0	0	800	2	1	0.011	3.994652e-02	1.677112e-01	8.117976e-01	8.115085e-01	8.115730e-01
0	nM837	0	0	800	2	1	0.060	9.085713e-04	7.448303e-02	9.902704e-01	9.902552e-01	9.902582e-01
0	nM838	0	0	800	2	1	0.090	-8.302279e-03	6.180877e-02	8.931818e-01	8.930155e-01	8.930500e-01
0	nM839	0	0	800	2	1	0.163	-5.909057e-02	4.790316e-02	2.177368e-01	2.170171e-01	2.175993e-01
0	nM841	0	0	800	2	1	0.043	-1.185745e-01	8.758605e-02	1.761816e-01	1.755055e-01	1.761364e-01
0	nM847	0	0	800	2	1	0.040	6.726973e-02	9.023607e-02	4.561974e-01	4.554924e-01	4.557906e-01
0	nM849	0	0	800	2	1	0.035	-6.558953e-02	9.622166e-02	4.956579e-01	4.949831e-01	4.952439e-01
0	nM850	0	0	800	2	1	0.164	4.847638e-02	4.777032e-02	3.105182e-01	3.097611e-01	3.102248e-01
0	nM854	0	0	800	2	1	0.016	-1.219364e-01	1.398367e-01	3.834752e-01	3.827308e-01	3.831066e-01
0	nM856	0	0	800	2	1	0.016	-1.594537e-02	1.399021e-01	9.092862e-01	9.091447e-01	9.091738e-01
0	nM861	0	0	800	2	1	0.015	-1.409773e-01	1.454379e-01	3.326745e-01	3.319179e-01	3.323541e-01
0	nM864	0	0	800	2	1	0.043	4.249012e-02	8.767367e-02	6.280651e-01	6.275269e-01	6.276854e-01
0	nM866	0	0	800	2	1	0.018	-6.863307e-03	1.348997e-01	9.594362e-01	9.593727e-01	9.593855e-01
0	nM869	0	0	800	2	1	0.062	-2.401297e-02	7.307047e-02	7.425234e-01	7.421345e-01	7.422293e-01
0	nM870	0	0	800	2	1	0.022	-1.023931e-01	1.192193e-01	3.906740e-01	3.899323e-01	3.903000e-01
0	nM874	0	0	800	2	1	0.013	2.278974e-01	1.590066e-01	1.521758e-01	1.515350e-01	1.521897e-01
0	nM882	0	0	800	2	1	0.010	4.813202e-02	1.777704e-01	7.866503e-01	7.863243e-01	7.863992e-01
0	nM884	0	0	800	2	1	0.041	-1.506795e-02	8.894560e-02	8.655200e-01	8.653114e-01	8.653556e-01
0	nM887	0	0	800	2	1	0.009	3.199648e-02	1.899300e-01	8.662605e-01	8.660530e-01	8.660969e-01
0	nM890	0	0	800	2	1	0.006	3.008958e-02	2.244468e-01	8.933881e-01	8.932221e-01	8.932566e-01
0	nM892	0	0	800	2	1	0.004	-1.697576e-01	2.893367e-01	5.575624e-01	5.569456e-01	5.571542e-01
0	nM895	0	0	800	2	1	0.022	-1.633301e-01	1.191342e-01	1.707679e-01	1.700990e-01	1.707357e-01
0	nM896	0	0	800	2	1	0.021	-1.674799e-01	1.225106e-01	1.719900e-01	1.713195e-01	1.719549e-01
0	nM900	0	0	800	2	1	0.024	-2.260989e-02	1.161647e-01	8.457271e-01	8.454885e-01	8.455400e-01
0	nM901	0	0	800	2	1	0.080	-5.455709e-02	6.517296e-02	4.027800e-01	4.020437e-01	4.023978e-01
0	nM903	0	0	800	2	1	0.011	-2.309941e-02	1.677151e-01	8.904885e-01	8.903181e-01	8.903536e-01
0	nM904	0	0	800	2	1	0.010	1.289101e-01	1.777200e-01	4.684470e-01	4.677507e-01	4.680369e-01
0	nM906	0	0	800	2	1	0.041	2.487941e-01	8.851010e-02	5.061176e-03	4.992717e-03	5.224066e-03
0	nM913	0	0	800	2	1	0.004	-1.322148e-01	2.893612e-01	6.478532e-01	6.473391e-01	6.474851e-01
0	nM916	0	0	800	2	1	0.085	-4.599545e-02	6.340650e-02	4.684157e-01	4.677194e-01	4.680057e-01
0	nM920	0	0	800	2	1	0.020	-3.257132e-01	1.258210e-01	9.809151e-03	9.694795e-03	1.002512e-02
0	nM921	0	0	800	2	1	0.004	1.600356e-01	2.893436e-01	5.803506e-01	5.797578e-01	5.799492e-01
0	nM926	0	0	800	2	1	0.005	3.518817e-01	2.504748e-01	1.604524e-01	1.597985e-01	1.604456e-01
0	nM928	0	0	800	2	1	0.068	8.867005e-02	7.043521e-02	2.084389e-01	2.077272e-01	2.083209e-01
0	nM931	0	0	800	2	1	0.011	-9.687932e-02	1.676821e-01	5.635918e-01	5.629812e-01	5.631852e-01
0	nM932	0	0	800	2	1	0.034	4.859113e-02	9.793734e-02	6.199287e-01	6.193808e-01	6.195446e-01
0	nM936	0	0	800	2	1	0.030	-8.698596e-02	1.036475e-01	4.015815e-01	4.008446e-01	4.012001e-01
0	nM942	0	0	800	2	1	0.004	-2.203531e-01	2.892939e-01	4.464683e-01	4.457567e-01	4.460646e-01
0	nM944	0	0	800	2	1	0.131	-3.281866e-02	5.237126e-02	5.310653e-01	5.304223e-01	5.306523e-01
0	nM951	0	0	800	2	1	0.006	4.465803e-02	2.244438e-01	8.423353e-01	8.420917e-01	8.421443e-01
0	nM954	0	0	800	2	1	0.007	-9.073508e-02	2.049971e-01	6.581632e-01	6.576619e-01	6.578017e-01
0	nM955	0	0	800	2	1	0.004	-1.628627e-01	2.893416e-01	5.736793e-01	5.730793e-01	5.732757e-01
0	nM958	0	0	800	2	1	0.006	-1.886577e-01	2.243500e-01	4.006514e-01	3.999141e-01	4.002706e-01
0	nM959	0	0	800	2	1	0.004	-1.126804e-01	2.893716e-01	6.970865e-01	6.966357e-01	6.967534e-01
0	nM960	0	0	800	2	1	0.031	-2.246516e-02	1.016606e-01	8.251630e-01	8.248937e-01	8.249529e-01
0	nM963	0	0	800	2	1	0.004	-1.823244e-01	2.893271e-01	5.287656e-01	5.281203e-01	5.283523e-01
0	nM966	0	0	800	2	1	0.098	5.905610e-02	5.959420e-02	3.220002e-01	3.212430e-01	3.216924e-01
0	nM970	0	0	800	2	1	0.005	-1.528732e-01	2.507259e-01	5.422193e-01	5.415870e-01	5.418078e-01
0	nM974	0	0	800	2	1	0.016	-1.170421e-01	1.398419e-01	4.028655e-01	4.021293e-01	4.024833e-01
0	nM977	0	0	800	2	1	0.135	5.620469e-02	5.172505e-02	2.775396e-01	2.767879e-01	2.772937e-01
0	nM978	0	0	800	2	1	0.018	-2.292593e-01	1.346556e-01	8.903964e-02	8.854029e-02	8.921882e-02
0	nM981	0	0	800	2	1	0.004	3.598901e-01	2.891185e-01	2.135766e-01	2.128604e-01	2.134478e-01
0	nM986	0	0	800	2	1	0.083	-3.768605e-02	6.427964e-02	5.578512e-01	5.572347e-01	5.574431e-01
0	nM987	0	0	800	2	1	0.004	-4.292328e-02	2.893951e-01	8.821272e-01	8.819439e-01	8.819822e-01
0	nM988	0	0	800	2	1	0.014	4.907800e-01	1.509012e-01	1.192736e-03	1.171682e-03	1.266391e-03
0	nM990	0	0	800	2	1	0.004	-2.109626e-01	2.893027e-01	4.660868e-01	4.653888e-01	4.656773e-01
0	nM992	0	0	800	2	1	0.005	4.248356e-02	2.507798e-01	8.655204e-01	8.653118e-01	8.653560e-01
0	nM994	0	0	800	2	1	0.044	-7.813730e-02	8.643705e-02	3.662792e-01	3.655291e-01	3.659248e-01
0	nM1000	0	0	800	2	1	0.025	-2.107587e-02	1.132962e-01	8.524728e-01	8.522444e-01	8.522933e-01
0	nM1002	0	0	800	2	1	0.007	1.920072e-01	2.049096e-01	3.490247e-01	3.482704e-01	3.486866e-01
0	nM1005	0	0	800	2	1	0.015	-1.576460e-01	1.454165e-01	2.786479e-01	2.778958e-01	2.784002e-01
0	nM1006	0	0	800	2	1	0.005	7.091057e-01	2.495249e-01	4.600020e-03	4.536553e-03	4.755602e-03
0	nM1009	0	0	800	2	1	0.004	-2.894641e-01	2.892176e-01	3.172015e-01	3.164443e-01	3.168996e-01
0	nM1011	0	0	800	2	1	0.004	-2.802215e-01	2.892290e-01	3.329102e-01	3.321537e-01	3.325895e-01
0	nM1016	0	0	800	2	1	0.104	8.291552e-02	5.793375e-02	1.527608e-01	1.521190e-01	1.527731e-01
0	nM1019	0	0	800	2	1	0.040	4.736996e-02	9.025190e-02	5.998237e-01	5.992525e-01	5.994300e-01
0	nM1020	0	0	800	2	1	0.010	1.399446e-01	1.777095e-01	4.312285e-01	4.305073e-01	4.308309e-01
0	nM1022	0	0	800	2	1	0.006	-1.824050e-01	2.243565e-01	4.164523e-01	4.157228e-01	4.160621e-01
0	nM1025	0	0	800	2	1	0.005	2.040240e-01	2.506803e-01	4.159557e-01	4.152260e-01	4.155658e-01
0	nM1026	0	0	800	2	1	0.029	1.184699e-01	1.057722e-01	2.630303e-01	2.622835e-01	2.628080e-01
0	nM1029	0	0	800	2	1	0.010	-2.293482e-01	1.775931e-01	1.969301e-01	1.962297e-01	1.968372e-01
0	nM1030	0	0	800	2	1	0.058	-2.168413e-01	7.559531e-02	4.233725e-03	4.174314e-03	4.383089e-03
0	nM1034	0	0	800	2	1	0.011	1.836254e-02	1.677159e-01	9.128446e-01	9.127086e-01	9.127365e-01
0	nM1036	0	0	800	2	1	0.025	-1.470328e-01	1.131790e-01	1.942788e-01	1.935813e-01	1.941919e-01
0	nM1038	0	0	800	2	1	0.028	6.876564e-02	1.081374e-01	5.250174e-01	5.243686e-01	5.246037e-01
0	nM1040	0	0	800	2	1	0.004	-1.608269e-01	2.893431e-01	5.784797e-01	5.778848e-01	5.780776e-01
0	nM1047	0	0	800	2	1	0.020	4.220110e-02	1.263393e-01	7.384448e-01	7.380502e-01	7.381469e-01
0	nM1055	0	0	800	2	1	0.072	5.421892e-02	6.818659e-02	4.267597e-01	4.260359e-01	4.263642e-01
0	nM1057	0	0	800	2	1	0.034	3.572687e-02	9.794428e-02	7.153818e-01	7.149555e-01	7.150636e-01
0	nM1062	0	0	800	2	1	0.006	1.099063e-01	2.244156e-01	6.244493e-01	6.239067e-01	6.240676e-01
0	nM1067	0	0	800	2	1	0.081	1.403659e-02	6.474016e-02	8.284085e-01	8.281440e-01	8.282020e-01
0	nM1069	0	0	800	2	1	0.004	-2.962240e-01	2.892090e-01	3.060249e-01	3.052681e-01	3.057375e-01
0	nM1071	0	0	800	2	1	0.007	1.712435e-01	2.049326e-01	4.036252e-01	4.028892e-01	4.032424e-01
0	nM1072	0	0	800	2	1	0.026	-3.598743e-02	1.106317e-01	7.450467e-01	7.446613e-01	7.447548e-01
0	nM1074	0	0	800	2	1	0.021	1.868222e-02	1.226522e-01	8.789741e-01	8.787860e-01	8.788254e-01
0	nM1075	0	0	800	2	1	0.009	5.190235e-01	1.890426e-01	6.177110e-03	6.097043e-03	6.355678e-03
0	nM1078	0	0	800	2	1	0.025	1.366457e-01	1.131953e-01	2.277254e-01	2.269980e-01	2.275677e-01
0	nM1080	0	0	800	2	1	0.016	-1.178771e-01	1.398410e-01	3.995166e-01	3.987788e-01	3.991365e-01
0	nM1085	0	0	800	2	1	0.004	-2.479413e-02	2.893977e-01	9.317463e-01	9.316397e-01	9.316614e-01
0	nM1088	0	0	800	2	1	0.026	-1.954024e-02	1.106369e-01	8.598549e-01	8.596377e-01	8.596840e-01
0	nM1090	0	0	800	2	1	0.054	-1.070723e-01	7.834243e-02	1.720976e-01	1.714269e-01	1.720622e-01
0	nM1091	0	0	800	2	1	0.004	4.164040e-01	2.890234e-01	1.500539e-01	1.494166e-01	1.500731e-01
0	nM1093	0	0	800	2	1	0.004	1.734528e-01	2.893339e-01	5.490163e-01	5.483908e-01	5.486062e-01
0	nM1109	0	0	800	2	1	0.054	-1.156209e-02	7.843300e-02	8.828429e-01	8.826607e-01	8.826988e-01
0	nM1111	0	0	800	2	1	0.007	1.342419e-01	2.049672e-01	5.126929e-01	5.120329e-01	5.122786e-01
0	nM1116	0	0	800	2	1	0.006	7.168630e-01	2.230102e-01	1.359333e-03	1.335848e-03	1.439050e-03
0	nM1118	0	0	800	2	1	0.022	-2.813769e-01	1.188578e-01	1.815409e-02	1.797369e-02	1.841458e-02
0	nM1121	0	0	800	2	1	0.072	-2.515445e-02	6.820779e-02	7.123809e-01	7.119506e-01	7.120603e-01
0	nM1127	0	0	800	2	1	0.025	-2.945904e-02	1.132938e-01	7.949129e-01	7.945989e-01	7.946703e-01
0	nM1132	0	0	800	2	1	0.004	-4.349929e-02	2.893950e-01	8.805571e-01	8.803715e-01	8.804104e-01
0	nM1133	0	0	800	2	1	0.013	-1.506707e-02	1.592102e-01	9.246274e-01	9.245098e-01	9.245338e-01
0	nM1136	0	0	800	2	1	0.045	4.065448e-02	8.531536e-02	6.338344e-01	6.333031e-01	6.334579e-01
0	nM1148	0	0	800	2	1	0.068	1.007185e-01	7.041491e-02	1.530058e-01	1.523637e-01	1.530176e-01
0	nM1150	0	0	800	2	1	0.004	3.923246e-01	2.890656e-01	1.750963e-01	1.744216e-01	1.750537e-01
0	nM1153	0	0	800	2	1	0.009	-7.763652e-02	1.899135e-01	6.827966e-01	6.823269e-01	6.824525e-01
0	nM1157	0	0	800	2	1	0.016	1.706865e-01	1.397727e-01	2.223816e-01	2.216582e-01	2.222346e-01
0	nM1161	0	0	800	2	1	0.025	-1.110125e-01	1.132304e-01	3.271797e-01	3.264227e-01	3.268656e-01
0	nM1168	0	0	800	2	1	0.018	-8.813494e-02	1.348638e-01	5.136154e-01	5.129562e-01	5.132010e-01
0	nM1170	0	0	800	2	1	0.004	-2.985810e-01	2.892060e-01	3.021899e-01	3.014334e-01	3.019077e-01
0	nM1171	0	0	800	2	1	0.007	-6.609637e-02	2.050089e-01	7.472286e-01	7.468463e-01	7.469388e-01
0	nM1173	0	0	800	2	1	0.006	-4.083304e-01	2.239834e-01	6.867154e-02	6.823896e-02	6.890019e-02
0	nM1175	0	0	800	2	1	0.111	-2.276399e-03	5.625442e-02	9.677316e-01	9.676811e-01	9.676913e-01
0	nM1183	0	0	800	2	1	0.089	4.508700e-02	6.218003e-02	4.686007e-01	4.679045e-01	4.681906e-01
0	nM1187	0	0	800	2	1	0.007	-1.665127e-01	2.049375e-01	4.167443e-01	4.160150e-01	4.163539e-01
0	nM1190	0	0	800	2	1	0.004	-2.511637e-01	2.892625e-01	3.854967e-01	3.847530e-01	3.851265e-01
0	nM1192	0	0	800	2	1	0.022	9.620317e-02	1.192258e-01	4.199651e-01	4.192375e-01	4.195730e-01
0	nM1193	0	0	800	2	1	0.090	-8.099276e-02	6.174293e-02	1.899737e-01	1.892809e-01	1.898965e-01
0	nM1201	0	0	800	2	1	0.005	-2.303330e-01	2.506517e-01	3.584065e-01	3.576543e-01	3.580593e-01
0	nM1203	0	0	800	2	1	0.018	-4.582085e-02	1.348901e-01	7.341793e-01	7.337788e-01	7.338775e-01
0	nM1205	0	0	800	2	1	0.014	5.476893e-01	1.506556e-01	2.953753e-04	2.889736e-04	3.251177e-04
0	nM1209	0	0	800	2	1	0.013	-1.366263e-01	1.591376e-01	3.908512e-01	3.901096e-01	3.904770e-01
0	nM1213	0	0	800	2	1	0.041	1.706656e-01	8.874178e-02	5.481418e-02	5.443568e-02	5.507101e-02
0	nM1215	0	0	800	2	1	0.056	3.299550e-02	7.676388e-02	6.674346e-01	6.669451e-01	6.670794e-01
0	nM1219	0	0	800	2	1	0.004	-3.099471e-02	2.893970e-01	9.147358e-01	9.146027e-01	9.146300e-01
0	nM1221	0	0	800	2	1	0.020	1.658215e-01	1.262117e-01	1.892791e-01	1.885871e-01	1.892034e-01
0	nM1224	0	0	800	2	1	0.004	4.376753e-01	2.889840e-01	1.302872e-01	1.296864e-01	1.303576e-01
0	nM1227	0	0	800	2	1	0.016	3.013189e-02	1.398992e-01	8.295239e-01	8.292610e-01	8.293186e-01
0	nM1235	0	0	800	2	1	0.025	-1.395586e-01	1.131909e-01	2.179578e-01	2.172380e-01	2.178199e-01
0	nM1237	0	0	800	2	1	0.004	-6.632478e-01	2.884451e-01	2.174020e-02	2.153505e-02	2.201021e-02
0	nM1238	0	0	800	2	1	0.006	-2.182069e-01	2.243164e-01	3.309655e-01	3.302087e-01	3.306470e-01
0	nM1240	0	0	800	2	1	0.004	-6.614469e-02	2.893896e-01	8.192646e-01	8.189865e-01	8.190480e-01
0	nM1141	14	0	800	2	1	0.043	2.806989e-01	8.712174e-02	1.325018e-03	1.302029e-03	1.403519e-03
0	nM907	20	0	800	2	1	0.007	-1.659208e-01	2.049381e-01	4.184033e-01	4.176749e-01	4.180120e-01
0	nM390	25	0	800	2	1	0.107	1.102129e-01	5.697347e-02	5.340980e-02	5.303725e-02	5.366909e-02
0	nM518	25	0	800	2	1	0.044	-8.569048e-02	8.642808e-02	3.217588e-01	3.210015e-01	3.214512e-01
0	nM1142	29	0	800	2	1	0.074	-1.368234e-01	6.750513e-02	4.300885e-02	4.268359e-02	4.328289e-02
0	cM11	33	0	800	2	1	0.010	-2.201762e-01	1.776076e-01	2.154591e-01	2.147413e-01	2.153263e-01
0	nM30	33	0	800	2	1	0.045	8.099510e-02	8.527931e-02	3.425204e-01	3.417651e-01	3.421891e-01
0	nM46	33	0	800	2	1	0.016	-2.260307e-01	1.396743e-01	1.059995e-01	1.054538e-01	1.061344e-01
0	nM109	33	0	800	2	1	0.044	2.406621e-01	8.606065e-02	5.291411e-03	5.220505e-03	5.457754e-03
0	nM177	33	0	800	2	1	0.011	-4.366654e-02	1.677100e-01	7.946461e-01	7.943317e-01	7.944032e-01
0	nM184	33	0	800	2	1	0.006	-6.896451e-02	2.244361e-01	7.587111e-01	7.583450e-01	7.584322e-01
0	nM206	33	0	800	2	1	0.004	-3.384706e-01	2.891509e-01	2.421223e-01	2.413856e-01	2.419370e-01
0	nM236	33	0	800	2	1	0.004	4.285160e-01	2.890012e-01	1.385362e-01	1.379194e-01	1.385851e-01
0	nM245	33	0	800	2	1	0.029	9.571227e-02	1.058010e-01	3.659270e-01	3.651768e-01	3.655729e-01
0	nM253	33	0	800	2	1	0.049	1.398072e-01	8.199221e-02	8.855970e-02	8.806178e-02	8.874011e-02
0	nM321	33	0	800	2	1	0.077	4.663983e-02	6.613443e-02	4.808743e-01	4.801875e-01	4.804619e-01
0	nM482	33	0	800	2	1	0.079	-1.838745e-01	6.534903e-02	5.017489e-03	4.949498e-03	5.179710e-03
0	nM494	33	0	800	2	1	0.006	2.932999e-01	2.242091e-01	1.911979e-01	1.905037e-01	1.911178e-01
0	nM642	33	0	800	2	1	0.004	1.203550e-01	2.893677e-01	6.775773e-01	6.771009e-01	6.772294e-01
0	nM663	33	0	800	2	1	0.010	-7.693559e-02	1.777577e-01	6.652686e-01	6.647763e-01	6.649119e-01
0	nM732	33	0	800	2	1	0.039	2.195744e-01	9.132201e-02	1.642607e-02	1.625827e-02	1.668035e-02
0	nM842	33	0	800	2	1	0.007	1.734918e-01	2.049303e-01	3.974778e-01	3.967391e-01	3.970991e-01
0	nM1082	33	0	800	2	1	0.006	3.188932e-02	2.244465e-01	8.870528e-01	8.868771e-01	8.869137e-01
0	nM1158	33	0	800	2	1	0.079	6.144399e-02	6.563637e-02	3.494910e-01	3.487368e-01	3.491525e-01
0	nM1216	33	0	800	2	1	0.004	3.437096e-01	2.891432e-01	2.349044e-01	2.341722e-01	2.347328e-01
0	nM1232	33	0	800	2	1	0.035	-8.269440e-02	9.620515e-02	3.902880e-01	3.895463e-01	3.899143e-01
0	nM1143	43	0	800	2	1	0.170	3.760449e-02	4.707169e-02	4.245995e-01	4.238745e-01	4.242051e-01
0	cM7	50	0	800	2	1	0.006	3.678294e-01	2.240713e-01	1.010726e-01	1.005395e-01	1.012204e-01
0	cM27	50	0	800	2	1	0.018	1.591310e-01	1.347822e-01	2.380926e-01	2.373584e-01	2.379149e-01
0	cM41	50	0	800	1	2	0.046	2.094895e-01	8.389454e-02	1.272335e-02	1.258431e-02	1.295963e-02
0	cM46	50	0	800	2	1	0.005	4.631478e-01	2.502478e-01	6.457399e-02	6.415657e-02	6.481161e-02
0	cM55	50	0	800	2	1	0.070	-7.302419e-02	6.927943e-02	2.921777e-01	2.914226e-01	2.919096e-01
0	nM10	50	0	800	2	1	0.021	-1.357775e-01	1.225598e-01	2.682617e-01	2.675129e-01	2.680306e-01
0	nM38	50	0	800	2	1	0.102	-7.718406e-03	5.831940e-02	8.947431e-01	8.945792e-01	8.946132e-01
0	nM59	50	0	800	2	1	0.045	1.706927e-01	8.511328e-02	4.524924e-02	4.491329e-02	4.552069e-02
0	nM85	50	0	800	2	1	0.005	5.375111e-01	2.500614e-01	3.189355e-02	3.162629e-02	3.217363e-02
0	nM104	50	0	800	2	1	0.010	-2.003710e-02	1.777771e-01	9.102895e-01	9.101496e-01	9.101784e-01
0	nM118	50	0	800	2	1	0.009	3.404671e-01	1.895506e-01	7.284395e-02	7.239657e-02	7.306304e-02
0	nM128	50	0	800	2	1	0.009	-1.131413e-01	1.898912e-01	5.514633e-01	5.508403e-01	5.510537e-01
0	nM146	50	0	800	2	1	0.013	-3.052310e-02	1.592074e-01	8.480110e-01	8.477759e-01	8.478265e-01
0	nM150	50	0	800	2	1	0.020	6.880643e-02	1.263247e-01	5.861263e-01	5.855399e-01	5.857271e-01
0	nM172	50	0	800	2	1	0.081	1.034406e-01	6.463843e-02	1.099288e-01	1.093733e-01	1.100533e-01
0	nM181	50	0	800	2	1	0.069	-1.685838e-02	6.990554e-02	8.094935e-01	8.092009e-01	8.092664e-01
0	nM203	50	0	800	2	1	0.065	-2.436064e-02	7.174689e-02	7.342955e-01	7.338951e-01	7.339938e-01
0	nM312	50	0	800	2	1	0.016	3.744571e-01	1.392739e-01	7.324040e-03	7.232630e-03	7.516333e-03
0	nM318	50	0	800	2	1	0.004	8.290590e-01	2.879071e-01	4.088284e-03	4.030508e-03	4.235069e-03
0	nM340	50	0	800	2	1	0.011	1.680481e-01	1.676116e-01	3.163557e-01	3.155985e-01	3.160548e-01
0	nM346	50	0	800	2	1	0.014	-4.297471e-02	1.518904e-01	7.773021e-01	7.769625e-01	7.770414e-01
0	nM355	50	0	800	2	1	0.013	4.898484e-02	1.592017e-01	7.583982e-01	7.580316e-01	7.581189e-01
0	nM368	50	0	800	2	1	0.016	2.458702e-02	1.399006e-01	8.605378e-01	8.603216e-01	8.603676e-01
0	nM378	50	0	800	2	1	0.014	3.294992e-02	1.518935e-01	8.283201e-01	8.280555e-01	8.281135e-01
0	nM417	50	0	800	2	1	0.030	2.221923e-02	1.036903e-01	8.303798e-01	8.301182e-01	8.301754e-01
0	nM459	50	0	800	2	1	0.029	8.728822e-02	1.058102e-01	4.096458e-01	4.089128e-01	4.092594e-01
0	nM504	50	0	800	2	1	0.049	-1.008742e-01	8.206378e-02	2.193529e-01	2.186319e-01	2.192121e-01
0	nM519	50	0	800	2	1	0.025	-4.455773e-02	1.132876e-01	6.941919e-01	6.937372e-01	6.938565e-01
0	nM533	50	0	800	2	1	0.048	4.310986e-02	8.314660e-02	6.042671e-01	6.037010e-01	6.038753e-01
0	nM538	50	0	800	2	1	0.004	-2.597139e-01	2.892530e-01	3.695214e-01	3.687722e-01	3.691641e-01
0	nM563	50	0	800	2	1	0.016	1.444544e-01	1.398098e-01	3.018136e-01	3.010572e-01	3.015319e-01
0	nM573	50	0	800	2	1	0.086	5.996088e-02	6.297340e-02	3.413031e-01	3.405475e-01	3.409731e-01
0	nM578	50	0	800	2	1	0.030	4.032873e-02	1.036834e-01	6.974093e-01	6.969589e-01	6.970764e-01
0	nM595	50	0	800	2	1	0.051	2.873224e-02	8.021197e-02	7.202855e-01	7.198659e-01	7.199715e-01
0	nM620	50	0	800	2	1	0.009	4.328935e-01	1.893142e-01	2.247793e-02	2.226789e-02	2.274942e-02
0	nM639	50	0	800	2	1	0.045	2.797554e-02	8.532175e-02	7.430862e-01	7.426981e-01	7.427926e-01
0	nM653	50	0	800	2	1	0.011	-4.829474e-02	1.677084e-01	7.734456e-01	7.731005e-01	7.731811e-01
0	nM676	50	0	800	2	1	0.226	-9.955439e-02	4.212968e-02	1.836430e-02	1.818240e-02	1.862547e-02
0	nM680	50	0	800	2	1	0.005	5.375253e-02	2.507771e-01	8.303337e-01	8.300720e-01	8.301293e-01
0	nM701	50	0	800	2	1	0.013	-1.149446e-01	1.591591e-01	4.703834e-01	4.696886e-01	4.699729e-01
0	nM705	50	0	800	2	1	0.014	-2.070102e-01	1.517211e-01	1.728225e-01	1.721508e-01	1.727854e-01
0	nM745	50	0	800	2	1	0.026	-8.683555e-02	1.105964e-01	4.325944e-01	4.318740e-01	4.321962e-01
0	nM760	50	0	800	2	1	0.040	1.491620e-01	9.011291e-02	9.826113e-02	9.773562e-02	9.841638e-02
0	nM772	50	0	800	2	1	0.025	-1.237077e-02	1.132978e-01	9.130808e-01	9.129452e-01	9.129730e-01
0	nM778	50	0	800	2	1	0.062	-1.285504e-01	7.293359e-02	7.835623e-02	7.789022e-02	7.856216e-02
0	nM871	50	0	800	2	1	0.065	9.309232e-02	7.167636e-02	1.943922e-01	1.936945e-01	1.943050e-01
0	nM885	50	0	800	2	1	0.007	-1.611203e-02	2.050215e-01	9.373808e-01	9.372829e-01	9.373028e-01
0	nM893	50	0	800	2	1	0.006	2.573953e-01	2.242643e-01	2.514232e-01	2.506816e-01	2.512210e-01
0	nM898	50	0	800	2	1	0.004	-3.688915e-02	2.893961e-01	8.986010e-01	8.984431e-01	8.984757e-01
0	nM922	50	0	800	2	1	0.004	-3.985762e-02	2.893956e-01	8.904909e-01	8.903204e-01	8.903559e-01
0	nM952	50	0	800	2	1	0.030	-6.070198e-02	1.036710e-01	5.583601e-01	5.577440e-01	5.579521e-01
0	nM971	50	0	800	2	1	0.004	3.364872e-01	2.891538e-01	2.448950e-01	2.441568e-01	2.447047e-01
0	nM975	50	0	800	2	1	0.066	-8.525337e-02	7.105544e-02	2.305673e-01	2.298380e-01	2.304041e-01
0	nM995	50	0	800	2	1	0.015	-5.875040e-02	1.455087e-01	6.864983e-01	6.860335e-01	6.861569e-01
0	nM1012	50	0	800	2	1	0.026	6.869167e-02	1.106124e-01	5.347686e-01	5.341291e-01	5.343560e-01
0	nM1023	50	0	800	2	1	0.009	-6.784410e-02	1.899182e-01	7.210156e-01	7.205970e-01	7.207022e-01
0	nM1063	50	0	800	2	1	0.006	1.930183e-01	2.243453e-01	3.898477e-01	3.891058e-01	3.894743e-01
0	nM1086	50	0	800	2	1	0.110	1.145037e-02	5.653201e-02	8.395410e-01	8.392931e-01	8.393468e-01
0	nM1129	50	0	800	2	1	0.007	2.522873e-01	2.048277e-01	2.184220e-01	2.177018e-01	2.182831e-01
0	nM1134	50	0	800	2	1	0.022	-8.528018e-02	1.192362e-01	4.746820e-01	4.739904e-01	4.742707e-01
0	nM1137	50	0	800	2	1	0.014	2.057702e-01	1.517233e-01	1.754125e-01	1.747374e-01	1.753692e-01
0	nM1151	50	0	800	2	1	0.056	-1.838105e-02	7.677001e-02	8.108336e-01	8.105430e-01	8.106079e-01
0	nM1154	50	0	800	2	1	0.020	9.438773e-04	1.263481e-01	9.940414e-01	9.940320e-01	9.940339e-01
0	nM1181	50	0	800	2	1	0.048	9.928518e-02	8.308630e-02	2.324559e-01	2.317253e-01	2.322890e-01
0	nM1199	50	0	800	2	1	0.026	-1.080451e-01	1.105729e-01	3.287968e-01	3.280399e-01	3.284808e-01
0	nM1206	50	0	800	2	1	0.005	8.503598e-02	2.507663e-01	7.346202e-01	7.342203e-01	7.343188e-01
0	nM1229	50	0	800	2	1	0.130	-5.021680e-02	5.256752e-02	3.397245e-01	3.389687e-01	3.393962e-01
0	nM1241	50	0	800	2	1	0.007	-3.013838e-03	2.050222e-01	9.882751e-01	9.882568e-01	9.882605e-01
0	nM1144	57	0	800	2	1	0.005	-2.167972e-01	2.506669e-01	3.873636e-01	3.866206e-01	3.869920e-01
0	nM909	60	0	800	2	1	0.006	-5.976961e-03	2.244493e-01	9.787619e-01	9.787287e-01	9.787354e-01
0	cM12	67	0	800	2	1	0.005	1.307229e-01	2.507416e-01	6.022712e-01	6.017028e-01	6.018785e-01
0	nM78	67	0	800	2	1	0.026	-1.401368e-01	1.105278e-01	2.052079e-01	2.044993e-01	2.050969e-01
0	nM110	67	0	800	2	1	0.026	-1.781287e-01	1.104592e-01	1.072227e-01	1.066738e-01	1.073543e-01
0	nM166	67	0	800	2	1	0.015	1.358821e-01	1.454440e-01	3.504540e-01	3.497001e-01	3.501146e-01
0	nM207	67	0	800	2	1	0.004	3.746819e-01	2.890950e-01	1.953325e-01	1.946338e-01	1.952432e-01
0	nM237	67	0	800	2	1	0.034	-7.913446e-02	9.791238e-02	4.192065e-01	4.184785e-01	4.188148e-01
0	nM246	67	0	800	2	1	0.019	-3.439215e-01	1.298391e-01	8.236795e-03	8.136721e-03	8.438630e-03
0	nM322	67	0	800	2	1	0.010	-3.992139e-02	1.777729e-01	8.223760e-01	8.221025e-01	8.221628e-01
0	nM483	67	0	800	2	1	0.171	3.879544e-03	4.695351e-02	9.341703e-01	9.340674e-01	9.340883e-01
0	nM495	67	0	800	2	1	0.007	-7.059066e-02	2.050070e-01	7.306867e-01	7.302814e-01	7.303818e-01
0	nM624	67	0	800	2	1	0.025	6.268150e-02	1.132769e-01	5.801804e-01	5.795874e-01	5.797789e-01
0	nM643	67	0	800	2	1	0.028	7.409588e-02	1.081330e-01	4.933982e-01	4.927215e-01	4.929843e-01
0	nM664	67	0	800	2	1	0.016	-7.166285e-02	1.398803e-01	6.085719e-01	6.080107e-01	6.081822e-01
0	nM733	67	0	800	2	1	0.061	-5.842777e-02	7.373915e-02	4.283877e-01	4.276649e-01	4.279914e-01
0	nM843	67	0	800	2	1	0.052	3.113806e-02	7.930229e-02	6.946827e-01	6.942287e-01	6.943477e-01
0	nM1083	67	0	800	2	1	0.072	2.335675e-02	6.820859e-02	7.321166e-01	7.317132e-01	7.318130e-01
0	nM1145	71	0	800	2	1	0.013	2.861297e-02	1.592079e-01	8.574174e-01	8.571965e-01	8.572436e-01
0	cM8	75	0	800	2	1	0.048	-2.841743e-01	8.254992e-02	6.064730e-04	5.945880e-04	6.545556e-04
0	nM392	75	0	800	2	1	0.039	2.677229e-02	9.164730e-02	7.702685e-01	7.699188e-01	7.700008e-01
0	nM520	75	0	800	2	1	0.022	1.319827e-02	1.192735e-01	9.119174e-01	9.117800e-01	9.118082e-01
0	nM564	75	0	800	2	1	0.275	-2.827528e-03	3.961505e-02	9.431171e-01	9.430282e-01	9.430462e-01
0	nM910	80	0	800	2	1	0.009	-8.011330e-02	1.899122e-01	6.732526e-01	6.727706e-01	6.729015e-01
0	nM1146	86	0	800	2	1	0.059	-5.833489e-02	7.519289e-02	4.380950e-01	4.373780e-01	4.376945e-01
0	cM9	100	0	800	2	1	0.049	-6.580362e-01	7.876925e-02	2.911074e-16	2.617857e-16	3.731671e-15
0	cM13	100	0	800	2	1	0.011	9.724337e-01	1.641464e-01	4.664276e-09	4.413599e-09	9.268677e-09
0	cM15	100	0	800	2	1	0.005	-5.564755e-01	2.500095e-01	2.630501e-02	2.607064e-02	2.658207e-02
0	cM19	100	0	800	2	1	0.091	5.771795e-01	5.792922e-02	4.046118e-22	3.490204e-22	5.245248e-20
0	cM32	100	0	800	2	1	0.022	-4.140128e-01	1.183706e-01	4.954299e-04	4.854322e-04	5.375447e-04
0	cM35	100	0	800	2	1	0.018	-7.482812e-02	1.348739e-01	5.791865e-01	5.785925e-01	5.787847e-01
0	cM38	100	0	800	2	1	0.039	1.976285e-01	9.138481e-02	3.086865e-02	3.060721e-02	3.114856e-02
0	cM42	100	0	800	2	1	0.035	3.917112e-01	9.524559e-02	4.317093e-05	4.199472e-05	5.064971e-05
0	cM44	100	0	800	2	1	0.124	1.037470e+00	3.920070e-02	2.727201e-111	1.249129e-111	1.263554e-68
0	cM51	100	0	800	2	1	0.005	-6.212578e-01	2.498182e-01	1.309171e-02	1.294968e-02	1.333012e-02
0	cM53	100	0	800	1	2	0.011	-4.217317e-01	1.670514e-01	1.177704e-02	1.164578e-02	1.200743e-02
0	cM56	100	0	800	2	1	0.133	9.740587e-02	5.205995e-02	6.170629e-02	6.129988e-02	6.194990e-02
0	cM58	100	0	800	2	1	0.016	3.396138e-01	1.393858e-01	1.504775e-02	1.489035e-02	1.529616e-02
0	cM68	100	0	800	2	1	0.011	-2.958552e-01	1.673898e-01	7.753291e-02	7.706962e-02	7.774083e-02
0	cM70	100	0	800	2	1	0.005	6.746395e-01	2.496446e-01	7.030350e-03	6.941793e-03	7.219327e-03
0	nM5	100	0	800	2	1	0.004	-9.364097e-02	2.893801e-01	7.463320e-01	7.459485e-01	7.460414e-01
0	nM16	100	0	800	2	1	0.075	-5.696232e-04	6.715764e-02	9.932346e-01	9.932240e-01	9.932262e-01
0	nM21	100	0	800	2	1	0.004	8.540427e-01	2.878156e-01	3.093776e-03	3.047601e-03	3.220903e-03
0	nM32	100	0	800	2	1	0.089	2.116698e-01	6.174754e-02	6.392288e-04	6.267988e-04	6.889802e-04
0	nM39	100	0	800	2	1	0.005	2.190212e-01	2.506645e-01	3.825104e-01	3.817656e-01	3.821424e-01
0	nM63	100	0	800	2	1	0.035	-1.475812e-01	9.610778e-02	1.250378e-01	1.244479e-01	1.251221e-01
0	nM71	100	0	800	2	1	0.049	7.573940e-02	8.209767e-02	3.565194e-01	3.557667e-01	3.561740e-01
0	nM82	100	0	800	2	1	0.007	-2.111904e-02	2.050209e-01	9.179815e-01	9.178535e-01	9.178797e-01
0	nM86	100	0	800	2	1	0.010	-2.000514e-01	1.776374e-01	2.604287e-01	2.596829e-01	2.602108e-01
0	nM93	100	0	800	2	1	0.007	-6.230127e-03	2.050222e-01	9.757655e-01	9.757276e-01	9.757352e-01
0	nM105	100	0	800	2	1	0.013	2.340910e-01	1.589953e-01	1.413304e-01	1.407084e-01	1.413721e-01
0	nM114	100	0	800	2	1	0.020	-9.815509e-02	1.263004e-01	4.372971e-01	4.365796e-01	4.368969e-01
0	nM116	100	0	800	2	1	0.175	-4.860297e-02	4.652155e-02	2.964590e-01	2.957032e-01	2.961847e-01
0	nM119	100	0	800	2	1	0.019	-1.247446e-02	1.304079e-01	9.238168e-01	9.236979e-01	9.237221e-01
0	nM126	100	0	800	2	1	0.009	7.891718e-02	1.899128e-01	6.778553e-01	6.773792e-01	6.775075e-01
0	nM132	100	0	800	2	1	0.005	2.089461e-01	2.506752e-01	4.047935e-01	4.040582e-01	4.044101e-01
0	nM144	100	0	800	2	1	0.006	-1.878011e-01	2.243509e-01	4.027944e-01	4.020581e-01	4.024122e-01
0	nM147	100	0	800	2	1	0.041	1.946742e-02	8.894453e-02	8.268062e-01	8.265392e-01	8.265978e-01
0	nM156	100	0	800	2	1	0.010	-1.751848e-01	1.776703e-01	3.244268e-01	3.236697e-01	3.241160e-01
0	nM162	100	0	800	2	1	0.005	1.531243e-01	2.507257e-01	5.415561e-01	5.409232e-01	5.411446e-01
0	nM167	100	0	800	2	1	0.004	-5.489123e-02	2.893926e-01	8.496102e-01	8.493775e-01	8.494274e-01
0	nM182	100	0	800	2	1	0.009	-1.926195e-01	1.898110e-01	3.105105e-01	3.097533e-01	3.102171e-01
0	nM186	100	0	800	2	1	0.022	5.860146e-03	1.192742e-01	9.608266e-01	9.607653e-01	9.607777e-01
0	nM195	100	0	800	2	1	0.085	-1.420505e-02	6.342541e-02	8.228421e-01	8.225693e-01	8.226294e-01
0	nM197	100	0	800	2	1	0.010	-2.915605e-01	1.774787e-01	1.008200e-01	1.002877e-01	1.009686e-01
0	nM204	100	0	800	2	1	0.025	1.705156e-01	1.131377e-01	1.321676e-01	1.315631e-01	1.322332e-01
0	nM230	100	0	800	2	1	0.055	-9.322274e-02	7.751871e-02	2.294941e-01	2.287655e-01	2.293330e-01
0	nM234	100	0	800	2	1	0.007	-5.963273e-02	2.050114e-01	7.712224e-01	7.708741e-01	7.709557e-01
0	nM242	100	0	800	2	1	0.009	2.942416e-01	1.896476e-01	1.211740e-01	1.205925e-01	1.212686e-01
0	nM255	100	0	800	2	1	0.040	4.315845e-02	9.025455e-02	6.326489e-01	6.321162e-01	6.322717e-01
0	nM261	100	0	800	2	1	0.120	1.030205e-02	5.443212e-02	8.499338e-01	8.497016e-01	8.497515e-01
0	nM263	100	0	800	2	1	0.204	1.020690e-03	4.391605e-02	9.814632e-01	9.814341e-01	9.814400e-01
0	nM265	100	0	800	2	1	0.018	3.704428e-01	1.342610e-01	5.928395e-03	5.850862e-03	6.103688e-03
0	nM269	100	0	800	2	1	0.005	-2.482651e-01	2.506303e-01	3.221992e-01	3.214420e-01	3.218911e-01
0	nM274	100	0	800	2	1	0.005	2.984375e-01	2.505617e-01	2.339788e-01	2.332472e-01	2.338090e-01
0	nM276	100	0	800	2	1	0.010	-2.813936e-01	1.774993e-01	1.132892e-01	1.127256e-01	1.134047e-01
0	nM278	100	0	800	2	1	0.006	1.745852e-01	2.243642e-01	4.367214e-01	4.360036e-01	4.363214e-01
0	nM283	100	0	800	2	1	0.048	-3.512951e-02	8.315131e-02	6.727907e-01	6.723081e-01	6.724393e-01
0	nM285	100	0	800	2	1	0.016	-1.739457e-02	1.399019e-01	9.010821e-01	9.009280e-01	9.009598e-01
0	nM290	100	0	800	2	1	0.005	-8.611267e-02	2.507658e-01	7.313889e-01	7.309846e-01	7.310847e-01
0	nM294	100	0	800	2	1	0.186	-4.739481e-02	4.540535e-02	2.968868e-01	2.961310e-01	2.966120e-01
0	nM304	100	0	800	2	1	0.030	-1.382486e-01	1.035777e-01	1.823443e-01	1.816605e-01	1.822847e-01
0	nM307	100	0	800	2	1	0.034	-3.024153e-01	9.736569e-02	1.963626e-03	1.931770e-03	2.062538e-03
0	nM313	100	0	800	2	1	0.005	-3.018347e-01	2.505566e-01	2.286931e-01	2.279651e-01	2.285335e-01
0	nM316	100	0	800	2	1	0.004	8.047011e-02	2.893851e-01	7.810285e-01	7.806943e-01	7.807716e-01
0	nM323	100	0	800	2	1	0.006	-4.783968e-02	2.244430e-01	8.312656e-01	8.310053e-01	8.310622e-01
0	nM330	100	0	800	2	1	0.020	-8.998229e-02	1.263080e-01	4.764230e-01	4.757328e-01	4.760114e-01
0	nM334	100	0	800	2	1	0.007	9.076635e-02	2.049971e-01	6.580529e-01	6.575515e-01	6.576913e-01
0	nM338	100	0	800	2	1	0.077	-1.405116e-02	6.615316e-02	8.318466e-01	8.315872e-01	8.316439e-01
0	nM344	100	0	800	2	1	0.037	1.676296e-01	9.291741e-02	7.159715e-02	7.115413e-02	7.181914e-02
0	nM347	100	0	800	2	1	0.006	-2.163558e-01	2.243186e-01	3.350864e-01	3.343300e-01	3.347632e-01
0	nM353	100	0	800	2	1	0.004	1.059826e-02	2.893988e-01	9.707959e-01	9.707501e-01	9.707593e-01
0	nM356	100	0	800	2	1	0.010	6.434200e-02	1.777640e-01	7.174838e-01	7.170604e-01	7.171674e-01
0	nM361	100	0	800	2	1	0.019	-2.037525e-01	1.302091e-01	1.180237e-01	1.174492e-01	1.181266e-01
0	nM363	100	0	800	2	1	0.048	-1.618390e-01	8.296303e-02	5.143807e-02	5.107405e-02	5.170065e-02
0	nM366	100	0	800	2	1	0.005	3.275902e-01	2.505161e-01	1.913647e-01	1.906704e-01	1.912843e-01
0	nM369	100	0	800	2	1	0.020	-3.453862e-02	1.263422e-01	7.846368e-01	7.843079e-01	7.843837e-01
0	nM372	100	0	800	2	1	0.004	-1.452896e-01	2.893534e-01	6.157229e-01	6.151701e-01	6.153367e-01
0	nM374	100	0	800	2	1	0.004	-6.566108e-03	2.893990e-01	9.819042e-01	9.818759e-01	9.818816e-01
0	nM387	100	0	800	2	1	0.130	5.316869e-02	5.256388e-02	3.120808e-01	3.113236e-01	3.117853e-01
0	nM400	100	0	800	2	1	0.064	4.749464e-02	7.238420e-02	5.119190e-01	5.112583e-01	5.115046e-01
0	nM418	100	0	800	2	1	0.004	3.381148e-01	2.891515e-01	2.426180e-01	2.418811e-01	2.424319e-01
0	nM422	100	0	800	2	1	0.015	3.471268e-02	1.455183e-01	8.115196e-01	8.112300e-01	8.112946e-01
0	nM429	100	0	800	2	1	0.029	-5.471512e-02	1.058376e-01	6.053185e-01	6.047536e-01	6.049272e-01
0	nM445	100	0	800	2	1	0.004	2.520047e-01	2.892615e-01	3.839069e-01	3.831626e-01	3.835379e-01
0	nM453	100	0	800	2	1	0.004	-3.492048e-01	2.891349e-01	2.274984e-01	2.267713e-01	2.273413e-01
0	nM457	100	0	800	2	1	0.009	1.953873e-01	1.898074e-01	3.036048e-01	3.028481e-01	3.033206e-01
0	nM460	100	0	800	2	1	0.011	-3.287228e-01	1.673130e-01	4.979347e-02	4.943671e-02	5.005863e-02
0	nM468	100	0	800	2	1	0.015	3.682129e-01	1.449386e-01	1.125863e-02	1.113173e-02	1.148552e-02
0	nM471	100	0	800	2	1	0.043	-5.540662e-02	8.766463e-02	5.275487e-01	5.269024e-01	5.271353e-01
0	nM480	100	0	800	2	1	0.004	4.237268e-01	2.890101e-01	1.430064e-01	1.423813e-01	1.430437e-01
0	nM484	100	0	800	2	1	0.030	-1.310168e-02	1.036922e-01	8.994854e-01	8.993288e-01	8.993612e-01
0	nM496	100	0	800	2	1	0.005	-2.455355e-01	2.506337e-01	3.275513e-01	3.267944e-01	3.272368e-01
0	nM498	100	0	800	2	1	0.013	1.330196e-02	1.592104e-01	9.334355e-01	9.333315e-01	9.333526e-01
0	nM502	100	0	800	2	1	0.014	-1.596764e-01	1.517928e-01	2.931471e-01	2.923918e-01	2.928776e-01
0	nM505	100	0	800	2	1	0.026	-4.019643e-03	1.106390e-01	9.710274e-01	9.709820e-01	9.709911e-01
0	nM509	100	0	800	2	1	0.006	5.378961e-01	2.236402e-01	1.639097e-02	1.622344e-02	1.664512e-02
0	nM513	100	0	800	2	1	0.095	-2.567913e-02	6.032003e-02	6.704304e-01	6.699448e-01	6.700774e-01
0	nM515	100	0	800	2	1	0.005	-2.032303e-01	2.506811e-01	4.177726e-01	4.170439e-01	4.173817e-01
0	nM521	100	0	800	2	1	0.005	4.918821e-02	2.507783e-01	8.445488e-01	8.443085e-01	8.443603e-01
0	nM526	100	0	800	2	1	0.009	-1.031941e-01	1.898983e-01	5.869937e-01	5.864082e-01	5.865948e-01
0	nM539	100	0	800	2	1	0.020	-1.238107e-01	1.262721e-01	3.271330e-01	3.263760e-01	3.268190e-01
0	nM545	100	0	800	2	1	0.005	-1.909176e-01	2.506932e-01	4.465486e-01	4.458370e-01	4.461448e-01
0	nM550	100	0	800	2	1	0.045	3.294318e-02	8.531953e-02	6.995141e-01	6.990665e-01	6.991829e-01
0	nM559	100	0	800	2	1	0.010	1.012438e-01	1.777424e-01	5.691027e-01	5.684978e-01	5.686976e-01
0	nM565	100	0	800	2	1	0.007	7.324233e-02	2.050059e-01	7.209846e-01	7.205659e-01	7.206712e-01
0	nM576	100	0	800	2	1	0.034	-9.939954e-02	9.788923e-02	3.102093e-01	3.094522e-01	3.099163e-01
0	nM579	100	0	800	2	1	0.026	-1.029492e-01	1.105790e-01	3.521344e-01	3.513808e-01	3.517933e-01
0	nM589	100	0	800	2	1	0.049	-4.247849e-03	8.214130e-02	9.587696e-01	9.587051e-01	9.587181e-01
0	nM596	100	0	800	2	1	0.007	1.525024e-01	2.049512e-01	4.570404e-01	4.563359e-01	4.566333e-01
0	nM604	100	0	800	2	1	0.044	1.376074e-01	8.634399e-02	1.113966e-01	1.108375e-01	1.115171e-01
0	nM607	100	0	800	2	1	0.024	-1.710258e-01	1.160096e-01	1.408118e-01	1.401908e-01	1.408548e-01
0	nM609	100	0	800	2	1	0.011	5.516422e-02	1.677058e-01	7.422914e-01	7.419022e-01	7.419971e-01
0	nM613	100	0	800	2	1	0.018	-9.294477e-02	1.348598e-01	4.909005e-01	4.902218e-01	4.904869e-01
0	nM625	100	0	800	2	1	0.051	-7.598523e-02	8.017331e-02	3.435374e-01	3.427822e-01	3.432051e-01
0	nM627	100	0	800	2	1	0.029	9.091400e-02	1.058063e-01	3.904611e-01	3.897194e-01	3.900873e-01
0	nM632	100	0	800	2	1	0.033	3.917235e-02	9.974424e-02	6.946253e-01	6.941712e-01	6.942902e-01
0	nM640	100	0	800	2	1	0.004	-2.526424e-01	2.892608e-01	3.827041e-01	3.819594e-01	3.823361e-01
0	nM644	100	0	800	2	1	0.010	-2.568027e-01	1.775460e-01	1.484573e-01	1.478228e-01	1.484807e-01
0	nM656	100	0	800	2	1	0.007	1.346824e-01	2.049668e-01	5.113102e-01	5.106490e-01	5.108958e-01
0	nM658	100	0	800	2	1	0.010	-7.138087e-03	1.777784e-01	9.679823e-01	9.679322e-01	9.679423e-01
0	nM665	100	0	800	2	1	0.006	4.052258e-02	2.244448e-01	8.567699e-01	8.565480e-01	8.565953e-01
0	nM667	100	0	800	2	1	0.021	-2.208804e-02	1.226515e-01	8.571293e-01	8.569080e-01	8.569552e-01
0	nM671	100	0	800	2	1	0.076	-7.259868e-02	6.660038e-02	2.760140e-01	2.752626e-01	2.757704e-01
0	nM677	100	0	800	2	1	0.005	-1.642970e-01	2.507169e-01	5.124578e-01	5.117976e-01	5.120435e-01
0	nM681	100	0	800	2	1	0.086	1.055795e-02	6.300805e-02	8.669678e-01	8.667614e-01	8.668051e-01
0	nM702	100	0	800	2	1	0.015	-1.264508e-01	1.454547e-01	3.849178e-01	3.841739e-01	3.845480e-01
0	nM711	100	0	800	2	1	0.004	2.090439e-01	2.893044e-01	4.701532e-01	4.694582e-01	4.697428e-01
0	nM715	100	0	800	2	1	0.054	1.290329e-01	7.830095e-02	9.976475e-02	9.923519e-02	9.991605e-02
0	nM717	100	0	800	2	1	0.070	6.653848e-02	6.928762e-02	3.371836e-01	3.364276e-01	3.368581e-01
0	nM721	100	0	800	2	1	0.055	5.415435e-02	7.756523e-02	4.852692e-01	4.845859e-01	4.848562e-01
0	nM727	100	0	800	2	1	0.006	-2.845056e-01	2.242233e-01	2.048647e-01	2.041564e-01	2.047544e-01
0	nM729	100	0	800	2	1	0.010	8.077748e-02	1.777555e-01	6.496428e-01	6.491310e-01	6.492759e-01
0	nM734	100	0	800	2	1	0.014	7.698594e-02	1.518736e-01	6.123593e-01	6.118026e-01	6.119715e-01
0	nM761	100	0	800	2	1	0.018	5.984049e-02	1.348833e-01	6.574185e-01	6.569163e-01	6.570565e-01
0	nM779	100	0	800	2	1	0.022	-1.050029e-02	1.192738e-01	9.298708e-01	9.297613e-01	9.297836e-01
0	nM787	100	0	800	2	1	0.004	-2.062867e-01	2.893069e-01	4.760309e-01	4.753404e-01	4.756194e-01
0	nM794	100	0	800	2	1	0.056	-5.455527e-02	7.674847e-02	4.773960e-01	4.767065e-01	4.769842e-01
0	nM796	100	0	800	2	1	0.007	6.726022e-02	2.050084e-01	7.429334e-01	7.425451e-01	7.426396e-01
0	nM804	100	0	800	2	1	0.015	5.858436e-02	1.455087e-01	6.873375e-01	6.868738e-01	6.869968e-01
0	nM809	100	0	800	2	1	0.031	1.519495e-01	1.015213e-01	1.348603e-01	1.342505e-01	1.349188e-01
0	nM812	100	0	800	2	1	0.036	1.681582e-02	9.463508e-02	8.590106e-01	8.587921e-01	8.588387e-01
0	nM821	100	0	800	2	1	0.004	4.081641e-02	2.893955e-01	8.878737e-01	8.876993e-01	8.877356e-01
0	nM834	100	0	800	2	1	0.013	-7.983968e-02	1.591860e-01	6.161227e-01	6.155704e-01	6.157367e-01
0	nM844	100	0	800	2	1	0.019	-3.504569e-02	1.304028e-01	7.881918e-01	7.878681e-01	7.879423e-01
0	nM846	100	0	800	2	1	0.010	1.232446e-01	1.777250e-01	4.882246e-01	4.875437e-01	4.878113e-01
0	nM855	100	0	800	2	1	0.014	-3.090795e-01	1.515034e-01	4.167092e-02	4.135220e-02	4.194633e-02
0	nM859	100	0	800	2	1	0.015	-3.688590e-02	1.455177e-01	7.999622e-01	7.996556e-01	7.997249e-01
0	nM862	100	0	800	2	1	0.005	5.274391e-01	2.500883e-01	3.525460e-02	3.496886e-02	3.553428e-02
0	nM867	100	0	800	2	1	0.019	4.523615e-01	1.294218e-01	4.997436e-04	4.896713e-04	5.421002e-04
0	nM872	100	0	800	2	1	0.048	3.266620e-02	8.315256e-02	6.945378e-01	6.940835e-01	6.942026e-01
0	nM891	100	0	800	2	1	0.006	1.339871e-01	2.243992e-01	5.506149e-01	5.499910e-01	5.502051e-01
0	nM899	100	0	800	2	1	0.011	-1.735482e-01	1.676046e-01	3.007668e-01	3.000105e-01	3.004866e-01
0	nM902	100	0	800	2	1	0.104	1.240116e-01	5.784170e-02	3.233578e-02	3.206604e-02	3.261590e-02
0	nM905	100	0	800	2	1	0.009	-5.574454e-02	1.899231e-01	7.692079e-01	7.688567e-01	7.689392e-01
0	nM911	100	0	800	2	1	0.004	-2.052227e-01	2.893079e-01	4.783098e-01	4.776210e-01	4.778978e-01
0	nM923	100	0	800	2	1	0.010	-3.103879e-01	1.774387e-01	8.062898e-02	8.015559e-02	8.082934e-02
0	nM927	100	0	800	2	1	0.010	1.629907e-02	1.777776e-01	9.269734e-01	9.268594e-01	9.268826e-01
0	nM929	100	0	800	2	1	0.018	-2.596770e-01	1.345863e-01	5.402981e-02	5.365462e-02	5.428803e-02
0	nM933	100	0	800	2	1	0.011	-6.486140e-02	1.677014e-01	6.990317e-01	6.985835e-01	6.987001e-01
0	nM937	100	0	800	2	1	0.036	-3.368145e-02	9.462944e-02	7.219871e-01	7.215698e-01	7.216746e-01
0	nM946	100	0	800	2	1	0.009	-6.691206e-02	1.899186e-01	7.246916e-01	7.242780e-01	7.243814e-01
0	nM949	100	0	800	2	1	0.011	-1.663268e-01	1.676137e-01	3.213414e-01	3.205841e-01	3.210343e-01
0	nM953	100	0	800	2	1	0.030	-3.876104e-02	1.036842e-01	7.086244e-01	7.081890e-01	7.083006e-01
0	nM956	100	0	800	2	1	0.014	-1.791478e-01	1.517656e-01	2.381831e-01	2.374488e-01	2.380052e-01
0	nM965	100	0	800	2	1	0.005	-2.513872e-01	2.506264e-01	3.161478e-01	3.153905e-01	3.158472e-01
0	nM967	100	0	800	2	1	0.011	2.573279e-02	1.677147e-01	8.780964e-01	8.779070e-01	8.779468e-01
0	nM969	100	0	800	2	1	0.113	-1.017430e-01	5.586448e-02	6.894378e-02	6.851021e-02	6.917181e-02
0	nM972	100	0	800	2	1	0.094	-6.601165e-02	6.064082e-02	2.766731e-01	2.759216e-01	2.764285e-01
0	nM979	100	0	800	2	1	0.072	-1.313663e-02	6.821202e-02	8.473327e-01	8.470966e-01	8.471474e-01
0	nM984	100	0	800	2	1	0.028	-1.579418e-02	1.081633e-01	8.839412e-01	8.837607e-01	8.837984e-01
0	nM991	100	0	800	2	1	0.031	3.257212e-02	1.016572e-01	7.487404e-01	7.483602e-01	7.484520e-01
0	nM1003	100	0	800	2	1	0.009	-1.204109e-01	1.898856e-01	5.261820e-01	5.255344e-01	5.257685e-01
0	nM1024	100	0	800	2	1	0.014	-5.421199e-02	1.518859e-01	7.212417e-01	7.208234e-01	7.209286e-01
0	nM1028	100	0	800	2	1	0.029	3.251876e-03	1.058552e-01	9.755005e-01	9.754621e-01	9.754698e-01
0	nM1031	100	0	800	2	1	0.009	3.003582e-01	1.896355e-01	1.136193e-01	1.130549e-01	1.137339e-01
0	nM1033	100	0	800	2	1	0.005	1.165260e-01	2.507504e-01	6.422665e-01	6.417455e-01	6.418949e-01
0	nM1041	100	0	800	2	1	0.022	1.153016e-01	1.192046e-01	3.337079e-01	3.329515e-01	3.333863e-01
0	nM1043	100	0	800	2	1	0.114	-1.266408e-02	5.570947e-02	8.202303e-01	8.199536e-01	8.200147e-01
0	nM1045	100	0	800	2	1	0.060	2.787116e-02	7.447650e-02	7.083344e-01	7.078986e-01	7.080104e-01
0	nM1053	100	0	800	2	1	0.020	-1.470988e-02	1.263471e-01	9.073455e-01	9.072011e-01	9.072308e-01
0	nM1056	100	0	800	2	1	0.019	-8.778074e-03	1.304083e-01	9.463500e-01	9.462661e-01	9.462831e-01
0	nM1058	100	0	800	2	1	0.007	-7.480779e-02	2.050052e-01	7.152776e-01	7.148512e-01	7.149594e-01
0	nM1079	100	0	800	2	1	0.064	-3.518363e-02	7.239301e-02	6.270944e-01	6.265551e-01	6.267142e-01
0	nM1087	100	0	800	2	1	0.006	-3.977701e-01	2.240072e-01	7.616304e-02	7.570432e-02	7.637427e-02
0	nM1089	100	0	800	2	1	0.004	4.152423e-01	2.890255e-01	1.511958e-01	1.505566e-01	1.512122e-01
0	nM1092	100	0	800	2	1	0.006	-2.939285e-01	2.242080e-01	1.902473e-01	1.895541e-01	1.901694e-01
0	nM1103	100	0	800	2	1	0.005	1.173176e-01	2.507499e-01	6.400075e-01	6.394837e-01	6.396346e-01
0	nM1110	100	0	800	2	1	0.114	2.601920e-02	5.570366e-02	6.405556e-01	6.400326e-01	6.401831e-01
0	nM1113	100	0	800	2	1	0.014	-1.793309e-01	1.517653e-01	2.377033e-01	2.369694e-01	2.375264e-01
0	nM1115	100	0	800	2	1	0.039	-6.361060e-03	9.165193e-02	9.446850e-01	9.445985e-01	9.446160e-01
0	nM1124	100	0	800	2	1	0.022	-6.983405e-02	1.192488e-01	5.582989e-01	5.576828e-01	5.578909e-01
0	nM1135	100	0	800	2	1	0.028	4.408396e-02	1.081535e-01	6.836727e-01	6.832041e-01	6.833292e-01
0	nM1138	100	0	800	2	1	0.006	2.126728e-01	2.243231e-01	3.433834e-01	3.426282e-01	3.430512e-01
0	nM1147	100	0	800	2	1	0.005	-2.019672e-02	2.507833e-01	9.358323e-01	9.357320e-01	9.357524e-01
0	nM1152	100	0	800	2	1	0.005	5.409449e-02	2.507770e-01	8.292709e-01	8.290076e-01	8.290653e-01
0	nM1174	100	0	800	2	1	0.102	2.031173e-03	5.831999e-02	9.722255e-01	9.721821e-01	9.721908e-01
0	nM1191	100	0	800	2	1	0.011	-1.023648e-02	1.677167e-01	9.513472e-01	9.512711e-01	9.512864e-01
0	nM1197	100	0	800	2	1	0.152	3.316873e-02	4.918905e-02	5.003087e-01	4.996379e-01	4.998945e-01
0	nM1207	100	0	800	2	1	0.004	-2.256763e-01	2.892888e-01	4.355591e-01	4.348405e-01	4.351596e-01
0	nM1214	100	0	800	2	1	0.007	-4.452299e-02	2.050162e-01	8.281328e-01	8.278679e-01	8.279260e-01
0	nM1220	100	0	800	2	1	0.010	7.045526e-02	1.777610e-01	6.919542e-01	6.914965e-01	6.916170e-01
0	nM1225	100	0	800	2	1	0.009	-6.656003e-02	1.899188e-01	7.260817e-01	7.256700e-01	7.257727e-01
0	nM1230	100	0	800	2	1	0.102	-9.693670e-02	5.821899e-02	9.629815e-02	9.577802e-02	9.645854e-02
0	nM1234	100	0	800	2	1	0.028	-1.371651e-01	1.080557e-01	2.046713e-01	2.039632e-01	2.045614e-01
0	nM1239	100	0	800	2	1	0.004	-6.650656e-01	2.884399e-01	2.138106e-02	2.117831e-02	2.165029e-02
