chr	rs	ps	n_mis	n_obs	allele1	allele0	af	beta	se	p_wald	p_lrt	p_score
0	cP8	0	0	800	2	1	0.013	-4.869829e-02	2.265907e-01	8.298866e-01	8.296243e-01	8.296817e-01
0	cP13	0	0	800	2	1	0.004	2.110783e-01	3.797933e-01	5.785227e-01	5.779280e-01	5.781207e-01
0	cP21	0	0	800	2	1	0.007	-8.223623e-01	2.895875e-01	4.629411e-03	4.565621e-03	4.785475e-03
0	cP26	0	0	800	2	1	0.421	4.581602e-01	5.027140e-02	6.316424e-19	5.573752e-19	2.130845e-17
0	cP28	0	0	800	2	1	0.436	-5.920234e-01	4.702592e-02	2.792703e-33	2.224908e-33	1.741428e-28
0	cP35	0	0	800	1	2	0.038	-5.695460e-01	1.294346e-01	1.228050e-05	1.190105e-05	1.515631e-05
0	cP47	0	0	800	2	1	0.004	3.090745e-01	4.098986e-01	4.510555e-01	4.503469e-01	4.506502e-01
0	cP49	0	0	800	2	1	0.004	-3.723079e-01	4.098327e-01	3.639207e-01	3.631699e-01	3.635684e-01
0	cP56	0	0	800	2	1	0.006	-1.221052e-01	3.183929e-01	7.014476e-01	7.010026e-01	7.011180e-01
0	cP66	0	0	800	2	1	0.009	-1.384631e-01	2.607713e-01	5.955838e-01	5.950078e-01	5.951883e-01
0	cP70	0	0	800	2	1	0.011	4.051301e-01	2.448884e-01	9.845045e-02	9.792443e-02	9.860521e-02
0	cP81	0	0	800	1	2	0.084	1.799101e-01	9.206930e-02	5.104155e-02	5.067927e-02	5.130476e-02
0	nP11	0	0	800	2	1	0.189	-2.445845e-02	6.455225e-02	7.048675e-01	7.044271e-01	7.045406e-01
0	nP29	0	0	800	2	1	0.009	-2.080757e-01	2.696993e-01	4.406330e-01	4.399176e-01	4.402315e-01
0	nP34	0	0	800	2	1	0.016	6.221173e-02	1.994956e-01	7.552397e-01	7.548687e-01	7.549574e-01
0	nP48	0	0	800	2	1	0.004	5.061255e-01	4.096530e-01	2.170088e-01	2.162897e-01	2.168728e-01
0	nP54	0	0	800	2	1	0.010	-1.695085e-01	2.526251e-01	5.024221e-01	5.017531e-01	5.020078e-01
0	nP62	0	0	800	2	1	0.009	-1.711462e-01	2.697318e-01	5.259332e-01	5.252853e-01	5.255196e-01
0	nP68	0	0	800	2	1	0.013	2.017257e-01	2.156825e-01	3.499216e-01	3.491675e-01	3.495826e-01
0	nP71	0	0	800	2	1	0.004	3.399575e-01	3.796761e-01	3.708496e-01	3.701008e-01	3.704911e-01
0	nP82	0	0	800	2	1	0.066	4.044902e-03	9.909853e-02	9.674520e-01	9.674011e-01	9.674113e-01
0	nP91	0	0	800	2	1	0.012	2.611434e-02	2.323332e-01	9.105342e-01	9.103947e-01	9.104233e-01
0	nP115	0	0	800	2	1	0.006	-3.944968e-01	3.351435e-01	2.395073e-01	2.387722e-01	2.393269e-01
0	nP121	0	0	800	2	1	0.008	3.323278e-01	2.795591e-01	2.348891e-01	2.341569e-01	2.347175e-01
0	nP128	0	0	800	2	1	0.005	2.812679e-01	3.554177e-01	4.289616e-01	4.282391e-01	4.285650e-01
0	nP139	0	0	800	2	1	0.007	-5.645451e-01	2.903601e-01	5.221123e-02	5.184384e-02	5.247254e-02
0	nP145	0	0	800	2	1	0.007	3.841218e-02	3.037930e-01	8.994139e-01	8.992573e-01	8.992896e-01
0	nP146	0	0	800	2	1	0.041	-6.250992e-02	1.273497e-01	6.236656e-01	6.231222e-01	6.232835e-01
0	nP154	0	0	800	2	1	0.018	3.466044e-03	1.828448e-01	9.848808e-01	9.848571e-01	9.848618e-01
0	nP166	0	0	800	2	1	0.021	-1.820649e-02	1.778932e-01	9.185085e-01	9.183814e-01	9.184074e-01
0	nP170	0	0	800	2	1	0.011	-5.487568e-01	2.445376e-01	2.510200e-02	2.487510e-02	2.537766e-02
0	nP187	0	0	800	2	1	0.011	-4.428386e-03	2.385488e-01	9.851937e-01	9.851705e-01	9.851751e-01
0	nP192	0	0	800	2	1	0.064	6.698181e-02	1.026374e-01	5.141982e-01	5.135395e-01	5.137838e-01
0	nP198	0	0	800	2	1	0.048	-3.325912e-03	1.166450e-01	9.772600e-01	9.772244e-01	9.772316e-01
0	nP202	0	0	800	2	1	0.004	-6.244216e-02	4.100386e-01	8.790017e-01	8.788137e-01	8.788531e-01
0	nP204	0	0	800	2	1	0.006	1.853572e-01	3.353701e-01	5.806274e-01	5.800350e-01	5.802262e-01
0	nP211	0	0	800	2	1	0.004	4.679269e-01	3.795055e-01	2.179421e-01	2.172223e-01	2.178042e-01
0	nP217	0	0	800	2	1	0.007	2.885169e-01	3.036243e-01	3.422765e-01	3.415211e-01	3.419455e-01
0	nP219	0	0	800	2	1	0.058	-1.349781e-01	1.094519e-01	2.178577e-01	2.171379e-01	2.177200e-01
0	nP226	0	0	800	2	1	0.008	-8.610758e-02	2.797900e-01	7.583468e-01	7.579802e-01	7.580676e-01
0	nP230	0	0	800	2	1	0.068	8.007267e-02	1.003140e-01	4.249804e-01	4.242556e-01	4.245857e-01
0	nP235	0	0	800	2	1	0.024	1.212681e-01	1.599684e-01	4.486297e-01	4.479195e-01	4.482253e-01
0	nP236	0	0	800	2	1	0.005	-3.474989e-03	3.555571e-01	9.922045e-01	9.921923e-01	9.921948e-01
0	nP247	0	0	800	2	1	0.016	-1.220126e-01	1.994610e-01	5.409027e-01	5.402691e-01	5.404910e-01
0	nP253	0	0	800	2	1	0.006	3.089684e-01	3.182343e-01	3.319006e-01	3.311440e-01	3.315810e-01
0	nP255	0	0	800	2	1	0.021	-3.639271e-01	1.774273e-01	4.057998e-02	4.026667e-02	4.085639e-02
0	nP267	0	0	800	2	1	0.042	1.371180e-02	1.256790e-01	9.131492e-01	9.130137e-01	9.130415e-01
0	nP277	0	0	800	2	1	0.009	-9.636596e-02	2.607950e-01	7.118468e-01	7.114158e-01	7.115257e-01
0	nP283	0	0	800	2	1	0.007	-1.758536e-01	3.037322e-01	5.627690e-01	5.621575e-01	5.623621e-01
0	nP284	0	0	800	2	1	0.013	-1.066096e-02	2.212778e-01	9.615856e-01	9.615255e-01	9.615376e-01
0	nP309	0	0	800	2	1	0.009	4.370815e-01	2.603580e-01	9.358814e-02	9.307561e-02	9.375559e-02
0	nP318	0	0	800	2	1	0.014	-1.516293e-01	2.116425e-01	4.739288e-01	4.732366e-01	4.735176e-01
0	nP321	0	0	800	2	1	0.006	-5.182934e-01	3.178932e-01	1.034114e-01	1.028722e-01	1.035531e-01
0	nP332	0	0	800	2	1	0.009	-6.920907e-01	2.686851e-01	1.017843e-02	1.006083e-02	1.039735e-02
0	nP335	0	0	800	2	1	0.006	-4.413887e-01	3.180387e-01	1.655713e-01	1.649098e-01	1.655518e-01
0	nP344	0	0	800	2	1	0.004	2.354095e-01	4.099599e-01	5.659769e-01	5.653688e-01	5.655710e-01
0	nP348	0	0	800	2	1	0.019	1.174736e-01	1.832572e-01	5.216864e-01	5.210345e-01	5.212724e-01
0	nP355	0	0	800	2	1	0.011	1.575942e-01	2.384836e-01	5.089198e-01	5.082564e-01	5.085054e-01
0	nP363	0	0	800	2	1	0.004	7.123616e-02	3.798584e-01	8.512901e-01	8.510599e-01	8.511093e-01
0	nP372	0	0	800	2	1	0.005	-7.181455e-01	3.546471e-01	4.320416e-02	4.287796e-02	4.347800e-02
0	nP379	0	0	800	2	1	0.006	-3.393849e-01	3.352191e-01	3.116407e-01	3.108836e-01	3.113459e-01
0	nP388	0	0	800	2	1	0.028	-5.571279e-02	1.535329e-01	7.167965e-01	7.163722e-01	7.164796e-01
0	nP399	0	0	800	2	1	0.020	2.748026e-02	1.805324e-01	8.790535e-01	8.788656e-01	8.789050e-01
0	nP403	0	0	800	2	1	0.014	-1.210545e-01	2.162871e-01	5.758455e-01	5.752478e-01	5.754425e-01
0	nP405	0	0	800	2	1	0.009	-7.491800e-02	2.697868e-01	7.813197e-01	7.809859e-01	7.810631e-01
0	nP407	0	0	800	2	1	0.006	-2.325593e-01	3.183158e-01	4.652421e-01	4.645435e-01	4.648328e-01
0	nP431	0	0	800	2	1	0.038	-1.873688e-01	1.331348e-01	1.597096e-01	1.590568e-01	1.597045e-01
0	nP434	0	0	800	2	1	0.024	2.424798e-01	1.616804e-01	1.340753e-01	1.334670e-01	1.341359e-01
0	nP441	0	0	800	2	1	0.037	5.013631e-02	1.343036e-01	7.090199e-01	7.085851e-01	7.086965e-01
0	nP447	0	0	800	2	1	0.039	-2.078866e-01	1.289288e-01	1.072671e-01	1.067182e-01	1.073986e-01
0	nP450	0	0	800	2	1	0.006	4.276901e-01	3.180621e-01	1.791124e-01	1.784325e-01	1.790603e-01
0	nP452	0	0	800	2	1	0.016	7.346819e-02	2.033109e-01	7.179268e-01	7.175040e-01	7.176108e-01
0	nP455	0	0	800	2	1	0.010	1.110228e-01	2.526658e-01	6.604866e-01	6.599883e-01	6.601267e-01
0	nP458	0	0	800	2	1	0.006	1.939872e-01	3.183482e-01	5.424623e-01	5.418303e-01	5.420509e-01
0	nP462	0	0	800	2	1	0.009	-5.122517e-01	2.601862e-01	4.932305e-02	4.896839e-02	4.958892e-02
0	nP466	0	0	800	2	1	0.023	5.130042e-01	1.674615e-01	2.261812e-03	2.226032e-03	2.368966e-03
0	nP485	0	0	800	2	1	0.004	-7.761009e-02	4.100354e-01	8.499242e-01	8.496920e-01	8.497418e-01
0	nP510	0	0	800	2	1	0.005	-5.393032e-02	3.555520e-01	8.794772e-01	8.792899e-01	8.793292e-01
0	nP527	0	0	800	2	1	0.006	1.400206e-01	3.353977e-01	6.764423e-01	6.759644e-01	6.760935e-01
0	nP536	0	0	800	2	1	0.016	4.466823e-01	1.988802e-01	2.497768e-02	2.475156e-02	2.525318e-02
0	nP537	0	0	800	2	1	0.024	-1.893145e-01	1.661861e-01	2.549736e-01	2.542303e-01	2.547651e-01
0	nP540	0	0	800	2	1	0.012	8.378501e-02	2.323161e-01	7.184558e-01	7.180337e-01	7.181403e-01
0	nP549	0	0	800	2	1	0.012	2.666844e-02	2.323331e-01	9.086441e-01	9.085017e-01	9.085310e-01
0	nP554	0	0	800	2	1	0.009	-2.986371e-01	2.695926e-01	2.683103e-01	2.675614e-01	2.680791e-01
0	nP576	0	0	800	2	1	0.005	6.308600e-01	3.548551e-01	7.581808e-02	7.536052e-02	7.603013e-02
0	nP580	0	0	800	2	1	0.014	2.173917e-01	2.161926e-01	3.149386e-01	3.141814e-01	3.146395e-01
0	nP583	0	0	800	2	1	0.013	-2.007816e-01	2.211640e-01	3.642367e-01	3.634860e-01	3.638841e-01
0	nP588	0	0	800	2	1	0.004	2.280980e-01	3.797810e-01	5.482743e-01	5.476480e-01	5.478640e-01
0	nP593	0	0	800	2	1	0.006	3.198814e-02	3.184202e-01	9.200053e-01	9.198804e-01	9.199059e-01
0	nP598	0	0	800	2	1	0.006	-3.971826e-01	3.181117e-01	2.121909e-01	2.114760e-01	2.120650e-01
0	nP601	0	0	800	2	1	0.032	4.769909e-02	1.418568e-01	7.367721e-01	7.363752e-01	7.364727e-01
0	nP604	0	0	800	2	1	0.016	3.715651e-02	2.033232e-01	8.550437e-01	8.548192e-01	8.548672e-01
0	nP623	0	0	800	2	1	0.021	-1.935854e-01	1.752392e-01	2.696258e-01	2.688765e-01	2.693925e-01
0	nP625	0	0	800	2	1	0.008	-1.537688e-01	2.797536e-01	5.827077e-01	5.821175e-01	5.823072e-01
0	nP640	0	0	800	2	1	0.050	-2.244568e-01	1.115909e-01	4.461631e-02	4.428335e-02	4.488853e-02
0	nP645	0	0	800	2	1	0.004	-3.312051e-01	4.098769e-01	4.192970e-01	4.185690e-01	4.189052e-01
0	nP649	0	0	800	2	1	0.027	-5.233741e-02	1.531382e-01	7.326170e-01	7.322144e-01	7.323139e-01
0	nP661	0	0	800	2	1	0.062	-6.873307e-03	1.039003e-01	9.472726e-01	9.471902e-01	9.472069e-01
0	nP667	0	0	800	2	1	0.015	1.032641e-01	1.915449e-01	5.899601e-01	5.893779e-01	5.895624e-01
0	nP676	0	0	800	2	1	0.043	-1.351480e-01	1.228707e-01	2.716987e-01	2.709487e-01	2.714620e-01
0	nP677	0	0	800	2	1	0.004	9.069036e-01	4.087859e-01	2.679943e-02	2.656203e-02	2.707698e-02
0	nP691	0	0	800	2	1	0.019	-1.423634e-01	1.832351e-01	4.374220e-01	4.367046e-01	4.370218e-01
0	nP699	0	0	800	2	1	0.011	-1.929888e-01	2.316727e-01	4.050806e-01	4.043454e-01	4.046970e-01
0	nP703	0	0	800	2	1	0.022	-1.518573e-01	1.705703e-01	3.735777e-01	3.728298e-01	3.732170e-01
0	nP705	0	0	800	2	1	0.007	2.464144e-01	2.909163e-01	3.972333e-01	3.964945e-01	3.968547e-01
0	nP713	0	0	800	2	1	0.016	2.530441e-02	2.033255e-01	9.009882e-01	9.008339e-01	9.008658e-01
0	nP714	0	0	800	2	1	0.007	-6.151866e-02	2.910389e-01	8.326478e-01	8.323896e-01	8.324459e-01
0	nP720	0	0	800	2	1	0.010	-3.762867e-01	2.523450e-01	1.363147e-01	1.357021e-01	1.363694e-01
0	nP723	0	0	800	2	1	0.016	-7.984347e-02	1.994877e-01	6.890851e-01	6.886236e-01	6.887457e-01
0	nP731	0	0	800	2	1	0.004	-4.598054e-01	4.097214e-01	2.620983e-01	2.613519e-01	2.618776e-01
0	nP734	0	0	800	2	1	0.004	6.178881e-01	3.792365e-01	1.036453e-01	1.031055e-01	1.037864e-01
0	nP738	0	0	800	2	1	0.011	2.000281e-01	2.452057e-01	4.148829e-01	4.141526e-01	4.144936e-01
0	nP741	0	0	800	2	1	0.026	1.845686e-01	1.584853e-01	2.445377e-01	2.437997e-01	2.443480e-01
0	nP746	0	0	800	2	1	0.016	1.900898e-01	2.032161e-01	3.498615e-01	3.491074e-01	3.495226e-01
0	nP756	0	0	800	2	1	0.031	-1.560365e-01	1.460464e-01	2.856618e-01	2.849080e-01	2.854033e-01
0	nP767	0	0	800	2	1	0.017	-1.503140e-01	1.887266e-01	4.259991e-01	4.252749e-01	4.256040e-01
0	nP768	0	0	800	2	1	0.004	-2.386524e-01	3.797728e-01	5.299164e-01	5.292722e-01	5.295032e-01
0	nP772	0	0	800	2	1	0.013	-2.249489e-01	2.110410e-01	2.867908e-01	2.860367e-01	2.865306e-01
0	nP777	0	0	800	2	1	0.005	4.810842e-01	3.551490e-01	1.759290e-01	1.752533e-01	1.758845e-01
0	nP790	0	0	800	2	1	0.042	-3.183625e-01	1.251736e-01	1.116660e-02	1.104048e-02	1.139285e-02
0	nP798	0	0	800	2	1	0.037	-3.339098e-02	1.319534e-01	8.002937e-01	7.999876e-01	8.000568e-01
0	nP799	0	0	800	2	1	0.015	-1.516488e-01	2.073170e-01	4.646992e-01	4.640002e-01	4.642900e-01
0	nP808	0	0	800	2	1	0.023	1.190399e-02	1.684428e-01	9.436775e-01	9.435894e-01	9.436072e-01
0	nP812	0	0	800	2	1	0.006	-2.247440e-01	3.353399e-01	5.029257e-01	5.022571e-01	5.025113e-01
0	nP813	0	0	800	2	1	0.008	-9.262843e-03	2.798064e-01	9.735996e-01	9.735582e-01	9.735665e-01
0	nP817	0	0	800	2	1	0.021	-3.386644e-01	1.774900e-01	5.674000e-02	5.635349e-02	5.699333e-02
0	nP824	0	0	800	2	1	0.004	9.101574e-02	3.798531e-01	8.106959e-01	8.104051e-01	8.104700e-01
0	nP831	0	0	800	2	1	0.004	2.151751e-01	4.099738e-01	5.998326e-01	5.992614e-01	5.994389e-01
0	nP833	0	0	800	2	1	0.022	-8.561443e-02	1.658701e-01	6.058902e-01	6.053260e-01	6.054992e-01
0	nP855	0	0	800	2	1	0.016	-1.775001e-01	2.032304e-01	3.827113e-01	3.819666e-01	3.823432e-01
0	nP862	0	0	800	2	1	0.011	-7.438433e-02	2.260320e-01	7.421758e-01	7.417864e-01	7.418813e-01
0	nP873	0	0	800	2	1	0.006	-2.891515e-02	3.184206e-01	9.276679e-01	9.275549e-01	9.275779e-01
0	nP882	0	0	800	2	1	0.012	-1.696013e-02	2.323342e-01	9.418253e-01	9.417344e-01	9.417528e-01
0	nP888	0	0	800	2	1	0.008	8.556151e-02	2.797902e-01	7.598321e-01	7.594676e-01	7.595543e-01
0	nP890	0	0	800	2	1	0.054	1.275626e-01	1.085961e-01	2.404842e-01	2.397486e-01	2.403020e-01
0	nP896	0	0	800	2	1	0.007	3.060837e-01	2.908453e-01	2.929375e-01	2.921823e-01	2.926684e-01
0	nP899	0	0	800	2	1	0.146	6.137214e-03	7.155426e-02	9.316707e-01	9.315640e-01	9.315857e-01
0	nP906	0	0	800	2	1	0.007	-3.910859e-01	2.907176e-01	1.789288e-01	1.782492e-01	1.788772e-01
0	nP912	0	0	800	2	1	0.004	-1.186886e+00	4.078863e-01	3.716640e-03	3.663109e-03	3.856515e-03
0	nP925	0	0	800	2	1	0.009	-1.047189e-01	2.697744e-01	6.979922e-01	6.975425e-01	6.976598e-01
0	nP930	0	0	800	2	1	0.023	-1.135397e-02	1.638633e-01	9.447767e-01	9.446904e-01	9.447078e-01
0	nP935	0	0	800	2	1	0.059	2.164911e-02	1.049173e-01	8.365744e-01	8.363221e-01	8.363769e-01
0	nP939	0	0	800	2	1	0.004	1.601624e-02	3.798664e-01	9.663794e-01	9.663268e-01	9.663374e-01
0	nP947	0	0	800	2	1	0.018	1.559766e-01	1.924202e-01	4.178347e-01	4.171060e-01	4.174438e-01
0	nP950	0	0	800	2	1	0.007	1.437667e-01	2.910026e-01	6.214145e-01	6.208684e-01	6.210312e-01
0	nP951	0	0	800	2	1	0.005	-5.125984e-01	3.550938e-01	1.492558e-01	1.486199e-01	1.492771e-01
0	nP961	0	0	800	2	1	0.009	-2.391124e-01	2.606800e-01	3.592813e-01	3.585293e-01	3.589333e-01
0	nP990	0	0	800	2	1	0.049	-7.362826e-02	1.159820e-01	5.257244e-01	5.250763e-01	5.253108e-01
0	nP994	0	0	800	2	1	0.005	-1.692737e-01	3.555066e-01	6.340994e-01	6.335684e-01	6.337230e-01
0	nP1003	0	0	800	2	1	0.022	-2.354619e-01	1.704513e-01	1.675419e-01	1.668775e-01	1.675175e-01
0	nP1010	0	0	800	2	1	0.010	3.524389e-02	2.526932e-01	8.891116e-01	8.889390e-01	8.889749e-01
0	nP1014	0	0	800	2	1	0.028	-6.115750e-02	1.515598e-01	6.866734e-01	6.862088e-01	6.863322e-01
0	nP1018	0	0	800	2	1	0.004	-4.894331e-01	4.096784e-01	2.325684e-01	2.318378e-01	2.324013e-01
0	nP1030	0	0	800	2	1	0.053	-3.692554e-01	1.084124e-01	6.921228e-04	6.788227e-04	7.444921e-04
0	nP1035	0	0	800	2	1	0.203	7.198216e-02	6.288461e-02	2.526888e-01	2.519466e-01	2.524844e-01
0	nP1040	0	0	800	2	1	0.038	-9.399875e-02	1.309532e-01	4.730880e-01	4.723953e-01	4.726770e-01
0	nP1043	0	0	800	2	1	0.041	1.148547e-01	1.215275e-01	3.448979e-01	3.441429e-01	3.445641e-01
0	nP1056	0	0	800	2	1	0.004	4.109087e-01	3.795882e-01	2.793522e-01	2.786000e-01	2.791034e-01
0	nP1086	0	0	800	2	1	0.004	3.917833e-01	4.098100e-01	3.393556e-01	3.385998e-01	3.390277e-01
0	nP1090	0	0	800	2	1	0.005	-3.020970e-01	3.553962e-01	3.955641e-01	3.948246e-01	3.951867e-01
0	nP1099	0	0	800	2	1	0.021	1.361691e-01	1.701541e-01	4.237929e-01	4.230675e-01	4.233989e-01
0	nP1103	0	0	800	2	1	0.011	3.687647e-01	2.381914e-01	1.219739e-01	1.213905e-01	1.220663e-01
0	nP1121	0	0	800	2	1	0.006	-5.721571e-01	3.348222e-01	8.786971e-02	8.737385e-02	8.805188e-02
0	nP1125	0	0	800	2	1	0.053	-8.720733e-02	1.118527e-01	4.358208e-01	4.351024e-01	4.354212e-01
0	nP1136	0	0	800	2	1	0.012	-7.130187e-02	2.323213e-01	7.589915e-01	7.586258e-01	7.587128e-01
0	nP1139	0	0	800	2	1	0.008	-2.570011e-01	2.796586e-01	3.583829e-01	3.576307e-01	3.580357e-01
0	nP1141	0	0	800	2	1	0.022	-1.405529e-01	1.728910e-01	4.164854e-01	4.157559e-01	4.160951e-01
0	nP1148	0	0	800	2	1	0.008	2.286768e-02	2.798054e-01	9.348842e-01	9.347825e-01	9.348031e-01
0	nP1158	0	0	800	2	1	0.024	1.130877e-01	1.642341e-01	4.912901e-01	4.906118e-01	4.908765e-01
0	nP1159	0	0	800	2	1	0.010	5.380796e-02	2.526891e-01	8.314271e-01	8.311671e-01	8.312239e-01
0	nP1161	0	0	800	2	1	0.004	1.730009e-01	3.798174e-01	6.488848e-01	6.483720e-01	6.485173e-01
0	nP1166	0	0	800	2	1	0.021	-2.594570e-01	1.722803e-01	1.324587e-01	1.318535e-01	1.325234e-01
0	nP1181	0	0	800	2	1	0.007	2.521217e-01	2.909102e-01	3.863860e-01	3.856427e-01	3.860151e-01
0	nP1189	0	0	800	2	1	0.024	-6.760050e-02	1.663040e-01	6.844934e-01	6.840260e-01	6.841506e-01
0	nP1193	0	0	800	2	1	0.009	5.879662e-02	2.697918e-01	8.275368e-01	8.272709e-01	8.273293e-01
0	nP1207	0	0	800	2	1	0.019	6.976174e-02	1.800643e-01	6.985435e-01	6.980946e-01	6.982116e-01
0	nP1209	0	0	800	2	1	0.047	-1.312676e-01	1.195341e-01	2.724659e-01	2.717157e-01	2.722280e-01
0	nP1213	0	0	800	2	1	0.016	-8.005779e-02	1.953981e-01	6.821240e-01	6.816534e-01	6.817794e-01
0	nP1219	0	0	800	2	1	0.010	-4.337825e-01	2.522293e-01	8.585763e-02	8.536786e-02	8.604492e-02
0	nP1238	0	0	800	2	1	0.016	-1.106372e-01	2.032898e-01	5.864325e-01	5.858464e-01	5.860333e-01
0	nP1245	0	0	800	2	1	0.026	-1.500835e-01	1.492381e-01	3.148817e-01	3.141245e-01	3.145827e-01
0	nP1246	0	0	800	2	1	0.016	-2.094785e-01	1.952779e-01	2.837210e-01	2.829676e-01	2.834655e-01
0	nP1250	0	0	800	2	1	0.026	-1.681702e-01	1.603264e-01	2.945305e-01	2.937750e-01	2.942590e-01
0	nP1266	0	0	800	2	1	0.008	-7.298894e-02	2.797946e-01	7.942631e-01	7.939481e-01	7.940198e-01
0	nP1270	0	0	800	2	1	0.015	-1.994969e-01	2.072662e-01	3.360823e-01	3.353261e-01	3.357580e-01
0	nP1275	0	0	800	2	1	0.028	-1.387224e-01	1.551001e-01	3.713746e-01	3.706260e-01	3.710157e-01
0	nP1285	0	0	800	2	1	0.030	-4.564598e-03	1.427718e-01	9.745029e-01	9.744630e-01	9.744710e-01
0	nP1303	0	0	800	2	1	0.027	-7.369812e-03	1.568679e-01	9.625401e-01	9.624815e-01	9.624933e-01
0	nP1310	0	0	800	2	1	0.011	2.253446e-01	2.451782e-01	3.583183e-01	3.575661e-01	3.579712e-01
0	nP1311	0	0	800	2	1	0.050	6.348573e-02	1.147577e-01	5.802709e-01	5.796780e-01	5.798695e-01
0	nP1313	0	0	800	2	1	0.004	1.871979e-01	3.798090e-01	6.222373e-01	6.216921e-01	6.218544e-01
0	nP1317	0	0	800	2	1	0.018	7.191988e-02	1.924825e-01	7.087687e-01	7.083334e-01	7.084450e-01
0	nP1324	0	0	800	2	1	0.005	-8.258310e-02	3.555451e-01	8.163865e-01	8.161041e-01	8.161667e-01
0	nP1327	0	0	800	2	1	0.056	3.286983e-01	1.073501e-01	2.272937e-03	2.237013e-03	2.380386e-03
0	cP14	14	0	800	2	1	0.021	8.179344e-02	1.701977e-01	6.309474e-01	6.304127e-01	6.305693e-01
0	nP171	14	0	800	2	1	0.009	2.546284e-01	2.606616e-01	3.289373e-01	3.281804e-01	3.286212e-01
0	nP423	14	0	800	2	1	0.004	5.585523e-01	3.793519e-01	1.413110e-01	1.406890e-01	1.413527e-01
0	cP29	17	0	800	2	1	0.008	-4.409233e-01	2.793709e-01	1.148994e-01	1.143320e-01	1.150106e-01
0	nP92	17	0	800	2	1	0.008	-3.494709e-01	2.795329e-01	2.115945e-01	2.108800e-01	2.114698e-01
0	nP373	17	0	800	2	1	0.017	-1.943143e-01	1.957841e-01	3.212580e-01	3.205008e-01	3.209510e-01
0	nP382	17	0	800	2	1	0.006	-2.653825e-01	3.353027e-01	4.289042e-01	4.281817e-01	4.285077e-01
0	nP502	17	0	800	2	1	0.019	2.921784e-01	1.797840e-01	1.045226e-01	1.039805e-01	1.046613e-01
0	nP521	17	0	800	2	1	0.011	1.088082e-01	2.452777e-01	6.574433e-01	6.569411e-01	6.570813e-01
0	nP818	17	0	800	2	1	0.053	-1.017338e-01	1.118373e-01	3.632770e-01	3.625260e-01	3.629252e-01
0	nP825	17	0	800	2	1	0.013	-1.346573e-01	2.265471e-01	5.524198e-01	5.517977e-01	5.520104e-01
0	nP310	20	0	800	2	1	0.007	2.038690e-01	3.037103e-01	5.022482e-01	5.015791e-01	5.018339e-01
0	nP350	20	0	800	2	1	0.006	-1.391907e-01	3.183841e-01	6.621002e-01	6.616039e-01	6.617413e-01
0	nP475	20	0	800	2	1	0.005	-1.946377e-01	3.554903e-01	5.841754e-01	5.835868e-01	5.837754e-01
0	nP570	20	0	800	2	1	0.010	5.028330e-01	2.520686e-01	4.640157e-02	4.606023e-02	4.667155e-02
0	nP605	20	0	800	2	1	0.006	4.534522e-01	3.350500e-01	1.763153e-01	1.756391e-01	1.762699e-01
0	nP616	20	0	800	2	1	0.014	-2.245977e-02	2.117091e-01	9.155393e-01	9.154075e-01	9.154345e-01
0	nP668	20	0	800	2	1	0.005	-3.629446e-01	3.553249e-01	3.073535e-01	3.065966e-01	3.070643e-01
0	nP883	20	0	800	2	1	0.006	7.407540e-01	3.173407e-01	1.982966e-02	1.963748e-02	2.009511e-02
0	nP907	20	0	800	2	1	0.046	5.794707e-02	1.192918e-01	6.272712e-01	6.267321e-01	6.268911e-01
0	nP1046	20	0	800	2	1	0.012	-9.922508e-02	2.323084e-01	6.694024e-01	6.689155e-01	6.690486e-01
0	nP1091	20	0	800	2	1	0.007	2.812480e-01	3.036328e-01	3.545822e-01	3.538291e-01	3.542387e-01
0	nP1149	20	0	800	2	1	0.036	-9.001984e-02	1.363900e-01	5.094328e-01	5.087699e-01	5.090184e-01
0	nP1176	20	0	800	2	1	0.009	-1.740468e-01	2.697295e-01	5.189415e-01	5.182871e-01	5.185273e-01
0	nP1225	20	0	800	2	1	0.006	-3.775787e-01	3.181416e-01	2.356495e-01	2.349168e-01	2.354764e-01
0	cP4	25	0	800	2	1	0.026	-2.736622e-01	1.544747e-01	7.684823e-02	7.638721e-02	7.705781e-02
0	cP22	25	0	800	2	1	0.234	1.999859e-01	5.741173e-02	5.221192e-04	5.116620e-04	5.657160e-04
0	nP39	25	0	800	2	1	0.005	-5.296344e-01	3.550624e-01	1.361820e-01	1.355696e-01	1.362370e-01
0	nP58	25	0	800	2	1	0.064	-5.770328e-02	1.015803e-01	5.701569e-01	5.695532e-01	5.697522e-01
0	nP83	25	0	800	2	1	0.004	-7.979765e-01	4.090704e-01	5.144160e-02	5.107756e-02	5.170417e-02
0	nP129	25	0	800	2	1	0.004	3.455525e-01	4.098621e-01	3.994282e-01	3.986904e-01	3.990482e-01
0	nP237	25	0	800	2	1	0.007	-1.990927e-01	2.909617e-01	4.940112e-01	4.933351e-01	4.935974e-01
0	nP243	25	0	800	2	1	0.016	-1.943145e-01	1.952975e-01	3.200542e-01	3.192970e-01	3.197487e-01
0	nP279	25	0	800	2	1	0.008	-2.446516e-01	2.796725e-01	3.819574e-01	3.812124e-01	3.815899e-01
0	nP285	25	0	800	2	1	0.036	8.932067e-02	1.349626e-01	5.082789e-01	5.076150e-01	5.078645e-01
0	nP322	25	0	800	2	1	0.008	-3.975957e-01	2.794524e-01	1.551944e-01	1.545487e-01	1.552006e-01
0	nP555	25	0	800	2	1	0.057	-1.479934e-01	1.073679e-01	1.684732e-01	1.678075e-01	1.684466e-01
0	nP654	25	0	800	2	1	0.041	5.947008e-02	1.285697e-01	6.438122e-01	6.432931e-01	6.434416e-01
0	nP686	25	0	800	2	1	0.004	4.752928e-01	4.096992e-01	2.463543e-01	2.456153e-01	2.461613e-01
0	nP747	25	0	800	2	1	0.009	5.887402e-01	2.689937e-01	2.890949e-02	2.865943e-02	2.918861e-02
0	nP752	25	0	800	2	1	0.012	-5.049126e-01	2.316465e-01	2.957368e-02	2.931972e-02	2.985313e-02
0	nP931	25	0	800	2	1	0.008	2.964949e-01	2.796096e-01	2.892886e-01	2.885341e-01	2.890248e-01
0	nP940	25	0	800	2	1	0.019	1.302279e-01	1.861563e-01	4.844049e-01	4.837209e-01	4.839920e-01
0	nP952	25	0	800	2	1	0.066	-1.265978e-01	1.013849e-01	2.121463e-01	2.114314e-01	2.120205e-01
0	nP957	25	0	800	2	1	0.021	-2.211140e-02	1.778927e-01	9.011120e-01	9.009579e-01	9.009897e-01
0	nP964	25	0	800	2	1	0.004	7.640548e-01	4.091516e-01	6.221037e-02	6.180201e-02	6.245296e-02
0	nP983	25	0	800	2	1	0.018	1.584281e-01	1.891908e-01	4.026192e-01	4.018829e-01	4.022372e-01
0	nP1026	25	0	800	2	1	0.009	2.385352e-01	2.445746e-01	3.297039e-01	3.289471e-01	3.293868e-01
0	nP1082	25	0	800	2	1	0.007	3.543671e-01	2.907766e-01	2.233213e-01	2.225972e-01	2.231725e-01
0	nP1117	25	0	800	2	1	0.058	-1.558297e-01	1.094172e-01	1.547855e-01	1.541404e-01	1.547927e-01
0	nP1234	25	0	800	2	1	0.009	1.310733e-01	2.697599e-01	6.271794e-01	6.266402e-01	6.267992e-01
0	nP1261	25	0	800	2	1	0.006	-6.603455e-01	3.175630e-01	3.789795e-02	3.759828e-02	3.817636e-02
0	nP1295	25	0	800	2	1	0.019	3.472625e-02	1.833003e-01	8.497883e-01	8.495559e-01	8.496058e-01
0	nP172	29	0	800	2	1	0.019	-2.684451e-01	1.798303e-01	1.358930e-01	1.352812e-01	1.359488e-01
0	nP303	29	0	800	2	1	0.011	9.343250e-02	2.452856e-01	7.033691e-01	7.029267e-01	7.030410e-01
0	nP424	29	0	800	2	1	0.048	2.997073e-02	1.189322e-01	8.011071e-01	8.008022e-01	8.008711e-01
0	nP1169	29	0	800	2	1	0.006	2.218163e-01	3.353424e-01	5.085069e-01	5.078431e-01	5.080924e-01
0	cP30	33	0	800	2	1	0.072	-5.100290e-01	9.436536e-02	8.572013e-08	8.183511e-08	1.383823e-07
0	cP39	33	0	800	2	1	0.053	2.112378e-01	1.102685e-01	5.576445e-02	5.538197e-02	5.601958e-02
0	cP67	33	0	800	2	1	0.018	6.554138e-01	1.878465e-01	5.112215e-04	5.009513e-04	5.542170e-04
0	cP71	33	0	800	1	2	0.013	4.226798e-01	2.207717e-01	5.590643e-02	5.552337e-02	5.616130e-02
0	cP82	33	0	800	2	1	0.073	1.594021e-02	9.817039e-02	8.710533e-01	8.708531e-01	8.708953e-01
0	nP4	33	0	800	2	1	0.020	-1.020193e-01	1.804988e-01	5.720916e-01	5.714900e-01	5.716875e-01
0	nP20	33	0	800	2	1	0.009	-4.648957e-01	2.602976e-01	7.447629e-02	7.402329e-02	7.469154e-02
0	nP88	33	0	800	2	1	0.008	2.670140e-01	2.796469e-01	3.399551e-01	3.391994e-01	3.396266e-01
0	nP93	33	0	800	2	1	0.011	2.140000e-01	2.451909e-01	3.830406e-01	3.822960e-01	3.826723e-01
0	nP101	33	0	800	2	1	0.005	-2.371556e-01	3.554580e-01	5.048480e-01	5.041811e-01	5.044336e-01
0	nP105	33	0	800	2	1	0.016	5.033919e-03	1.995077e-01	9.798765e-01	9.798449e-01	9.798513e-01
0	nP134	33	0	800	2	1	0.005	-3.511524e-01	3.553397e-01	3.233465e-01	3.225893e-01	3.230370e-01
0	nP148	33	0	800	2	1	0.004	-1.316682e-01	4.100181e-01	7.481976e-01	7.478167e-01	7.479088e-01
0	nP199	33	0	800	2	1	0.025	-1.745655e-01	1.622054e-01	2.821630e-01	2.814100e-01	2.819098e-01
0	nP223	33	0	800	2	1	0.009	2.399874e-02	2.608160e-01	9.267100e-01	9.265955e-01	9.266188e-01
0	nP256	33	0	800	2	1	0.011	-2.239532e-01	2.384171e-01	3.478437e-01	3.470892e-01	3.475069e-01
0	nP383	33	0	800	2	1	0.062	-6.806367e-02	1.034543e-01	5.107852e-01	5.101235e-01	5.103708e-01
0	nP395	33	0	800	2	1	0.014	3.318332e-01	2.160104e-01	1.248879e-01	1.242983e-01	1.249726e-01
0	nP400	33	0	800	2	1	0.004	3.325765e-01	4.098755e-01	4.173731e-01	4.166441e-01	4.169823e-01
0	nP419	33	0	800	2	1	0.005	-1.406798e-01	3.555222e-01	6.924328e-01	6.919758e-01	6.920960e-01
0	nP463	33	0	800	2	1	0.035	1.906614e-01	1.384909e-01	1.689891e-01	1.683227e-01	1.689612e-01
0	nP512	33	0	800	2	1	0.008	2.134639e-01	2.797045e-01	4.455838e-01	4.448715e-01	4.451804e-01
0	nP533	33	0	800	2	1	0.142	1.374591e-01	7.514182e-02	6.772340e-02	6.729427e-02	6.795416e-02
0	nP546	33	0	800	2	1	0.051	-1.936066e-01	1.154945e-01	9.406593e-02	9.355204e-02	9.423214e-02
0	nP560	33	0	800	2	1	0.027	1.082154e-02	1.531489e-01	9.436858e-01	9.435978e-01	9.436156e-01
0	nP577	33	0	800	2	1	0.015	5.473589e-02	2.073774e-01	7.918917e-01	7.915733e-01	7.916460e-01
0	nP584	33	0	800	2	1	0.026	-2.726126e-01	1.508945e-01	7.119442e-02	7.075281e-02	7.141733e-02
0	nP650	33	0	800	2	1	0.013	6.630143e-02	2.212657e-01	7.645251e-01	7.641672e-01	7.642518e-01
0	nP800	33	0	800	2	1	0.042	3.551415e-01	1.231027e-01	4.020599e-03	3.963589e-03	4.166160e-03
0	nP819	33	0	800	2	1	0.061	1.173415e-02	1.083803e-01	9.138100e-01	9.136756e-01	9.137032e-01
0	nP834	33	0	800	2	1	0.037	1.322520e-01	1.305761e-01	3.114459e-01	3.106887e-01	3.111513e-01
0	nP838	33	0	800	2	1	0.007	9.637708e-02	3.037769e-01	7.511272e-01	7.507504e-01	7.508411e-01
0	nP842	33	0	800	2	1	0.022	8.820747e-02	1.679864e-01	5.996685e-01	5.990971e-01	5.992747e-01
0	nP917	33	0	800	2	1	0.013	2.793806e-01	2.210570e-01	2.066567e-01	2.059467e-01	2.065426e-01
0	nP969	33	0	800	2	1	0.009	4.255140e-01	2.603820e-01	1.026131e-01	1.020760e-01	1.027569e-01
0	nP979	33	0	800	2	1	0.004	-6.364078e-03	4.100445e-01	9.876208e-01	9.876015e-01	9.876053e-01
0	nP995	33	0	800	2	1	0.011	2.724107e-01	2.383539e-01	2.534297e-01	2.526870e-01	2.532239e-01
0	nP1022	33	0	800	2	1	0.098	-8.112429e-02	8.446261e-02	3.371068e-01	3.363507e-01	3.367813e-01
0	nP1068	33	0	800	2	1	0.019	-2.003954e-01	1.831671e-01	2.742597e-01	2.735089e-01	2.740189e-01
0	nP1122	33	0	800	2	1	0.004	-2.465488e-01	4.099517e-01	5.477381e-01	5.471113e-01	5.473277e-01
0	nP1127	33	0	800	2	1	0.007	-1.691773e-01	3.037370e-01	5.776931e-01	5.770974e-01	5.772908e-01
0	nP1145	33	0	800	2	1	0.007	6.444609e-01	3.029382e-01	3.369562e-02	3.341834e-02	3.397566e-02
0	nP1199	33	0	800	2	1	0.011	5.897745e-02	2.452991e-01	8.100580e-01	8.097663e-01	8.098315e-01
0	nP1239	33	0	800	2	1	0.009	5.425600e-02	2.697930e-01	8.406698e-01	8.404236e-01	8.404769e-01
0	nP1247	33	0	800	2	1	0.012	5.509383e-02	2.323268e-01	8.126095e-01	8.123215e-01	8.123857e-01
0	nP1271	33	0	800	2	1	0.007	-2.976925e-01	3.036132e-01	3.271370e-01	3.263800e-01	3.268229e-01
0	nP1314	33	0	800	2	1	0.062	1.102864e-02	1.046064e-01	9.160613e-01	9.159303e-01	9.159571e-01
0	nP50	40	0	800	2	1	0.004	1.924965e-01	3.798057e-01	6.124149e-01	6.118582e-01	6.120271e-01
0	nP180	40	0	800	2	1	0.011	-1.036129e-01	2.452805e-01	6.728277e-01	6.723451e-01	6.724763e-01
0	nP571	40	0	800	2	1	0.007	4.917667e-01	3.032969e-01	1.053261e-01	1.047820e-01	1.054627e-01
0	nP617	40	0	800	2	1	0.004	2.389125e-01	3.546732e-01	5.007524e-01	5.000820e-01	5.003382e-01
0	nP716	40	0	800	2	1	0.018	-4.632906e-01	1.850222e-01	1.247929e-02	1.234223e-02	1.271411e-02
0	nP1005	40	0	800	2	1	0.005	-6.960267e-01	3.547024e-01	5.007661e-02	4.971859e-02	5.034133e-02
0	nP1092	40	0	800	2	1	0.018	-1.171035e-01	1.892285e-01	5.361938e-01	5.355557e-01	5.357814e-01
0	nP1177	40	0	800	2	1	0.012	1.093260e-01	2.323028e-01	6.380417e-01	6.375155e-01	6.376677e-01
0	nP1215	40	0	800	2	1	0.004	-3.821810e-01	4.098213e-01	3.513317e-01	3.505779e-01	3.509913e-01
0	cP16	43	0	800	2	1	0.010	-3.987395e-01	2.523018e-01	1.144100e-01	1.138437e-01	1.145225e-01
0	nP469	43	0	800	2	1	0.004	1.146074e+00	4.080326e-01	5.094465e-03	5.025651e-03	5.257862e-03
0	nP708	43	0	800	2	1	0.006	-4.993097e-01	3.349683e-01	1.364570e-01	1.358441e-01	1.365113e-01
0	nP868	43	0	800	2	1	0.112	-3.377237e-02	7.986277e-02	6.724967e-01	6.720137e-01	6.721451e-01
0	cP5	50	0	800	1	2	0.039	-1.861041e-01	1.298887e-01	1.523076e-01	1.516666e-01	1.523212e-01
0	cP10	50	0	800	2	1	0.034	-6.136319e-01	1.381185e-01	1.013358e-05	9.814806e-06	1.261163e-05
0	cP23	50	0	800	2	1	0.005	-1.315653e-01	3.555266e-01	7.114378e-01	7.110062e-01	7.111164e-01
0	cP52	50	0	800	2	1	0.428	6.326649e-01	4.615241e-02	1.465151e-38	1.124164e-38	3.511394e-32
0	cP64	50	0	800	2	1	0.019	4.861582e-01	1.824947e-01	7.878539e-03	7.781830e-03	8.076759e-03
0	cP77	50	0	800	1	2	0.036	-7.460381e-02	1.315950e-01	5.709281e-01	5.703252e-01	5.705236e-01
0	nP13	50	0	800	2	1	0.004	-1.658260e-01	3.798214e-01	6.625273e-01	6.620316e-01	6.621688e-01
0	nP31	50	0	800	2	1	0.004	3.225996e-01	4.098855e-01	4.314874e-01	4.307664e-01	4.310897e-01
0	nP69	50	0	800	2	1	0.016	5.060931e-01	1.987017e-01	1.105202e-02	1.092688e-02	1.127747e-02
0	nP130	50	0	800	2	1	0.006	5.624585e-01	3.348428e-01	9.339376e-02	9.288178e-02	9.356171e-02
0	nP161	50	0	800	2	1	0.007	-2.249858e-01	3.036916e-01	4.590107e-01	4.583076e-01	4.586030e-01
0	nP189	50	0	800	2	1	0.019	5.905911e-02	1.862017e-01	7.511914e-01	7.508146e-01	7.509053e-01
0	nP193	50	0	800	2	1	0.005	-5.497846e-02	3.555518e-01	8.771533e-01	8.769624e-01	8.770025e-01
0	nP207	50	0	800	2	1	0.015	1.238835e-01	1.989656e-01	5.337003e-01	5.330598e-01	5.332876e-01
0	nP212	50	0	800	2	1	0.034	1.765903e-01	1.408716e-01	2.103709e-01	2.096575e-01	2.102488e-01
0	nP238	50	0	800	2	1	0.004	-1.277415e-02	4.100443e-01	9.751552e-01	9.751163e-01	9.751241e-01
0	nP244	50	0	800	2	1	0.006	-4.610631e-01	3.350370e-01	1.691594e-01	1.684928e-01	1.691311e-01
0	nP251	50	0	800	2	1	0.015	-8.577310e-02	1.989907e-01	6.665552e-01	6.660646e-01	6.661994e-01
0	nP265	50	0	800	2	1	0.011	-7.467899e-02	2.385342e-01	7.543058e-01	7.539335e-01	7.540227e-01
0	nP273	50	0	800	2	1	0.005	9.216933e-02	3.555421e-01	7.955200e-01	7.952069e-01	7.952780e-01
0	nP286	50	0	800	2	1	0.004	-4.501443e-01	3.795324e-01	2.359557e-01	2.352228e-01	2.357820e-01
0	nP291	50	0	800	2	1	0.021	1.361487e-02	1.702216e-01	9.362707e-01	9.361711e-01	9.361913e-01
0	nP319	50	0	800	2	1	0.007	6.478002e-02	2.910380e-01	8.239173e-01	8.236461e-01	8.237058e-01
0	nP323	50	0	800	2	1	0.046	-3.731921e-02	1.210354e-01	7.579095e-01	7.575422e-01	7.576298e-01
0	nP375	50	0	800	2	1	0.008	2.871307e-01	2.796219e-01	3.048006e-01	3.040439e-01	3.045148e-01
0	nP409	50	0	800	2	1	0.012	-1.513576e-02	2.323344e-01	9.480737e-01	9.479925e-01	9.480089e-01
0	nP456	50	0	800	2	1	0.004	7.028984e-02	4.100370e-01	8.639345e-01	8.637235e-01	8.637683e-01
0	nP513	50	0	800	2	1	0.008	-1.329163e-01	2.797670e-01	6.348482e-01	6.343182e-01	6.344723e-01
0	nP518	50	0	800	2	1	0.006	-3.249943e-01	3.352369e-01	3.326162e-01	3.318596e-01	3.322958e-01
0	nP529	50	0	800	2	1	0.008	-3.441532e-01	2.795412e-01	2.186348e-01	2.179144e-01	2.184955e-01
0	nP565	50	0	800	2	1	0.004	-1.070121e-01	4.100271e-01	7.941692e-01	7.938541e-01	7.939258e-01
0	nP590	50	0	800	2	1	0.013	1.121550e-01	2.212425e-01	6.123423e-01	6.117855e-01	6.119544e-01
0	nP595	50	0	800	2	1	0.007	1.555898e-01	3.037461e-01	6.086272e-01	6.080661e-01	6.082375e-01
0	nP599	50	0	800	2	1	0.016	8.817710e-02	2.033035e-01	6.646079e-01	6.641149e-01	6.642508e-01
0	nP631	50	0	800	2	1	0.018	-1.694145e-02	1.892730e-01	9.287007e-01	9.285893e-01	9.286120e-01
0	nP638	50	0	800	2	1	0.007	3.323747e-01	2.908091e-01	2.534101e-01	2.526675e-01	2.532044e-01
0	nP665	50	0	800	2	1	0.007	-2.314895e-01	3.036855e-01	4.461258e-01	4.454140e-01	4.457222e-01
0	nP674	50	0	800	2	1	0.031	-2.583702e-01	1.472525e-01	7.971046e-02	7.924004e-02	7.991308e-02
0	nP721	50	0	800	2	1	0.011	1.707434e-01	2.259665e-01	4.501038e-01	4.493945e-01	4.496988e-01
0	nP726	50	0	800	2	1	0.021	-1.420766e-01	1.753010e-01	4.179105e-01	4.171818e-01	4.175195e-01
0	nP729	50	0	800	2	1	0.013	2.385051e-01	2.211170e-01	2.810754e-01	2.803227e-01	2.808240e-01
0	nP778	50	0	800	2	1	0.015	1.094083e-01	2.073503e-01	5.978894e-01	5.973160e-01	5.974949e-01
0	nP781	50	0	800	2	1	0.006	-5.045524e-01	3.349584e-01	1.323825e-01	1.317775e-01	1.324474e-01
0	nP804	50	0	800	2	1	0.011	-1.745369e-01	2.452301e-01	4.768419e-01	4.761520e-01	4.764302e-01
0	nP850	50	0	800	2	1	0.018	2.999091e-01	1.922064e-01	1.190738e-01	1.184969e-01	1.191739e-01
0	nP880	50	0	800	2	1	0.010	-1.690224e-01	2.526255e-01	5.036487e-01	5.029807e-01	5.032343e-01
0	nP900	50	0	800	2	1	0.004	-5.653906e-02	4.100397e-01	8.903647e-01	8.901941e-01	8.902295e-01
0	nP918	50	0	800	2	1	0.007	2.480331e-01	2.909146e-01	3.941383e-01	3.933981e-01	3.937618e-01
0	nP941	50	0	800	2	1	0.044	-6.374882e-02	1.214345e-01	5.997536e-01	5.991823e-01	5.993598e-01
0	nP948	50	0	800	2	1	0.005	-1.613524e-02	3.555566e-01	9.638156e-01	9.637590e-01	9.637704e-01
0	nP953	50	0	800	2	1	0.005	5.827515e-02	3.555511e-01	8.698507e-01	8.696487e-01	8.696913e-01
0	nP965	50	0	800	2	1	0.011	3.493941e-01	2.382280e-01	1.428686e-01	1.422438e-01	1.429063e-01
0	nP988	50	0	800	2	1	0.006	1.006484e-01	3.184023e-01	7.520059e-01	7.516303e-01	7.517206e-01
0	nP1000	50	0	800	2	1	0.007	-1.034115e-01	2.910240e-01	7.224314e-01	7.220147e-01	7.221193e-01
0	nP1019	50	0	800	2	1	0.004	5.782913e-01	4.095332e-01	1.583179e-01	1.576673e-01	1.583164e-01
0	nP1036	50	0	800	2	1	0.005	-1.022004e-01	3.555387e-01	7.738407e-01	7.734962e-01	7.735766e-01
0	nP1052	50	0	800	2	1	0.017	1.215633e-01	1.958576e-01	5.349927e-01	5.343534e-01	5.345802e-01
0	nP1072	50	0	800	2	1	0.004	4.705517e-01	3.795014e-01	2.153692e-01	2.146514e-01	2.152366e-01
0	nP1083	50	0	800	2	1	0.120	1.283625e-01	7.802265e-02	1.003232e-01	9.979219e-02	1.004731e-01
0	nP1087	50	0	800	2	1	0.004	-2.221069e-01	4.099692e-01	5.881317e-01	5.875475e-01	5.877332e-01
0	nP1163	50	0	800	2	1	0.029	-4.485950e-02	1.504341e-01	7.656279e-01	7.652717e-01	7.653557e-01
0	nP1182	50	0	800	2	1	0.016	3.645355e-01	2.029176e-01	7.279778e-02	7.235056e-02	7.301698e-02
0	nP1220	50	0	800	2	1	0.039	1.878921e-01	1.289672e-01	1.455378e-01	1.449083e-01	1.455686e-01
0	nP1235	50	0	800	2	1	0.007	-3.848745e-01	3.034904e-01	2.051105e-01	2.044020e-01	2.049997e-01
0	nP1251	50	0	800	2	1	0.009	1.195710e-01	2.607830e-01	6.467127e-01	6.461972e-01	6.463439e-01
0	nP1278	50	0	800	2	1	0.029	-1.054329e-01	1.471056e-01	4.737592e-01	4.730670e-01	4.733481e-01
0	nP1282	50	0	800	2	1	0.006	4.560276e-01	3.180128e-01	1.519664e-01	1.513260e-01	1.519808e-01
0	nP1296	50	0	800	2	1	0.012	6.295561e-02	2.323243e-01	7.864753e-01	7.861490e-01	7.862239e-01
0	nP1321	50	0	800	2	1	0.040	-1.636878e-01	1.260542e-01	1.944733e-01	1.937755e-01	1.943859e-01
0	nP762	56	0	800	2	1	0.008	1.939818e-01	2.797223e-01	4.882102e-01	4.875293e-01	4.877968e-01
0	nP51	60	0	800	2	1	0.005	-1.933182e-01	3.554912e-01	5.867270e-01	5.861412e-01	5.863280e-01
0	nP142	60	0	800	2	1	0.004	-7.520391e-02	3.798575e-01	8.431117e-01	8.428692e-01	8.429216e-01
0	nP181	60	0	800	2	1	0.009	-2.431769e-01	2.606753e-01	3.511677e-01	3.504139e-01	3.508275e-01
0	nP352	60	0	800	2	1	0.064	9.797696e-04	1.022652e-01	9.923582e-01	9.923463e-01	9.923487e-01
0	nP477	60	0	800	2	1	0.008	-3.136487e-01	2.795862e-01	2.622713e-01	2.615248e-01	2.620503e-01
0	nP607	60	0	800	2	1	0.024	-3.460361e-01	1.638256e-01	3.497748e-02	3.469323e-02	3.525724e-02
0	nP670	60	0	800	2	1	0.008	-2.435261e-01	2.796737e-01	3.841522e-01	3.834080e-01	3.837830e-01
0	nP885	60	0	800	2	1	0.024	-2.861712e-02	1.560804e-01	8.545711e-01	8.543459e-01	8.543941e-01
0	nP909	60	0	800	2	1	0.039	1.170386e-01	1.322452e-01	3.764169e-01	3.756699e-01	3.760538e-01
0	nP1006	60	0	800	2	1	0.006	6.961105e-01	3.174673e-01	2.861704e-02	2.836871e-02	2.889599e-02
0	nP1048	60	0	800	2	1	0.037	-2.034923e-02	1.343134e-01	8.796151e-01	8.794281e-01	8.794673e-01
0	nP1178	60	0	800	2	1	0.019	3.166707e-01	1.858757e-01	8.883220e-02	8.833347e-02	8.901191e-02
0	nP1216	60	0	800	2	1	0.077	2.702916e-02	9.055447e-02	7.654107e-01	7.650541e-01	7.651383e-01
0	nP851	62	0	800	2	1	0.026	-9.178338e-02	1.511678e-01	5.439160e-01	5.432854e-01	5.435049e-01
0	cP32	67	0	800	2	1	0.188	2.334367e-01	6.495949e-02	3.461791e-04	3.388351e-04	3.793144e-04
0	cP40	67	0	800	2	1	0.004	3.430345e-01	3.796726e-01	3.665328e-01	3.657828e-01	3.661782e-01
0	cP45	67	0	800	2	1	0.052	1.914409e-01	1.113966e-01	8.608385e-02	8.559339e-02	8.627057e-02
0	cP53	67	0	800	2	1	0.006	5.979068e-01	3.177180e-01	6.021621e-02	5.981566e-02	6.046284e-02
0	nP5	67	0	800	2	1	0.004	-1.091286e-01	4.100264e-01	7.901922e-01	7.898713e-01	7.899447e-01
0	nP17	67	0	800	2	1	0.007	-6.638442e-02	2.791426e-01	8.120853e-01	8.117965e-01	8.118609e-01
0	nP46	67	0	800	2	1	0.006	3.740940e-02	3.184195e-01	9.065056e-01	9.063598e-01	9.063898e-01
0	nP66	67	0	800	2	1	0.052	2.063598e-01	1.081721e-01	5.678874e-02	5.640203e-02	5.704198e-02
0	nP95	67	0	800	2	1	0.027	-6.979760e-02	1.568487e-01	6.564407e-01	6.559373e-01	6.560781e-01
0	nP135	67	0	800	2	1	0.009	-3.705387e-01	2.604873e-01	1.552769e-01	1.546310e-01	1.552829e-01
0	nP149	67	0	800	2	1	0.006	1.191805e-01	3.354078e-01	7.224360e-01	7.220194e-01	7.221239e-01
0	nP257	67	0	800	2	1	0.033	-3.213525e-01	1.363435e-01	1.866724e-02	1.848319e-02	1.892936e-02
0	nP339	67	0	800	2	1	0.136	-4.856183e-02	7.323224e-02	5.074446e-01	5.067800e-01	5.070302e-01
0	nP346	67	0	800	2	1	0.018	1.603230e-01	1.891888e-01	3.970134e-01	3.962745e-01	3.966350e-01
0	nP357	67	0	800	2	1	0.008	-3.572849e-01	2.795206e-01	2.015484e-01	2.008433e-01	2.014453e-01
0	nP396	67	0	800	2	1	0.006	-3.102534e-01	3.352544e-01	3.550238e-01	3.542708e-01	3.546799e-01
0	nP460	67	0	800	2	1	0.044	-2.713505e-01	1.203423e-01	2.441482e-02	2.419226e-02	2.468954e-02
0	nP495	67	0	800	2	1	0.019	-2.463907e-01	1.860090e-01	1.856774e-01	1.849896e-01	1.856100e-01
0	nP524	67	0	800	2	1	0.006	-3.200445e-01	3.352429e-01	3.400365e-01	3.392807e-01	3.397078e-01
0	nP561	67	0	800	2	1	0.025	3.691696e-01	1.538459e-01	1.664104e-02	1.647165e-02	1.689617e-02
0	nP612	67	0	800	2	1	0.005	2.798137e-01	3.554191e-01	4.313527e-01	4.306316e-01	4.309551e-01
0	nP632	67	0	800	2	1	0.036	2.209802e-02	1.339575e-01	8.690149e-01	8.688116e-01	8.688546e-01
0	nP693	67	0	800	2	1	0.007	2.418799e-01	3.036753e-01	4.259737e-01	4.252495e-01	4.255786e-01
0	nP736	67	0	800	2	1	0.007	-3.496811e-01	2.907837e-01	2.295084e-01	2.287798e-01	2.293472e-01
0	nP763	67	0	800	2	1	0.004	2.843480e-01	4.099210e-01	4.880940e-01	4.874130e-01	4.876807e-01
0	nP770	67	0	800	2	1	0.096	2.861422e-04	8.328294e-02	9.972595e-01	9.972552e-01	9.972561e-01
0	nP785	67	0	800	2	1	0.028	8.494029e-02	1.500228e-01	5.714289e-01	5.708265e-01	5.710246e-01
0	nP835	67	0	800	2	1	0.006	2.458946e-01	3.353213e-01	4.635846e-01	4.628848e-01	4.631757e-01
0	nP919	67	0	800	2	1	0.012	-1.978098e-01	2.322294e-01	3.945883e-01	3.938483e-01	3.942115e-01
0	nP974	67	0	800	2	1	0.028	2.053635e-01	1.550075e-01	1.855961e-01	1.849083e-01	1.855289e-01
0	nP980	67	0	800	2	1	0.009	-4.063600e-03	2.608173e-01	9.875732e-01	9.875537e-01	9.875576e-01
0	nP996	67	0	800	2	1	0.026	-7.474805e-02	1.604150e-01	6.413666e-01	6.408445e-01	6.409945e-01
0	nP1023	67	0	800	2	1	0.010	-1.316225e-01	2.526534e-01	6.025385e-01	6.019704e-01	6.021460e-01
0	nP1058	67	0	800	2	1	0.022	5.114747e-02	1.680056e-01	7.608728e-01	7.605098e-01	7.605960e-01
0	nP1064	67	0	800	2	1	0.006	4.190737e-01	2.899931e-01	1.488178e-01	1.481826e-01	1.488402e-01
0	nP1101	67	0	800	2	1	0.014	3.939596e-01	2.112507e-01	6.256355e-02	6.215382e-02	6.280540e-02
0	nP1134	67	0	800	2	1	0.010	-2.951403e-02	2.526942e-01	9.070500e-01	9.069051e-01	9.069349e-01
0	nP1146	67	0	800	2	1	0.015	-9.696957e-02	2.073581e-01	6.401675e-01	6.396440e-01	6.397947e-01
0	nP1156	67	0	800	2	1	0.048	-6.467901e-02	1.182410e-01	5.845248e-01	5.839366e-01	5.841250e-01
0	nP1200	67	0	800	2	1	0.005	-3.712439e-01	3.553141e-01	2.964167e-01	2.956609e-01	2.961425e-01
0	nP1205	67	0	800	2	1	0.022	-3.815937e-02	1.729573e-01	8.254379e-01	8.251689e-01	8.252280e-01
0	nP1248	67	0	800	2	1	0.009	-1.954004e-02	2.697989e-01	9.422823e-01	9.421920e-01	9.422103e-01
0	nP1255	67	0	800	2	1	0.006	2.646791e-01	3.182844e-01	4.058946e-01	4.051597e-01	4.055104e-01
0	cP18	71	0	800	2	1	0.028	4.081206e-01	1.508852e-01	6.979338e-03	6.891280e-03	7.167726e-03
0	nP175	71	0	800	2	1	0.032	-2.104356e-01	1.388987e-01	1.301610e-01	1.295605e-01	1.302318e-01
0	nP306	71	0	800	2	1	0.004	4.259449e-01	4.097672e-01	2.988963e-01	2.981402e-01	2.986187e-01
0	nP427	71	0	800	2	1	0.015	4.172903e-01	2.068597e-01	4.400251e-02	4.367248e-02	4.427545e-02
0	nP710	71	0	800	2	1	0.033	-1.307290e-02	1.368164e-01	9.239015e-01	9.237827e-01	9.238069e-01
0	nP870	71	0	800	2	1	0.016	-4.565838e-01	1.913388e-01	1.725297e-02	1.707909e-02	1.751038e-02
0	cP6	75	0	800	2	1	0.011	1.150173e-01	2.452741e-01	6.392451e-01	6.387204e-01	6.388717e-01
0	cP11	75	0	800	2	1	0.006	6.485127e-01	3.175936e-01	4.148403e-02	4.116623e-02	4.175962e-02
0	cP24	75	0	800	2	1	0.231	5.472146e-01	5.625227e-02	3.270525e-21	2.839451e-21	2.834225e-19
0	nP60	75	0	800	2	1	0.006	2.177482e-01	3.183289e-01	4.941515e-01	4.934755e-01	4.937377e-01
0	nP85	75	0	800	2	1	0.034	-9.900190e-02	1.397723e-01	4.789604e-01	4.782722e-01	4.785484e-01
0	nP131	75	0	800	2	1	0.020	-1.368988e-01	1.804699e-01	4.483346e-01	4.476242e-01	4.479303e-01
0	nP162	75	0	800	2	1	0.004	-2.947227e-01	4.099118e-01	4.723572e-01	4.716639e-01	4.719464e-01
0	nP245	75	0	800	2	1	0.013	1.772581e-01	2.265104e-01	4.341172e-01	4.333978e-01	4.337184e-01
0	nP274	75	0	800	2	1	0.016	-3.755644e-02	1.954141e-01	8.476431e-01	8.474074e-01	8.474581e-01
0	nP281	75	0	800	2	1	0.022	6.180869e-02	1.729488e-01	7.209007e-01	7.204819e-01	7.205873e-01
0	nP370	75	0	800	2	1	0.004	2.419707e-01	3.797702e-01	5.242098e-01	5.235603e-01	5.237960e-01
0	nP530	75	0	800	2	1	0.010	6.754512e-02	2.379627e-01	7.766009e-01	7.762603e-01	7.763395e-01
0	nP591	75	0	800	2	1	0.022	-1.056763e-01	1.679737e-01	5.294481e-01	5.288035e-01	5.290349e-01
0	nP596	75	0	800	2	1	0.019	-1.088477e-01	1.720730e-01	5.271977e-01	5.265510e-01	5.267842e-01
0	nP656	75	0	800	2	1	0.072	-4.882612e-02	9.518766e-02	6.081311e-01	6.075694e-01	6.077412e-01
0	nP688	75	0	800	2	1	0.037	-6.732785e-02	1.342941e-01	6.162658e-01	6.157136e-01	6.158798e-01
0	nP852	75	0	800	2	1	0.005	-5.437381e-01	3.550357e-01	1.260416e-01	1.254495e-01	1.261232e-01
0	nP933	75	0	800	2	1	0.004	6.156902e-01	4.094649e-01	1.330683e-01	1.324619e-01	1.331314e-01
0	nP954	75	0	800	2	1	0.022	1.098575e-01	1.679704e-01	5.132814e-01	5.126220e-01	5.128671e-01
0	nP985	75	0	800	2	1	0.007	-2.411681e-01	2.909218e-01	4.073641e-01	4.066300e-01	4.069791e-01
0	nP1028	75	0	800	2	1	0.061	-2.113978e-01	1.052124e-01	4.484716e-02	4.451311e-02	4.511911e-02
0	nP1033	75	0	800	2	1	0.017	-1.950552e-01	1.957832e-01	3.194153e-01	3.186581e-01	3.191106e-01
0	nP1077	75	0	800	2	1	0.004	-3.487645e-02	3.798648e-01	9.268698e-01	9.267556e-01	9.267789e-01
0	nP1084	75	0	800	2	1	0.004	4.090122e-01	3.795908e-01	2.815789e-01	2.808260e-01	2.813266e-01
0	nP1114	75	0	800	2	1	0.011	1.832731e-01	2.452221e-01	4.550569e-01	4.543510e-01	4.546503e-01
0	nP1119	75	0	800	2	1	0.010	7.652033e-02	2.526818e-01	7.620962e-01	7.617349e-01	7.618206e-01
0	nP1164	75	0	800	2	1	0.021	1.104105e-01	1.778515e-01	5.349073e-01	5.342679e-01	5.344947e-01
0	nP1283	75	0	800	2	1	0.011	6.695056e-02	2.385371e-01	7.790351e-01	7.786981e-01	7.787762e-01
0	nP52	80	0	800	2	1	0.011	-2.098791e-02	2.385477e-01	9.299130e-01	9.298035e-01	9.298258e-01
0	nP119	80	0	800	2	1	0.083	-7.318970e-02	8.950111e-02	4.137430e-01	4.130121e-01	4.133542e-01
0	nP143	80	0	800	2	1	0.034	-1.689794e-01	1.408833e-01	2.307175e-01	2.299881e-01	2.305540e-01
0	nP416	80	0	800	2	1	0.034	1.270678e-01	1.356480e-01	3.491727e-01	3.484185e-01	3.488345e-01
0	nP608	80	0	800	2	1	0.004	-8.132218e-02	4.100345e-01	8.428373e-01	8.425944e-01	8.426469e-01
0	nP718	80	0	800	2	1	0.008	3.802078e-01	2.794827e-01	1.740880e-01	1.734147e-01	1.740479e-01
0	nP877	80	0	800	2	1	0.004	1.868366e-01	4.099912e-01	6.487234e-01	6.482104e-01	6.483558e-01
0	nP910	80	0	800	2	1	0.068	1.963103e-01	9.974651e-02	4.940333e-02	4.904831e-02	4.966907e-02
0	nP1007	80	0	800	2	1	0.032	-1.387314e-01	1.417818e-01	3.281310e-01	3.273741e-01	3.278158e-01
0	nP1049	80	0	800	2	1	0.030	1.859468e-02	1.489646e-01	9.006926e-01	9.005379e-01	9.005699e-01
0	nP1179	80	0	800	2	1	0.023	-1.921288e-01	1.683060e-01	2.539857e-01	2.532429e-01	2.537790e-01
0	nP1228	80	0	800	2	1	0.021	2.290306e-02	1.753713e-01	8.961266e-01	8.959648e-01	8.959984e-01
0	cP33	83	0	800	2	1	0.281	6.816009e-01	4.980890e-02	1.911323e-38	1.467704e-38	4.209885e-32
0	cP54	83	0	800	2	1	0.004	-1.217988e+00	3.774119e-01	1.301047e-03	1.278406e-03	1.378689e-03
0	nP96	83	0	800	2	1	0.007	1.103943e-01	3.037709e-01	7.163927e-01	7.159678e-01	7.160754e-01
0	nP377	83	0	800	2	1	0.008	9.774909e-01	2.776587e-01	4.551963e-04	4.458993e-04	4.950132e-04
0	nP506	83	0	800	2	1	0.014	1.836216e-01	2.162319e-01	3.960311e-01	3.952918e-01	3.956534e-01
0	nP515	83	0	800	2	1	0.004	3.807787e-01	4.098230e-01	3.531029e-01	3.523494e-01	3.527608e-01
0	nP633	83	0	800	2	1	0.004	-1.513972e-01	4.100095e-01	7.120373e-01	7.116065e-01	7.117163e-01
0	nP829	83	0	800	2	1	0.016	5.925186e-02	1.994967e-01	7.665387e-01	7.661837e-01	7.662674e-01
0	nP1130	83	0	800	2	1	0.005	-3.222598e-01	3.553740e-01	3.647765e-01	3.640259e-01	3.644234e-01
0	nP307	86	0	800	2	1	0.022	1.286878e-01	1.705942e-01	4.508613e-01	4.501526e-01	4.504561e-01
0	nP428	86	0	800	2	1	0.031	1.272149e-01	1.375353e-01	3.552653e-01	3.545124e-01	3.549211e-01
0	nP472	86	0	800	2	1	0.008	2.990979e-01	2.796062e-01	2.850726e-01	2.843190e-01	2.848151e-01
0	nP1173	86	0	800	2	1	0.006	-1.160039e+00	3.157632e-01	2.549611e-04	2.493269e-04	2.818437e-04
0	nP765	89	0	800	2	1	0.020	2.496198e-01	1.803186e-01	1.666454e-01	1.659824e-01	1.666233e-01
0	cP12	100	0	800	2	1	0.389	4.593597e-01	4.755494e-02	5.950830e-21	5.176040e-21	4.608531e-19
0	cP34	100	0	800	2	1	0.014	3.960134e-01	2.158748e-01	6.695809e-02	6.653177e-02	6.719054e-02
0	cP37	100	0	800	2	1	0.006	-1.628184e-01	3.353848e-01	6.274781e-01	6.269392e-01	6.270980e-01
0	cP48	100	0	800	2	1	0.021	3.462298e-01	1.650458e-01	3.623851e-02	3.594752e-02	3.651780e-02
0	cP55	100	0	800	2	1	0.007	2.953520e-01	2.908592e-01	3.102007e-01	3.094436e-01	3.099077e-01
0	cP65	100	0	800	2	1	0.009	2.873905e-01	2.606189e-01	2.704798e-01	2.697302e-01	2.702451e-01
0	cP69	100	0	800	2	1	0.004	1.308594e+00	4.074195e-01	1.371432e-03	1.347773e-03	1.451574e-03
0	cP80	100	0	800	2	1	0.013	7.024828e-01	2.252286e-01	1.880011e-03	1.849277e-03	1.976483e-03
0	cP84	100	0	800	2	1	0.010	1.230787e+00	2.489119e-01	9.301010e-07	8.943846e-07	1.302015e-06
0	nP14	100	0	800	2	1	0.004	-6.838658e-01	4.093293e-01	9.517340e-02	9.465640e-02	9.533672e-02
0	nP33	100	0	800	2	1	0.028	-2.150124e-01	1.549911e-01	1.657509e-01	1.650891e-01	1.657309e-01
0	nP42	100	0	800	2	1	0.009	-2.917446e-01	2.606128e-01	2.632825e-01	2.625356e-01	2.630597e-01
0	nP56	100	0	800	2	1	0.004	-4.714299e-01	3.795000e-01	2.145132e-01	2.137962e-01	2.143824e-01
0	nP63	100	0	800	2	1	0.021	-2.087541e-01	1.777409e-01	2.405509e-01	2.398152e-01	2.403686e-01
0	nP67	100	0	800	2	1	0.013	-2.342431e-02	2.111896e-01	9.117108e-01	9.115731e-01	9.116014e-01
0	nP90	100	0	800	2	1	0.012	-1.337044e-01	2.322868e-01	5.650475e-01	5.644384e-01	5.646413e-01
0	nP107	100	0	800	2	1	0.004	-4.714543e-01	3.795000e-01	2.144894e-01	2.137724e-01	2.143587e-01
0	nP120	100	0	800	2	1	0.004	1.559572e-01	4.100074e-01	7.037672e-01	7.033253e-01	7.034394e-01
0	nP124	100	0	800	2	1	0.020	-8.835842e-02	1.749024e-01	6.135671e-01	6.130117e-01	6.131798e-01
0	nP127	100	0	800	2	1	0.006	-2.102121e-01	3.353517e-01	5.309429e-01	5.302997e-01	5.305298e-01
0	nP132	100	0	800	2	1	0.012	-2.930156e-01	2.321033e-01	2.071608e-01	2.064503e-01	2.070455e-01
0	nP150	100	0	800	2	1	0.024	-3.398001e-01	1.658857e-01	4.084757e-02	4.053293e-02	4.112375e-02
0	nP158	100	0	800	2	1	0.006	-8.238999e-01	3.341639e-01	1.388946e-02	1.374108e-02	1.413221e-02
0	nP169	100	0	800	2	1	0.006	-1.866140e-01	3.353692e-01	5.780638e-01	5.774685e-01	5.776616e-01
0	nP177	100	0	800	2	1	0.006	-3.451329e-01	3.181878e-01	2.783895e-01	2.776376e-01	2.781423e-01
0	nP186	100	0	800	2	1	0.016	1.774234e-01	1.994089e-01	3.738700e-01	3.731222e-01	3.735090e-01
0	nP191	100	0	800	2	1	0.056	-2.594329e-01	1.044342e-01	1.318932e-02	1.304651e-02	1.342828e-02
0	nP201	100	0	800	2	1	0.005	3.650996e-03	3.555571e-01	9.918097e-01	9.917969e-01	9.917995e-01
0	nP203	100	0	800	2	1	0.006	-3.220495e-01	3.182181e-01	3.118256e-01	3.110685e-01	3.115305e-01
0	nP210	100	0	800	2	1	0.016	3.511023e-01	2.029473e-01	8.401382e-02	8.352973e-02	8.420576e-02
0	nP213	100	0	800	2	1	0.016	-4.968165e-02	2.033199e-01	8.070209e-01	8.067247e-01	8.067911e-01
0	nP216	100	0	800	2	1	0.004	5.620570e-02	3.798616e-01	8.824088e-01	8.822260e-01	8.822643e-01
0	nP225	100	0	800	2	1	0.013	-3.687070e-01	2.262210e-01	1.035272e-01	1.029878e-01	1.036686e-01
0	nP229	100	0	800	2	1	0.042	8.436526e-02	1.256444e-01	5.021216e-01	5.014523e-01	5.017073e-01
0	nP240	100	0	800	2	1	0.009	-2.898279e-01	2.606155e-01	2.664343e-01	2.656861e-01	2.662062e-01
0	nP248	100	0	800	2	1	0.011	8.345335e-02	2.452901e-01	7.337781e-01	7.333771e-01	7.334760e-01
0	nP260	100	0	800	2	1	0.004	-2.640232e-01	3.797518e-01	4.870998e-01	4.864179e-01	4.866866e-01
0	nP263	100	0	800	2	1	0.041	-1.972470e-01	1.243436e-01	1.130659e-01	1.125029e-01	1.131820e-01
0	nP268	100	0	800	2	1	0.141	-1.460787e-01	7.237898e-02	4.389969e-02	4.357015e-02	4.417275e-02
0	nP282	100	0	800	2	1	0.004	3.709335e-02	4.100425e-01	9.279426e-01	9.278301e-01	9.278530e-01
0	nP292	100	0	800	2	1	0.031	-9.983800e-02	1.461081e-01	4.946055e-01	4.939299e-01	4.941916e-01
0	nP295	100	0	800	2	1	0.117	6.855850e-02	7.732586e-02	3.755517e-01	3.748045e-01	3.751894e-01
0	nP299	100	0	800	2	1	0.006	4.807714e-01	3.179671e-01	1.309256e-01	1.303236e-01	1.309944e-01
0	nP317	100	0	800	2	1	0.023	1.364343e-01	1.683741e-01	4.180066e-01	4.172780e-01	4.176155e-01
0	nP320	100	0	800	2	1	0.016	7.019997e-02	2.033123e-01	7.299737e-01	7.295674e-01	7.296682e-01
0	nP329	100	0	800	2	1	0.035	-3.106402e-01	1.356222e-01	2.225336e-02	2.204480e-02	2.252442e-02
0	nP331	100	0	800	2	1	0.006	-1.619207e-01	3.183706e-01	6.111789e-01	6.106208e-01	6.107904e-01
0	nP334	100	0	800	2	1	0.041	-4.009875e-02	1.245314e-01	7.475392e-01	7.471573e-01	7.472497e-01
0	nP340	100	0	800	2	1	0.028	2.819187e-01	1.532209e-01	6.614689e-02	6.572357e-02	6.638112e-02
0	nP347	100	0	800	2	1	0.051	1.184299e-01	1.165647e-01	3.099366e-01	3.091796e-01	3.096440e-01
0	nP362	100	0	800	2	1	0.005	-4.860519e-02	3.555529e-01	8.913000e-01	8.911308e-01	8.911659e-01
0	nP380	100	0	800	2	1	0.007	-2.661860e-01	2.908945e-01	3.604363e-01	3.596846e-01	3.600872e-01
0	nP387	100	0	800	2	1	0.014	-2.184486e-02	2.117091e-01	9.178434e-01	9.177152e-01	9.177414e-01
0	nP406	100	0	800	2	1	0.026	2.411250e-01	1.602096e-01	1.327044e-01	1.320988e-01	1.327685e-01
0	nP437	100	0	800	2	1	0.008	5.155175e-02	2.798006e-01	8.538684e-01	8.536421e-01	8.536905e-01
0	nP443	100	0	800	2	1	0.011	-4.112736e-01	2.381042e-01	8.450355e-02	8.401794e-02	8.469425e-02
0	nP446	100	0	800	2	1	0.013	-3.749615e-01	2.208797e-01	8.997649e-02	8.947438e-02	9.015327e-02
0	nP465	100	0	800	2	1	0.009	5.467597e-03	2.697997e-01	9.838367e-01	9.838114e-01	9.838165e-01
0	nP473	100	0	800	2	1	0.011	2.908616e-01	2.450918e-01	2.356811e-01	2.349484e-01	2.355080e-01
0	nP479	100	0	800	2	1	0.012	-2.511629e-01	2.321648e-01	2.796548e-01	2.789025e-01	2.794056e-01
0	nP492	100	0	800	2	1	0.007	-1.814076e-01	2.909762e-01	5.331704e-01	5.325294e-01	5.327576e-01
0	nP500	100	0	800	2	1	0.006	4.368681e-01	3.180465e-01	1.699522e-01	1.692845e-01	1.699220e-01
0	nP509	100	0	800	2	1	0.005	3.205622e-01	3.553760e-01	3.673096e-01	3.665597e-01	3.669542e-01
0	nP516	100	0	800	2	1	0.008	6.612364e-02	2.797968e-01	8.132393e-01	8.129522e-01	8.130161e-01
0	nP519	100	0	800	2	1	0.027	-3.825276e-01	1.525495e-01	1.235424e-02	1.221821e-02	1.258829e-02
0	nP526	100	0	800	2	1	0.006	-4.940558e-02	3.184174e-01	8.767346e-01	8.765431e-01	8.765833e-01
0	nP535	100	0	800	2	1	0.011	-1.992572e-01	2.452065e-01	4.166841e-01	4.159548e-01	4.162937e-01
0	nP550	100	0	800	2	1	0.008	2.226270e-01	2.796956e-01	4.262909e-01	4.255668e-01	4.258956e-01
0	nP582	100	0	800	2	1	0.004	5.179571e-02	3.798624e-01	8.915759e-01	8.914072e-01	8.914422e-01
0	nP597	100	0	800	2	1	0.011	-3.242360e-02	2.385461e-01	8.919174e-01	8.917492e-01	8.917841e-01
0	nP609	100	0	800	2	1	0.008	2.356387e-01	2.796822e-01	3.997477e-01	3.990100e-01	3.993675e-01
0	nP620	100	0	800	2	1	0.007	1.348527e-01	2.691223e-01	6.164505e-01	6.158985e-01	6.160646e-01
0	nP622	100	0	800	2	1	0.190	-6.792681e-03	6.479522e-02	9.165346e-01	9.164044e-01	9.164310e-01
0	nP634	100	0	800	2	1	0.010	8.404047e-02	2.526788e-01	7.395251e-01	7.391320e-01	7.392282e-01
0	nP636	100	0	800	2	1	0.004	9.399775e-02	3.798522e-01	8.046169e-01	8.043171e-01	8.043845e-01
0	nP639	100	0	800	2	1	0.013	-2.146573e-02	2.265960e-01	9.245521e-01	9.244342e-01	9.244583e-01
0	nP652	100	0	800	2	1	0.009	-2.606936e-02	2.697982e-01	9.230481e-01	9.229280e-01	9.229525e-01
0	nP660	100	0	800	2	1	0.006	2.239151e-01	3.353406e-01	5.045027e-01	5.038355e-01	5.040883e-01
0	nP666	100	0	800	2	1	0.012	-2.567025e-02	2.323332e-01	9.120494e-01	9.119122e-01	9.119404e-01
0	nP683	100	0	800	2	1	0.051	-8.384894e-02	1.141427e-01	4.628004e-01	4.621000e-01	4.623917e-01
0	nP689	100	0	800	2	1	0.060	-3.635290e-02	1.063696e-01	7.326213e-01	7.322187e-01	7.323182e-01
0	nP700	100	0	800	2	1	0.007	3.155119e-01	3.035907e-01	2.989951e-01	2.982390e-01	2.987173e-01
0	nP704	100	0	800	2	1	0.022	1.687661e-01	1.705504e-01	3.227000e-01	3.219428e-01	3.223912e-01
0	nP712	100	0	800	2	1	0.046	6.018763e-02	1.220862e-01	6.221533e-01	6.216080e-01	6.217704e-01
0	nP719	100	0	800	2	1	0.014	2.762433e-01	2.114846e-01	1.918576e-01	1.911627e-01	1.917761e-01
0	nP724	100	0	800	2	1	0.015	-3.395273e-02	2.073830e-01	8.699931e-01	8.697913e-01	8.698339e-01
0	nP727	100	0	800	2	1	0.005	-3.844908e-01	3.552965e-01	2.795044e-01	2.787521e-01	2.792554e-01
0	nP733	100	0	800	2	1	0.021	-3.335296e-01	1.775022e-01	6.060642e-02	6.020433e-02	6.085227e-02
0	nP742	100	0	800	2	1	0.004	-1.093597e-01	3.798471e-01	7.734945e-01	7.731495e-01	7.732301e-01
0	nP766	100	0	800	2	1	0.010	-3.241767e-01	2.524356e-01	1.994463e-01	1.987433e-01	1.993478e-01
0	nP774	100	0	800	2	1	0.011	1.471725e-01	2.452526e-01	5.486197e-01	5.479937e-01	5.482094e-01
0	nP776	100	0	800	2	1	0.023	1.307554e-01	1.683797e-01	4.376539e-01	4.369366e-01	4.372535e-01
0	nP791	100	0	800	2	1	0.027	1.225278e-01	1.530879e-01	4.237318e-01	4.230063e-01	4.233377e-01
0	nP795	100	0	800	2	1	0.017	6.409622e-01	1.945865e-01	1.031364e-03	1.012728e-03	1.098727e-03
0	nP797	100	0	800	2	1	0.011	-5.596701e-01	2.445066e-01	2.234108e-02	2.213194e-02	2.261230e-02
0	nP802	100	0	800	2	1	0.011	-1.175624e-01	2.452726e-01	6.318472e-01	6.313135e-01	6.314695e-01
0	nP805	100	0	800	2	1	0.005	-2.608995e-01	3.554371e-01	4.631495e-01	4.624493e-01	4.627407e-01
0	nP807	100	0	800	2	1	0.058	-1.201001e-01	1.052790e-01	2.543044e-01	2.535614e-01	2.540971e-01
0	nP811	100	0	800	2	1	0.044	-3.799871e-03	1.214554e-01	9.750492e-01	9.750101e-01	9.750179e-01
0	nP816	100	0	800	2	1	0.085	-4.337854e-02	8.881994e-02	6.254096e-01	6.248682e-01	6.250284e-01
0	nP830	100	0	800	2	1	0.004	-2.374133e-01	4.099584e-01	5.626746e-01	5.620630e-01	5.622677e-01
0	nP836	100	0	800	2	1	0.021	6.778391e-02	1.753567e-01	6.991934e-01	6.987454e-01	6.988620e-01
0	nP840	100	0	800	2	1	0.014	1.123264e-01	2.162930e-01	6.036779e-01	6.031111e-01	6.032859e-01
0	nP854	100	0	800	2	1	0.022	-5.931967e-02	1.706421e-01	7.282125e-01	7.278038e-01	7.279055e-01
0	nP857	100	0	800	2	1	0.038	8.417362e-02	1.287720e-01	5.135167e-01	5.128575e-01	5.131024e-01
0	nP859	100	0	800	2	1	0.043	-5.869415e-02	1.204008e-01	6.260453e-01	6.255046e-01	6.256644e-01
0	nP861	100	0	800	2	1	0.010	9.872300e-02	2.526722e-01	6.961116e-01	6.956595e-01	6.957777e-01
0	nP878	100	0	800	2	1	0.012	-4.394502e-01	2.318136e-01	5.836012e-02	5.796700e-02	5.861038e-02
0	nP889	100	0	800	2	1	0.004	4.545947e-01	3.795258e-01	2.313518e-01	2.306220e-01	2.311871e-01
0	nP894	100	0	800	2	1	0.007	-4.173653e-01	2.906718e-01	1.514328e-01	1.507932e-01	1.514485e-01
0	nP914	100	0	800	2	1	0.008	5.503092e-01	2.791276e-01	4.900803e-02	4.865479e-02	4.927437e-02
0	nP921	100	0	800	2	1	0.016	2.264198e-02	2.033259e-01	9.113604e-01	9.112222e-01	9.112505e-01
0	nP924	100	0	800	2	1	0.061	-1.537275e-01	1.065313e-01	1.494051e-01	1.487689e-01	1.494260e-01
0	nP929	100	0	800	2	1	0.036	-1.487739e-01	1.315161e-01	2.583014e-01	2.575566e-01	2.580872e-01
0	nP943	100	0	800	2	1	0.004	2.792007e-01	3.797382e-01	4.624062e-01	4.617055e-01	4.619976e-01
0	nP949	100	0	800	2	1	0.004	-9.156089e-02	4.100318e-01	8.233577e-01	8.230856e-01	8.231455e-01
0	nP955	100	0	800	2	1	0.005	-1.161909e-01	3.555333e-01	7.438992e-01	7.435123e-01	7.436064e-01
0	nP960	100	0	800	2	1	0.024	8.748385e-02	1.642537e-01	5.944489e-01	5.938717e-01	5.940530e-01
0	nP975	100	0	800	2	1	0.005	1.542939e-01	3.555151e-01	6.644050e-01	6.639117e-01	6.640478e-01
0	nP977	100	0	800	2	1	0.006	1.761856e-01	3.353763e-01	5.994948e-01	5.989232e-01	5.991009e-01
0	nP981	100	0	800	2	1	0.004	1.597362e-02	4.100442e-01	9.689353e-01	9.688867e-01	9.688965e-01
0	nP986	100	0	800	2	1	0.012	-1.048680e-01	2.323053e-01	6.518074e-01	6.512982e-01	6.514418e-01
0	nP989	100	0	800	2	1	0.018	2.966582e-01	1.922127e-01	1.231338e-01	1.225480e-01	1.232231e-01
0	nP1013	100	0	800	2	1	0.028	1.897737e-01	1.499025e-01	2.058893e-01	2.051800e-01	2.057768e-01
0	nP1020	100	0	800	2	1	0.010	-1.564227e-01	2.526356e-01	5.359856e-01	5.353473e-01	5.355732e-01
0	nP1029	100	0	800	2	1	0.006	1.061184e-01	3.354132e-01	7.517961e-01	7.514202e-01	7.515106e-01
0	nP1034	100	0	800	2	1	0.004	2.849578e-01	3.797328e-01	4.532251e-01	4.525180e-01	4.528191e-01
0	nP1037	100	0	800	2	1	0.004	2.733564e-01	4.099304e-01	5.050695e-01	5.044028e-01	5.046551e-01
0	nP1039	100	0	800	2	1	0.011	-6.389433e-02	2.260360e-01	7.775006e-01	7.771613e-01	7.772402e-01
0	nP1042	100	0	800	2	1	0.016	5.477094e-02	2.033182e-01	7.877029e-01	7.873784e-01	7.874528e-01
0	nP1053	100	0	800	2	1	0.032	-2.406294e-01	1.416109e-01	8.966565e-02	8.916446e-02	8.984323e-02
0	nP1059	100	0	800	2	1	0.030	2.181227e-01	1.455657e-01	1.344124e-01	1.338034e-01	1.344720e-01
0	nP1073	100	0	800	2	1	0.006	3.856540e-01	3.351564e-01	2.502131e-01	2.494721e-01	2.500131e-01
0	nP1078	100	0	800	2	1	0.004	3.582671e-01	4.098484e-01	3.823020e-01	3.815571e-01	3.819343e-01
0	nP1080	100	0	800	2	1	0.040	-4.835123e-02	1.261757e-01	7.016694e-01	7.012246e-01	7.013399e-01
0	nP1088	100	0	800	2	1	0.011	-2.177352e-01	2.384243e-01	3.613996e-01	3.606481e-01	3.610496e-01
0	nP1095	100	0	800	2	1	0.030	-1.174329e-01	1.457111e-01	4.205235e-01	4.197962e-01	4.201311e-01
0	nP1115	100	0	800	2	1	0.011	2.128932e-01	2.384298e-01	3.721816e-01	3.714332e-01	3.718220e-01
0	nP1120	100	0	800	2	1	0.007	3.747973e-01	2.907445e-01	1.977386e-01	1.970374e-01	1.976439e-01
0	nP1135	100	0	800	2	1	0.006	-2.018132e-01	3.353582e-01	5.474888e-01	5.468618e-01	5.470784e-01
0	nP1138	100	0	800	2	1	0.004	4.465646e-01	4.097397e-01	2.760978e-01	2.753464e-01	2.758541e-01
0	nP1140	100	0	800	2	1	0.023	-1.791439e-01	1.595126e-01	2.617451e-01	2.609988e-01	2.615249e-01
0	nP1147	100	0	800	2	1	0.005	-1.113903e-02	3.555569e-01	9.750155e-01	9.749764e-01	9.749842e-01
0	nP1157	100	0	800	2	1	0.009	-3.086915e-01	2.605883e-01	2.365305e-01	2.357972e-01	2.363558e-01
0	nP1160	100	0	800	2	1	0.013	-1.308392e-01	2.212297e-01	5.544079e-01	5.537878e-01	5.539989e-01
0	nP1188	100	0	800	2	1	0.046	-5.951881e-02	1.228357e-01	6.281355e-01	6.275974e-01	6.277558e-01
0	nP1192	100	0	800	2	1	0.014	8.484932e-02	2.163087e-01	6.949706e-01	6.945169e-01	6.946358e-01
0	nP1197	100	0	800	2	1	0.110	-1.283035e-02	8.029846e-02	8.730922e-01	8.728952e-01	8.729367e-01
0	nP1201	100	0	800	2	1	0.004	-2.111003e-01	4.099765e-01	6.067597e-01	6.061965e-01	6.063692e-01
0	nP1208	100	0	800	2	1	0.004	-1.223841e-01	4.100217e-01	7.654129e-01	7.650563e-01	7.651405e-01
0	nP1212	100	0	800	2	1	0.006	2.905129e-01	3.352766e-01	3.864834e-01	3.857401e-01	3.861125e-01
0	nP1218	100	0	800	2	1	0.007	7.863806e-01	2.897127e-01	6.784019e-03	6.697881e-03	6.970114e-03
0	nP1223	100	0	800	2	1	0.022	8.897513e-02	1.658679e-01	5.918167e-01	5.912365e-01	5.914196e-01
0	nP1232	100	0	800	2	1	0.007	-6.984696e-01	3.027882e-01	2.132164e-02	2.111929e-02	2.159074e-02
0	nP1244	100	0	800	2	1	0.007	-3.112373e-01	2.908384e-01	2.848807e-01	2.841271e-01	2.846234e-01
0	nP1252	100	0	800	2	1	0.030	-2.272940e-02	1.457682e-01	8.761289e-01	8.759365e-01	8.759769e-01
0	nP1256	100	0	800	2	1	0.034	-9.225367e-02	1.371250e-01	5.012879e-01	5.006179e-01	5.008736e-01
0	nP1269	100	0	800	2	1	0.012	-4.315219e-01	2.202099e-01	5.039107e-02	5.003165e-02	5.065530e-02
0	nP1273	100	0	800	2	1	0.031	1.524412e-01	1.430275e-01	2.868287e-01	2.860746e-01	2.865685e-01
0	nP1279	100	0	800	2	1	0.004	1.496644e-01	4.100103e-01	7.151888e-01	7.147622e-01	7.148705e-01
0	nP1302	100	0	800	2	1	0.058	1.126905e-01	1.077083e-01	2.957592e-01	2.950035e-01	2.954860e-01
0	nP1312	100	0	800	2	1	0.016	3.320008e-01	1.991613e-01	9.590789e-02	9.538885e-02	9.606930e-02
0	nP1326	100	0	800	2	1	0.010	1.201618e-01	2.526605e-01	6.344994e-01	6.339689e-01	6.341233e-01
0	nP1331	100	0	800	2	1	0.004	-4.333414e-01	4.097575e-01	2.905781e-01	2.898233e-01	2.903124e-01
