chr	rs	ps	n_mis	n_obs	allele1	allele0	af	beta	se	p_wald	p_lrt	p_score
0	cP1	0	0	800	2	1	0.014	-2.465513e-01	2.161534e-01	2.543657e-01	2.536226e-01	2.541583e-01
0	cP2	0	0	800	1	2	0.236	2.610612e-01	5.709184e-02	5.580278e-06	5.395060e-06	7.134982e-06
0	cP8	0	0	800	2	1	0.031	1.103046e-01	1.443771e-01	4.450909e-01	4.443783e-01	4.446876e-01
0	cP19	0	0	800	2	1	0.030	-5.138244e-01	1.446311e-01	4.037516e-04	3.953656e-04	4.405057e-04
0	cP25	0	0	800	1	2	0.020	2.920844e-01	1.802386e-01	1.055108e-01	1.049663e-01	1.056470e-01
0	cP55	0	0	800	2	1	0.013	-2.505528e-02	2.157988e-01	9.075987e-01	9.074546e-01	9.074843e-01
0	cP72	0	0	800	2	1	0.021	-2.638474e-01	1.722720e-01	1.260237e-01	1.254317e-01	1.261054e-01
0	cP76	0	0	800	2	1	0.005	-9.150121e-01	3.540786e-01	9.936918e-03	9.821434e-03	1.015392e-02
0	cP82	0	0	800	2	1	0.011	-2.605014e-01	2.383705e-01	2.747927e-01	2.740418e-01	2.745511e-01
0	cP86	0	0	800	2	1	0.004	-1.138247e+00	3.777237e-01	2.664763e-03	2.623857e-03	2.782081e-03
0	cP96	0	0	800	2	1	0.018	-3.279215e-01	1.889176e-01	8.298680e-02	8.250592e-02	8.318131e-02
0	nP1	0	0	800	2	1	0.006	-5.112505e-02	3.354294e-01	8.788968e-01	8.787086e-01	8.787481e-01
0	nP2	0	0	800	2	1	0.027	1.542388e-01	1.567731e-01	3.254951e-01	3.247380e-01	3.251830e-01
0	nP4	0	0	800	2	1	0.034	3.836036e-02	1.410037e-01	7.856523e-01	7.853248e-01	7.854001e-01
0	nP12	0	0	800	2	1	0.007	-4.027997e-01	2.906975e-01	1.662465e-01	1.655840e-01	1.662253e-01
0	nP19	0	0	800	2	1	0.006	-1.505113e-01	3.353920e-01	6.537250e-01	6.532182e-01	6.533606e-01
0	nP41	0	0	800	2	1	0.044	-6.273809e-02	1.207047e-01	6.033713e-01	6.028042e-01	6.029792e-01
0	nP49	0	0	800	2	1	0.006	2.603345e-01	3.353076e-01	4.377399e-01	4.370227e-01	4.373396e-01
0	nP56	0	0	800	2	1	0.004	3.111990e-01	3.797070e-01	4.127022e-01	4.119708e-01	4.123140e-01
0	nP65	0	0	800	2	1	0.015	-1.585563e-01	2.073105e-01	4.446019e-01	4.438890e-01	4.441988e-01
0	nP73	0	0	800	2	1	0.038	-6.346287e-02	1.332810e-01	6.340918e-01	6.335608e-01	6.337154e-01
0	nP78	0	0	800	2	1	0.013	-1.670224e-01	2.265201e-01	4.611320e-01	4.604305e-01	4.607238e-01
0	nP83	0	0	800	2	1	0.022	1.934030e-01	1.657565e-01	2.436436e-01	2.429061e-01	2.434555e-01
0	nP85	0	0	800	2	1	0.009	-2.722441e-01	2.696276e-01	3.129432e-01	3.121860e-01	3.126466e-01
0	nP96	0	0	800	2	1	0.018	1.877704e-01	1.827239e-01	3.044409e-01	3.036842e-01	3.041556e-01
0	nP101	0	0	800	2	1	0.013	4.825931e-01	2.259523e-01	3.299802e-02	3.272459e-02	3.327813e-02
0	nP120	0	0	800	2	1	0.014	8.327054e-02	2.116900e-01	6.941582e-01	6.937034e-01	6.938227e-01
0	nP130	0	0	800	2	1	0.004	-3.117352e-01	4.098960e-01	4.471669e-01	4.464558e-01	4.467630e-01
0	nP135	0	0	800	2	1	0.004	3.284558e-02	3.798650e-01	9.311173e-01	9.310097e-01	9.310316e-01
0	nP137	0	0	800	2	1	0.011	-3.351593e-01	2.382536e-01	1.598958e-01	1.592428e-01	1.598903e-01
0	nP143	0	0	800	2	1	0.024	-5.992883e-02	1.642692e-01	7.153417e-01	7.149154e-01	7.150236e-01
0	nP147	0	0	800	2	1	0.033	-3.661280e-02	1.394431e-01	7.929541e-01	7.926372e-01	7.927094e-01
0	nP151	0	0	800	2	1	0.025	2.349894e-01	1.621097e-01	1.475713e-01	1.469382e-01	1.475969e-01
0	nP157	0	0	800	2	1	0.007	4.165004e-01	3.034380e-01	1.702610e-01	1.695928e-01	1.702301e-01
0	nP159	0	0	800	2	1	0.007	-7.620729e-04	2.910470e-01	9.979115e-01	9.979082e-01	9.979089e-01
0	nP172	0	0	800	2	1	0.012	-2.682468e-01	2.321409e-01	2.482174e-01	2.474774e-01	2.480210e-01
0	nP175	0	0	800	2	1	0.013	2.596881e-01	2.210871e-01	2.405067e-01	2.397710e-01	2.403244e-01
0	nP176	0	0	800	2	1	0.119	2.866387e-02	7.733186e-02	7.109887e-01	7.105565e-01	7.106669e-01
0	nP180	0	0	800	2	1	0.038	-6.629088e-02	1.332792e-01	6.190557e-01	6.185068e-01	6.186712e-01
0	nP186	0	0	800	2	1	0.030	-1.466821e-01	1.488756e-01	3.247919e-01	3.240348e-01	3.244806e-01
0	nP192	0	0	800	2	1	0.006	1.499240e-01	3.353923e-01	6.549885e-01	6.544833e-01	6.546250e-01
0	nP202	0	0	800	2	1	0.005	2.867423e-01	3.554122e-01	4.200289e-01	4.193014e-01	4.196368e-01
0	nP207	0	0	800	2	1	0.004	-1.094007e-01	4.100263e-01	7.896815e-01	7.893598e-01	7.894334e-01
0	nP216	0	0	800	2	1	0.039	-1.345487e-01	1.249497e-01	2.818849e-01	2.811320e-01	2.816322e-01
0	nP218	0	0	800	2	1	0.010	-5.663291e-03	2.526962e-01	9.821253e-01	9.820974e-01	9.821030e-01
0	nP224	0	0	800	2	1	0.068	-4.970228e-02	9.934409e-02	6.169987e-01	6.164474e-01	6.166131e-01
0	nP228	0	0	800	2	1	0.017	2.318111e-01	1.957330e-01	2.366377e-01	2.359043e-01	2.364627e-01
0	nP250	0	0	800	2	1	0.084	-5.464347e-02	9.073751e-02	5.472022e-01	5.465749e-01	5.467917e-01
0	nP251	0	0	800	2	1	0.017	-1.677044e-01	1.958149e-01	3.920096e-01	3.912685e-01	3.916347e-01
0	nP261	0	0	800	2	1	0.058	2.967579e-02	1.077770e-01	7.831229e-01	7.827918e-01	7.828682e-01
0	nP266	0	0	800	2	1	0.006	-1.026117e-01	3.184015e-01	7.473314e-01	7.469492e-01	7.470417e-01
0	nP273	0	0	800	2	1	0.015	-4.285076e-01	2.068310e-01	3.860704e-02	3.830372e-02	3.888499e-02
0	nP277	0	0	800	2	1	0.025	-4.861267e-02	1.623139e-01	7.646382e-01	7.642805e-01	7.643650e-01
0	nP280	0	0	800	2	1	0.055	1.478281e-01	1.063450e-01	1.648921e-01	1.642316e-01	1.648743e-01
0	nP297	0	0	800	2	1	0.034	9.733228e-02	1.346128e-01	4.698588e-01	4.691636e-01	4.694485e-01
0	nP301	0	0	800	2	1	0.019	-9.922797e-02	1.720803e-01	5.643469e-01	5.637371e-01	5.639405e-01
0	nP304	0	0	800	2	1	0.011	-2.540700e-01	2.451430e-01	3.003222e-01	2.995659e-01	3.000426e-01
0	nP310	0	0	800	2	1	0.039	6.529592e-02	1.300352e-01	6.157072e-01	6.151544e-01	6.153210e-01
0	nP313	0	0	800	2	1	0.011	1.967705e-01	2.384471e-01	4.094954e-01	4.087623e-01	4.091091e-01
0	nP323	0	0	800	2	1	0.014	-1.516579e-01	2.027546e-01	4.546879e-01	4.539818e-01	4.542815e-01
0	nP327	0	0	800	2	1	0.004	2.979007e-01	4.099089e-01	4.675932e-01	4.668963e-01	4.671833e-01
0	nP335	0	0	800	2	1	0.032	4.234718e-01	1.440294e-01	3.375015e-03	3.325478e-03	3.508096e-03
0	nP338	0	0	800	2	1	0.018	2.732471e-01	1.890266e-01	1.486965e-01	1.480615e-01	1.487192e-01
0	nP340	0	0	800	2	1	0.210	-1.016219e-02	6.218926e-02	8.702390e-01	8.700376e-01	8.700801e-01
0	nP364	0	0	800	2	1	0.007	6.383666e-02	3.037876e-01	8.336153e-01	8.333586e-01	8.334145e-01
0	nP371	0	0	800	2	1	0.034	-1.060459e-01	1.397658e-01	4.482320e-01	4.475216e-01	4.478277e-01
0	nP379	0	0	800	2	1	0.062	-2.695285e-03	1.039005e-01	9.793109e-01	9.792785e-01	9.792850e-01
0	nP386	0	0	800	2	1	0.058	-1.413618e-02	1.042145e-01	8.921361e-01	8.919682e-01	8.920031e-01
0	nP411	0	0	800	2	1	0.029	-1.227018e-01	1.503798e-01	4.147745e-01	4.140441e-01	4.143852e-01
0	nP425	0	0	800	2	1	0.004	1.313513e-01	4.100182e-01	7.487832e-01	7.484031e-01	7.484949e-01
0	nP433	0	0	800	2	1	0.055	1.508384e-01	1.088390e-01	1.661690e-01	1.655067e-01	1.661481e-01
0	nP437	0	0	800	2	1	0.032	-1.458069e-01	1.390026e-01	2.945181e-01	2.937626e-01	2.942466e-01
0	nP443	0	0	800	2	1	0.031	-1.069568e-03	1.461508e-01	9.941628e-01	9.941536e-01	9.941555e-01
0	nP447	0	0	800	2	1	0.029	-2.898092e-01	1.467949e-01	4.869821e-02	4.834636e-02	4.896500e-02
0	nP453	0	0	800	2	1	0.004	8.222930e-01	4.090100e-01	4.471990e-02	4.438645e-02	4.499200e-02
0	nP458	0	0	800	2	1	0.004	-1.832408e-01	3.798114e-01	6.296171e-01	6.290807e-01	6.292382e-01
0	nP463	0	0	800	2	1	0.005	5.180045e-01	3.550839e-01	1.450074e-01	1.443788e-01	1.450395e-01
0	nP475	0	0	800	2	1	0.014	1.989008e-01	2.162149e-01	3.578916e-01	3.571393e-01	3.575449e-01
0	nP478	0	0	800	2	1	0.048	3.255894e-03	1.189369e-01	9.781675e-01	9.781333e-01	9.781402e-01
0	nP480	0	0	800	2	1	0.006	3.889442e-01	3.181244e-01	2.218355e-01	2.211126e-01	2.216897e-01
0	nP483	0	0	800	2	1	0.006	-4.978585e-01	3.349710e-01	1.376018e-01	1.369867e-01	1.376531e-01
0	nP492	0	0	800	2	1	0.006	1.063377e+00	3.161894e-01	8.074549e-04	7.922967e-04	8.652397e-04
0	nP503	0	0	800	2	1	0.013	3.640167e-02	2.265936e-01	8.724118e-01	8.722137e-01	8.722554e-01
0	nP504	0	0	800	2	1	0.006	-4.804061e-02	3.184177e-01	8.801141e-01	8.799278e-01	8.799668e-01
0	nP511	0	0	800	2	1	0.004	2.728263e-01	3.797440e-01	4.726915e-01	4.719984e-01	4.722805e-01
0	nP518	0	0	800	2	1	0.013	-3.529944e-02	2.265938e-01	8.762436e-01	8.760513e-01	8.760917e-01
0	nP521	0	0	800	2	1	0.004	4.748588e-01	4.096999e-01	2.467863e-01	2.460471e-01	2.465925e-01
0	nP539	0	0	800	2	1	0.018	-2.559733e-02	1.892717e-01	8.924553e-01	8.922879e-01	8.923227e-01
0	nP541	0	0	800	2	1	0.004	-2.447505e-01	3.797680e-01	5.194534e-01	5.187995e-01	5.190393e-01
0	nP545	0	0	800	2	1	0.006	4.357491e-01	3.350794e-01	1.938273e-01	1.931302e-01	1.937413e-01
0	nP549	0	0	800	2	1	0.011	-3.312661e-01	2.450275e-01	1.767728e-01	1.760959e-01	1.767262e-01
0	nP551	0	0	800	2	1	0.005	5.536999e-01	3.550164e-01	1.192400e-01	1.186628e-01	1.193397e-01
0	nP556	0	0	800	2	1	0.021	-1.317137e-01	1.753111e-01	4.526854e-01	4.519779e-01	4.522796e-01
0	nP557	0	0	800	2	1	0.006	-4.740203e-01	3.179798e-01	1.364290e-01	1.358162e-01	1.364834e-01
0	nP562	0	0	800	2	1	0.004	2.842907e-01	3.797334e-01	4.542836e-01	4.535772e-01	4.538773e-01
0	nP566	0	0	800	2	1	0.004	-1.203457e-01	4.100224e-01	7.692086e-01	7.688574e-01	7.689399e-01
0	nP577	0	0	800	2	1	0.004	4.810738e-01	3.794849e-01	2.052741e-01	2.045654e-01	2.051629e-01
0	nP578	0	0	800	2	1	0.007	-6.850312e-02	2.910369e-01	8.139773e-01	8.136913e-01	8.137549e-01
0	nP587	0	0	800	2	1	0.004	1.304812e-01	3.798387e-01	7.312998e-01	7.308953e-01	7.309955e-01
0	nP593	0	0	800	2	1	0.010	1.981383e-01	2.525990e-01	4.330390e-01	4.323190e-01	4.326406e-01
0	nP603	0	0	800	2	1	0.009	1.096150e-01	2.607885e-01	6.743637e-01	6.738831e-01	6.740134e-01
0	nP608	0	0	800	2	1	0.028	-1.077520e-01	1.500044e-01	4.727670e-01	4.720740e-01	4.723561e-01
0	nP615	0	0	800	2	1	0.052	4.795807e-02	1.138863e-01	6.737918e-01	6.733105e-01	6.734411e-01
0	nP631	0	0	800	2	1	0.008	9.777171e-02	2.797851e-01	7.268416e-01	7.264309e-01	7.265333e-01
0	nP634	0	0	800	2	1	0.004	-6.865996e-01	3.790884e-01	7.048795e-02	7.004885e-02	7.071248e-02
0	nP658	0	0	800	2	1	0.007	-5.059491e-01	2.904954e-01	8.195037e-02	8.147276e-02	8.214746e-02
0	nP666	0	0	800	2	1	0.005	1.014490e-01	3.555390e-01	7.754588e-01	7.751166e-01	7.751963e-01
0	nP674	0	0	800	2	1	0.004	-3.986764e-01	4.098016e-01	3.309215e-01	3.301648e-01	3.306031e-01
0	nP678	0	0	800	2	1	0.021	-5.466866e-02	1.778839e-01	7.586740e-01	7.583079e-01	7.583951e-01
0	nP681	0	0	800	2	1	0.006	4.629224e-01	3.350337e-01	1.674447e-01	1.667805e-01	1.674206e-01
0	nP690	0	0	800	2	1	0.013	3.451390e-02	2.265940e-01	8.789762e-01	8.787881e-01	8.788275e-01
0	nP694	0	0	800	2	1	0.011	-3.699753e-01	2.381890e-01	1.207517e-01	1.201711e-01	1.208474e-01
0	nP699	0	0	800	2	1	0.018	1.238051e-02	1.892734e-01	9.478634e-01	9.477818e-01	9.477983e-01
0	nP703	0	0	800	2	1	0.039	1.194396e-01	1.299870e-01	3.584474e-01	3.576952e-01	3.581002e-01
0	nP708	0	0	800	2	1	0.127	7.175949e-02	7.636845e-02	3.476823e-01	3.469278e-01	3.473457e-01
0	nP711	0	0	800	2	1	0.007	4.233068e-01	3.034262e-01	1.633769e-01	1.627186e-01	1.633628e-01
0	nP721	0	0	800	2	1	0.018	-4.434139e-02	1.857410e-01	8.113785e-01	8.110887e-01	8.111534e-01
0	nP734	0	0	800	2	1	0.016	-9.057388e-02	1.994820e-01	6.499196e-01	6.494081e-01	6.495528e-01
0	nP743	0	0	800	2	1	0.007	-2.756255e-01	3.036393e-01	3.642897e-01	3.635390e-01	3.639371e-01
0	nP753	0	0	800	2	1	0.006	-1.152036e-01	3.354095e-01	7.313343e-01	7.309299e-01	7.310300e-01
0	nP772	0	0	800	2	1	0.012	4.470811e-01	2.317953e-01	5.411310e-02	5.373756e-02	5.437117e-02
0	nP775	0	0	800	2	1	0.025	-1.195111e-01	1.543420e-01	4.389670e-01	4.382505e-01	4.385661e-01
0	nP780	0	0	800	2	1	0.005	-5.039085e-02	3.555526e-01	8.873327e-01	8.871574e-01	8.871939e-01
0	nP788	0	0	800	2	1	0.011	2.362233e-01	2.451654e-01	3.355753e-01	3.348191e-01	3.352516e-01
0	nP793	0	0	800	2	1	0.016	-2.157304e-01	2.031840e-01	2.886710e-01	2.879166e-01	2.884081e-01
0	nP796	0	0	800	2	1	0.004	2.445167e-02	3.798658e-01	9.486924e-01	9.486121e-01	9.486283e-01
0	nP799	0	0	800	2	1	0.006	-3.858504e-01	3.351561e-01	2.499718e-01	2.492309e-01	2.497722e-01
0	nP800	0	0	800	2	1	0.022	-6.787768e-02	1.729459e-01	6.948089e-01	6.943551e-01	6.944740e-01
0	nP806	0	0	800	2	1	0.054	-2.962597e-01	1.069166e-01	5.719480e-03	5.644098e-03	5.891930e-03
0	nP815	0	0	800	2	1	0.004	-6.324977e-01	4.094328e-01	1.227876e-01	1.222025e-01	1.228779e-01
0	nP819	0	0	800	2	1	0.005	4.671400e-01	3.551723e-01	1.888041e-01	1.881126e-01	1.887295e-01
0	nP845	0	0	800	2	1	0.011	-4.264266e-02	2.260422e-01	8.504158e-01	8.501843e-01	8.502340e-01
0	nP846	0	0	800	2	1	0.004	6.482133e-02	3.798598e-01	8.645459e-01	8.643358e-01	8.643803e-01
0	nP850	0	0	800	2	1	0.017	1.668572e-02	1.959040e-01	9.321453e-01	9.320393e-01	9.320608e-01
0	nP858	0	0	800	2	1	0.008	4.371186e-01	2.793784e-01	1.180705e-01	1.174958e-01	1.181733e-01
0	nP873	0	0	800	2	1	0.024	-1.357847e-01	1.599538e-01	3.961918e-01	3.954526e-01	3.958140e-01
0	nP885	0	0	800	2	1	0.029	1.426176e-02	1.504416e-01	9.244980e-01	9.243801e-01	9.244042e-01
0	nP888	0	0	800	2	1	0.005	4.610439e-01	3.551823e-01	1.946456e-01	1.939477e-01	1.945578e-01
0	nP890	0	0	800	2	1	0.009	-1.675251e-02	2.608167e-01	9.488024e-01	9.487223e-01	9.487385e-01
0	nP892	0	0	800	2	1	0.019	-6.751953e-02	1.861981e-01	7.169832e-01	7.165591e-01	7.166664e-01
0	nP896	0	0	800	2	1	0.007	-2.196504e-01	3.036965e-01	4.697344e-01	4.690391e-01	4.693241e-01
0	nP901	0	0	800	2	1	0.004	-6.265956e-01	4.094442e-01	1.263248e-01	1.257322e-01	1.264057e-01
0	nP911	0	0	800	2	1	0.006	6.800060e-01	3.175110e-01	3.252167e-02	3.225089e-02	3.280179e-02
0	nP914	0	0	800	2	1	0.004	-4.353411e-01	3.795540e-01	2.517334e-01	2.509916e-01	2.515307e-01
0	nP920	0	0	800	2	1	0.007	-5.021795e-01	3.032755e-01	9.814482e-02	9.761962e-02	9.830037e-02
0	nP923	0	0	800	2	1	0.034	5.605512e-02	1.382764e-01	6.853036e-01	6.848372e-01	6.849613e-01
0	nP936	0	0	800	2	1	0.006	2.801475e-01	3.352876e-01	4.036617e-01	4.029258e-01	4.032789e-01
0	nP965	0	0	800	2	1	0.022	-5.168830e-02	1.706452e-01	7.620456e-01	7.616842e-01	7.617699e-01
0	nP973	0	0	800	2	1	0.006	3.450345e-01	3.352118e-01	3.036493e-01	3.028926e-01	3.033651e-01
0	nP982	0	0	800	2	1	0.026	-1.951167e-01	1.584694e-01	2.185894e-01	2.178691e-01	2.184502e-01
0	nP1012	0	0	800	2	1	0.029	-1.631034e-01	1.518583e-01	2.831250e-01	2.823718e-01	2.828704e-01
0	nP1016	0	0	800	2	1	0.032	3.587681e-01	1.412972e-01	1.130253e-02	1.117526e-02	1.152972e-02
0	nP1036	0	0	800	2	1	0.004	3.484717e-01	4.098590e-01	3.954559e-01	3.947163e-01	3.950785e-01
0	nP1049	0	0	800	2	1	0.022	-1.070087e-01	1.658545e-01	5.189855e-01	5.183311e-01	5.185713e-01
0	nP1054	0	0	800	2	1	0.018	2.980739e-02	1.924965e-01	8.769816e-01	8.767904e-01	8.768306e-01
0	nP1058	0	0	800	2	1	0.011	2.209930e-01	2.384205e-01	3.542564e-01	3.535033e-01	3.539132e-01
0	nP1076	0	0	800	2	1	0.004	1.429847e-01	3.798331e-01	7.066892e-01	7.062512e-01	7.063638e-01
0	nP1085	0	0	800	2	1	0.017	-3.344683e-02	1.959013e-01	8.644770e-01	8.642668e-01	8.643113e-01
0	nP1088	0	0	800	2	1	0.006	6.620006e-01	3.175587e-01	3.741798e-02	3.712080e-02	3.769668e-02
0	nP1091	0	0	800	2	1	0.047	-4.646707e-02	1.147915e-01	6.857365e-01	6.852707e-01	6.853946e-01
0	nP1104	0	0	800	2	1	0.008	-3.253918e-01	2.795694e-01	2.448110e-01	2.440728e-01	2.446208e-01
0	nP1112	0	0	800	2	1	0.014	-8.352112e-02	2.163093e-01	6.995115e-01	6.990639e-01	6.991803e-01
0	nP1125	0	0	800	2	1	0.004	-3.012204e-01	3.797171e-01	4.278529e-01	4.271298e-01	4.274569e-01
0	nP1128	0	0	800	2	1	0.011	2.027388e-01	2.384408e-01	3.954307e-01	3.946911e-01	3.950534e-01
0	nP1138	0	0	800	2	1	0.004	1.010136e+00	3.781800e-01	7.715548e-03	7.620384e-03	7.912069e-03
0	nP1145	0	0	800	2	1	0.078	1.450319e-01	9.379597e-02	1.224410e-01	1.218566e-01	1.225322e-01
0	nP1161	0	0	800	2	1	0.018	1.467216e-01	1.892026e-01	4.382897e-01	4.375728e-01	4.378891e-01
0	nP1179	0	0	800	2	1	0.014	4.240221e-01	2.022694e-01	3.636788e-02	3.607621e-02	3.664712e-02
0	nP1182	0	0	800	2	1	0.005	-1.367234e-01	3.555241e-01	7.006597e-01	7.002136e-01	7.003294e-01
0	nP1185	0	0	800	2	1	0.005	-3.080817e-01	3.553898e-01	3.862662e-01	3.855228e-01	3.858954e-01
0	nP1186	0	0	800	2	1	0.007	2.210042e-03	2.910470e-01	9.939433e-01	9.939338e-01	9.939357e-01
0	nP1188	0	0	800	2	1	0.022	1.078113e-01	1.706123e-01	5.276279e-01	5.269816e-01	5.272145e-01
0	nP1191	0	0	800	2	1	0.004	-4.396066e-01	3.795479e-01	2.471137e-01	2.463743e-01	2.469193e-01
0	nP1201	0	0	800	2	1	0.006	-4.719261e-01	3.350180e-01	1.593256e-01	1.586734e-01	1.593215e-01
0	nP1205	0	0	800	2	1	0.006	-2.041620e-01	3.183402e-01	5.214907e-01	5.208387e-01	5.210768e-01
0	nP1207	0	0	800	2	1	0.014	-2.449941e-01	2.161556e-01	2.573803e-01	2.566359e-01	2.571677e-01
0	nP1217	0	0	800	2	1	0.007	-3.178083e-01	2.908295e-01	2.748268e-01	2.740759e-01	2.745851e-01
0	nP1228	0	0	800	2	1	0.018	1.284900e-01	1.892192e-01	4.973009e-01	4.966275e-01	4.968868e-01
0	nP1231	0	0	800	2	1	0.004	5.404061e-01	3.793848e-01	1.547137e-01	1.540688e-01	1.547212e-01
0	nP1235	0	0	800	2	1	0.037	1.157254e-01	1.305957e-01	3.758120e-01	3.750648e-01	3.754494e-01
0	nP1237	0	0	800	2	1	0.036	3.327904e-01	1.359176e-01	1.456065e-02	1.440701e-02	1.480676e-02
0	nP1242	0	0	800	2	1	0.013	-1.869175e-01	2.211792e-01	3.983109e-01	3.975726e-01	3.979316e-01
0	nP1251	0	0	800	2	1	0.005	-2.444672e-01	3.554518e-01	4.918008e-01	4.911229e-01	4.913871e-01
0	nP1261	0	0	800	2	1	0.011	8.554063e-02	2.385296e-01	7.199769e-01	7.195569e-01	7.196627e-01
0	nP1281	0	0	800	2	1	0.011	-1.290147e-01	2.452654e-01	5.990200e-01	5.984479e-01	5.986260e-01
0	nP1285	0	0	800	2	1	0.054	-1.879038e-01	1.125579e-01	9.543081e-02	9.491309e-02	9.559347e-02
0	nP1286	0	0	800	2	1	0.024	-9.506143e-02	1.642484e-01	5.629103e-01	5.622989e-01	5.625034e-01
0	nP1028	12	0	800	2	1	0.089	-4.005459e-03	8.863814e-02	9.639681e-01	9.639117e-01	9.639230e-01
0	nP20	14	0	800	2	1	0.004	7.633363e-02	3.798572e-01	8.407861e-01	8.405401e-01	8.405934e-01
0	nP426	14	0	800	2	1	0.015	3.043883e-01	2.071064e-01	1.420318e-01	1.414086e-01	1.420717e-01
0	nP1244	14	0	800	2	1	0.033	1.960190e-01	1.404694e-01	1.632663e-01	1.626081e-01	1.632524e-01
0	cP65	17	0	800	2	1	0.007	6.943022e-01	2.900074e-01	1.689182e-02	1.672059e-02	1.714790e-02
0	nP208	17	0	800	2	1	0.006	1.764784e-01	3.353761e-01	5.988882e-01	5.983160e-01	5.984942e-01
0	nP284	17	0	800	2	1	0.007	-2.378634e-01	3.036793e-01	4.337000e-01	4.329803e-01	4.333013e-01
0	nP762	17	0	800	2	1	0.011	1.982547e-01	2.384456e-01	4.059704e-01	4.052356e-01	4.055862e-01
0	nP828	17	0	800	2	1	0.013	-2.063500e-01	2.211576e-01	3.510788e-01	3.503250e-01	3.507387e-01
0	nP1019	17	0	800	2	1	0.022	-1.932254e-01	1.678761e-01	2.500770e-01	2.493360e-01	2.498772e-01
0	cP3	20	0	800	2	1	0.029	1.264555e-01	1.519021e-01	4.053871e-01	4.046520e-01	4.050033e-01
0	cP14	20	0	800	2	1	0.201	-2.082101e-01	6.183457e-02	7.956783e-04	7.807075e-04	8.529269e-04
0	cP20	20	0	800	2	1	0.019	-2.257701e-01	1.772662e-01	2.031684e-01	2.024618e-01	2.030618e-01
0	cP40	20	0	800	1	2	0.066	5.851459e-02	1.021289e-01	5.668412e-01	5.662340e-01	5.664355e-01
0	cP77	20	0	800	2	1	0.019	-6.652545e-01	1.847183e-01	3.360130e-04	3.288558e-04	3.684855e-04
0	cP87	20	0	800	2	1	0.031	-1.346836e+00	1.290856e-01	5.592027e-24	4.760291e-24	1.737189e-21
0	cP97	20	0	800	2	1	0.005	-9.369501e-02	3.555416e-01	7.922120e-01	7.918941e-01	7.919666e-01
0	nP57	20	0	800	2	1	0.023	2.992050e-01	1.635211e-01	6.765824e-02	6.722935e-02	6.788915e-02
0	nP152	20	0	800	2	1	0.016	-6.020897e-01	2.022073e-01	2.993192e-03	2.948236e-03	3.118102e-03
0	nP268	20	0	800	2	1	0.044	1.197942e-01	1.213814e-01	3.239791e-01	3.232219e-01	3.236688e-01
0	nP305	20	0	800	2	1	0.004	-2.577617e-01	3.797572e-01	4.974905e-01	4.968172e-01	4.970764e-01
0	nP448	20	0	800	2	1	0.021	-8.756440e-02	1.778674e-01	6.226416e-01	6.220969e-01	6.222589e-01
0	nP582	20	0	800	2	1	0.021	-4.662742e-02	1.753654e-01	7.903947e-01	7.900741e-01	7.901474e-01
0	nP594	20	0	800	2	1	0.007	-2.369520e-01	3.036802e-01	4.354644e-01	4.347458e-01	4.350650e-01
0	nP879	20	0	800	2	1	0.009	1.049587e-01	2.607909e-01	6.874511e-01	6.869876e-01	6.871105e-01
0	nP915	20	0	800	2	1	0.014	3.054008e-03	2.163295e-01	9.887399e-01	9.887222e-01	9.887258e-01
0	nP983	20	0	800	2	1	0.007	2.814584e-01	3.036326e-01	3.542223e-01	3.534691e-01	3.538791e-01
0	nP990	20	0	800	2	1	0.004	-4.807666e-01	4.096912e-01	2.409514e-01	2.402155e-01	2.407684e-01
0	nP1192	20	0	800	2	1	0.017	3.654411e-02	1.887972e-01	8.465675e-01	8.463302e-01	8.463813e-01
0	nP1252	20	0	800	2	1	0.011	1.562165e-02	2.385482e-01	9.478032e-01	9.477215e-01	9.477380e-01
0	cP47	22	0	800	1	2	0.279	9.534595e-02	5.642584e-02	9.146508e-02	9.095863e-02	9.163803e-02
0	cP103	25	0	800	1	2	0.331	3.299252e-01	5.210138e-02	4.027361e-10	3.782513e-10	9.805938e-10
0	nP42	25	0	800	2	1	0.007	4.837159e-01	2.905429e-01	9.633139e-02	9.581117e-02	9.649169e-02
0	nP164	25	0	800	2	1	0.004	1.334674e+00	4.073135e-01	1.095381e-03	1.075777e-03	1.165294e-03
0	nP196	25	0	800	2	1	0.006	2.812243e-02	3.184207e-01	9.296457e-01	9.295358e-01	9.295582e-01
0	nP459	25	0	800	2	1	0.005	5.477184e-02	3.555518e-01	8.776113e-01	8.774211e-01	8.774610e-01
0	nP484	25	0	800	2	1	0.021	2.469666e-01	1.699977e-01	1.466822e-01	1.460507e-01	1.467101e-01
0	nP493	25	0	800	2	1	0.005	6.710621e-01	3.547626e-01	5.890875e-02	5.851342e-02	5.915795e-02
0	nP523	25	0	800	2	1	0.011	-1.751977e-01	2.452295e-01	4.751744e-01	4.744832e-01	4.747630e-01
0	nP531	25	0	800	2	1	0.004	6.362594e-01	3.791985e-01	9.375699e-02	9.324397e-02	9.392400e-02
0	nP552	25	0	800	2	1	0.004	9.882207e-02	4.100296e-01	8.096077e-01	8.093153e-01	8.093807e-01
0	nP654	25	0	800	2	1	0.122	-1.313439e-02	7.542790e-02	8.618062e-01	8.615919e-01	8.616374e-01
0	nP704	25	0	800	2	1	0.030	2.026670e-01	1.455937e-01	1.643092e-01	1.636495e-01	1.642928e-01
0	nP744	25	0	800	2	1	0.009	5.254318e-02	2.608107e-01	8.403895e-01	8.401429e-01	8.401963e-01
0	nP784	25	0	800	2	1	0.048	1.180861e-01	1.188634e-01	3.207868e-01	3.200296e-01	3.204804e-01
0	nP1050	25	0	800	2	1	0.006	2.397154e-01	3.353269e-01	4.748980e-01	4.742066e-01	4.744866e-01
0	nP1063	25	0	800	2	1	0.014	8.625775e-02	2.116885e-01	6.837686e-01	6.833002e-01	6.834252e-01
0	nP1068	25	0	800	2	1	0.005	3.082810e-01	3.553896e-01	3.859588e-01	3.852153e-01	3.855883e-01
0	nP1210	25	0	800	2	1	0.058	-7.417224e-02	1.090232e-01	4.964901e-01	4.958160e-01	4.960761e-01
0	nP1263	25	0	800	2	1	0.005	-1.996706e-02	3.555564e-01	9.552306e-01	9.551606e-01	9.551747e-01
0	nP21	29	0	800	2	1	0.045	9.289169e-02	1.199648e-01	4.389684e-01	4.382519e-01	4.385675e-01
0	nP1245	29	0	800	2	1	0.007	-9.415695e-02	2.910280e-01	7.463769e-01	7.459934e-01	7.460863e-01
0	cP26	33	0	800	2	1	0.016	2.086727e-01	2.031932e-01	3.047474e-01	3.039907e-01	3.044617e-01
0	cP48	33	0	800	2	1	0.011	-1.042208e-02	2.453077e-01	9.661221e-01	9.660691e-01	9.660797e-01
0	cP66	33	0	800	2	1	0.008	1.364959e-01	2.797648e-01	6.257581e-01	6.252171e-01	6.253771e-01
0	cP73	33	0	800	1	2	0.105	-3.470387e-01	8.003258e-02	1.635146e-05	1.585983e-05	1.993685e-05
0	cP83	33	0	800	2	1	0.004	4.310457e-01	4.097605e-01	2.931431e-01	2.923878e-01	2.928736e-01
0	cP93	33	0	800	1	2	0.107	2.083649e-01	8.108965e-02	1.036323e-02	1.024402e-02	1.058359e-02
0	nP38	33	0	800	2	1	0.007	2.503893e-01	2.790117e-01	3.697681e-01	3.690190e-01	3.694106e-01
0	nP50	33	0	800	2	1	0.066	-5.801212e-02	9.540340e-02	5.433128e-01	5.426816e-01	5.429016e-01
0	nP86	33	0	800	2	1	0.013	7.973676e-02	2.212602e-01	7.186617e-01	7.182398e-01	7.183463e-01
0	nP102	33	0	800	2	1	0.072	-1.844031e-01	9.863412e-02	6.190994e-02	6.150274e-02	6.215313e-02
0	nP219	33	0	800	2	1	0.037	2.901485e-01	1.302556e-01	2.618995e-02	2.595629e-02	2.646689e-02
0	nP225	33	0	800	2	1	0.004	-4.025418e-01	3.795994e-01	2.892661e-01	2.885115e-01	2.890022e-01
0	nP285	33	0	800	2	1	0.006	-3.336128e-01	3.182032e-01	2.947594e-01	2.940038e-01	2.944876e-01
0	nP291	33	0	800	2	1	0.009	-4.997322e-01	2.692192e-01	6.378951e-02	6.337507e-02	6.402880e-02
0	nP318	33	0	800	2	1	0.011	-2.974942e-02	2.385465e-01	9.007836e-01	9.006290e-01	9.006610e-01
0	nP366	33	0	800	2	1	0.056	1.470274e-02	1.111118e-01	8.947615e-01	8.945977e-01	8.946316e-01
0	nP397	33	0	800	2	1	0.009	-6.229376e-01	2.598835e-01	1.675951e-02	1.658925e-02	1.701509e-02
0	nP405	33	0	800	2	1	0.024	5.459547e-02	1.642715e-01	7.397130e-01	7.393202e-01	7.394163e-01
0	nP472	33	0	800	2	1	0.028	-8.186413e-02	1.515476e-01	5.892183e-01	5.886352e-01	5.888202e-01
0	nP489	33	0	800	2	1	0.009	-1.173194e-01	2.607843e-01	6.529254e-01	6.524176e-01	6.525605e-01
0	nP542	33	0	800	2	1	0.004	2.025105e-01	3.797991e-01	5.940406e-01	5.934629e-01	5.936445e-01
0	nP546	33	0	800	2	1	0.022	-3.019761e-01	1.676750e-01	7.208637e-02	7.164163e-02	7.230722e-02
0	nP563	33	0	800	2	1	0.017	-2.386160e-01	1.957227e-01	2.231463e-01	2.224223e-01	2.229978e-01
0	nP659	33	0	800	2	1	0.006	-3.135075e-01	3.352506e-01	3.499971e-01	3.492431e-01	3.496581e-01
0	nP700	33	0	800	2	1	0.015	-2.954138e-01	2.071227e-01	1.541801e-01	1.535360e-01	1.541889e-01
0	nP726	33	0	800	2	1	0.004	1.257363e-01	3.798407e-01	7.407134e-01	7.403220e-01	7.404176e-01
0	nP803	33	0	800	2	1	0.022	-2.434359e-01	1.656738e-01	1.421269e-01	1.415035e-01	1.421665e-01
0	nP829	33	0	800	2	1	0.006	-1.455040e-01	3.183806e-01	6.477862e-01	6.472720e-01	6.474181e-01
0	nP835	33	0	800	2	1	0.039	3.484297e-02	1.323043e-01	7.923452e-01	7.920274e-01	7.920999e-01
0	nP842	33	0	800	2	1	0.023	-8.953653e-02	1.638331e-01	5.848679e-01	5.842800e-01	5.844681e-01
0	nP875	33	0	800	2	1	0.029	9.632156e-02	1.471134e-01	5.128215e-01	5.121616e-01	5.124072e-01
0	nP941	33	0	800	2	1	0.022	-3.311691e-01	1.702518e-01	5.210519e-02	5.173827e-02	5.236668e-02
0	nP997	33	0	800	2	1	0.007	7.222908e-02	3.037853e-01	8.121255e-01	8.118368e-01	8.119012e-01
0	nP1073	33	0	800	2	1	0.014	-4.231936e-02	2.163243e-01	8.449502e-01	8.447104e-01	8.447621e-01
0	nP1158	33	0	800	2	1	0.029	-8.216970e-03	1.519678e-01	9.568926e-01	9.568251e-01	9.568387e-01
0	nP1176	33	0	800	2	1	0.013	-1.593763e-01	2.265270e-01	4.819095e-01	4.812236e-01	4.814970e-01
0	nP1198	33	0	800	2	1	0.028	2.695719e-02	1.408480e-01	8.482671e-01	8.480324e-01	8.480828e-01
0	nP1202	33	0	800	2	1	0.006	-1.211961e-01	3.183933e-01	7.035651e-01	7.031229e-01	7.032372e-01
0	nP1268	33	0	800	2	1	0.005	-5.080957e-01	3.551019e-01	1.528661e-01	1.522242e-01	1.528783e-01
0	nP1287	33	0	800	2	1	0.010	1.602362e-01	2.526326e-01	5.260892e-01	5.254414e-01	5.256756e-01
0	cP58	38	0	800	2	1	0.023	1.184601e-01	1.683911e-01	4.819607e-01	4.812748e-01	4.815482e-01
0	nP524	38	0	800	2	1	0.013	-3.232723e-01	2.209820e-01	1.438914e-01	1.432647e-01	1.439264e-01
0	nP1030	38	0	800	2	1	0.004	-6.440657e-01	3.791819e-01	8.979071e-02	8.928915e-02	8.996797e-02
0	cP4	40	0	800	2	1	0.014	9.334640e-02	2.116848e-01	6.593550e-01	6.588552e-01	6.589943e-01
0	cP15	40	0	800	1	2	0.279	-1.209223e-01	5.637491e-02	3.225682e-02	3.198752e-02	3.253693e-02
0	cP78	40	0	800	1	2	0.031	-4.391062e-01	1.467152e-01	2.848476e-03	2.805291e-03	2.970110e-03
0	nP58	40	0	800	2	1	0.006	8.038763e-02	3.184095e-01	8.007458e-01	8.004403e-01	8.005093e-01
0	nP109	40	0	800	2	1	0.014	-3.933882e-01	2.158808e-01	6.879166e-02	6.835864e-02	6.902003e-02
0	nP153	40	0	800	2	1	0.052	-1.677237e-01	1.158641e-01	1.481243e-01	1.474903e-01	1.481485e-01
0	nP269	40	0	800	2	1	0.004	1.464461e-01	3.798314e-01	6.999286e-01	6.994815e-01	6.995977e-01
0	nP583	40	0	800	2	1	0.019	2.892220e-01	1.830183e-01	1.144366e-01	1.138703e-01	1.145490e-01
0	nP595	40	0	800	2	1	0.026	3.443916e-02	1.586152e-01	8.281673e-01	8.279024e-01	8.279604e-01
0	nP880	40	0	800	2	1	0.016	4.328340e-02	2.033217e-01	8.314739e-01	8.312139e-01	8.312707e-01
0	nP969	40	0	800	2	1	0.060	6.207746e-02	1.040282e-01	5.508524e-01	5.502287e-01	5.504426e-01
0	nP1008	40	0	800	2	1	0.018	3.473311e-01	1.921063e-01	7.098049e-02	7.053964e-02	7.120390e-02
0	nP1140	40	0	800	2	1	0.031	4.831684e-02	1.431191e-01	7.357543e-01	7.353560e-01	7.354540e-01
0	nP1163	40	0	800	2	1	0.004	4.718465e-01	4.097042e-01	2.497992e-01	2.490583e-01	2.495999e-01
0	nP1193	40	0	800	2	1	0.006	6.915914e-02	3.184128e-01	8.281083e-01	8.278433e-01	8.279014e-01
0	nP22	43	0	800	2	1	0.073	9.562356e-02	9.453671e-02	3.120854e-01	3.113282e-01	3.117900e-01
0	nP428	43	0	800	2	1	0.018	7.584402e-02	1.924806e-01	6.936608e-01	6.932054e-01	6.933250e-01
0	nP977	43	0	800	2	1	0.017	2.803392e-01	1.956534e-01	1.522963e-01	1.516553e-01	1.523099e-01
0	nP1099	43	0	800	2	1	0.004	1.435145e-01	3.798328e-01	7.056528e-01	7.052134e-01	7.053266e-01
0	cP49	44	0	800	2	1	0.004	-4.133528e-01	3.795849e-01	2.765001e-01	2.757487e-01	2.762558e-01
0	cP31	50	0	800	1	2	0.189	4.694409e-01	6.183305e-02	8.799920e-14	8.053948e-14	5.228509e-13
0	cP36	50	0	800	1	2	0.052	-7.780627e-02	1.138656e-01	4.946050e-01	4.939294e-01	4.941911e-01
0	cP59	50	0	800	2	1	0.113	4.823890e-02	7.907597e-02	5.420141e-01	5.413816e-01	5.416026e-01
0	cP67	50	0	800	1	2	0.395	-4.917338e-02	5.166211e-02	3.414730e-01	3.407174e-01	3.411428e-01
0	nP79	50	0	800	2	1	0.004	8.253258e-01	4.090024e-01	4.393593e-02	4.360621e-02	4.420894e-02
0	nP178	50	0	800	2	1	0.007	1.279109e-01	3.037623e-01	6.738035e-01	6.733222e-01	6.734528e-01
0	nP184	50	0	800	2	1	0.006	-6.436381e-01	3.346596e-01	5.480264e-02	5.442419e-02	5.505949e-02
0	nP187	50	0	800	2	1	0.106	2.707027e-01	8.024684e-02	7.783281e-04	7.636344e-04	8.347802e-04
0	nP190	50	0	800	2	1	0.059	1.051938e-02	1.060924e-01	9.210417e-01	9.209184e-01	9.209436e-01
0	nP193	50	0	800	2	1	0.021	6.718638e-02	1.725086e-01	6.970347e-01	6.965838e-01	6.967015e-01
0	nP197	50	0	800	2	1	0.004	-1.370003e-01	3.798358e-01	7.184320e-01	7.180099e-01	7.181165e-01
0	nP236	50	0	800	2	1	0.046	6.982518e-02	1.192838e-01	5.584642e-01	5.578483e-01	5.580563e-01
0	nP243	50	0	800	2	1	0.006	-2.845920e-01	3.352829e-01	3.962408e-01	3.955015e-01	3.958629e-01
0	nP331	50	0	800	2	1	0.005	-1.336992e-01	3.555256e-01	7.069716e-01	7.065340e-01	7.066465e-01
0	nP344	50	0	800	2	1	0.041	5.443571e-02	1.294698e-01	6.742692e-01	6.737885e-01	6.739189e-01
0	nP348	50	0	800	2	1	0.022	1.842954e-01	1.728395e-01	2.866193e-01	2.858653e-01	2.863594e-01
0	nP356	50	0	800	2	1	0.017	1.082885e-01	1.958674e-01	5.805099e-01	5.799173e-01	5.801086e-01
0	nP360	50	0	800	2	1	0.009	-3.459260e-01	2.695218e-01	1.996963e-01	1.989931e-01	1.995973e-01
0	nP372	50	0	800	2	1	0.019	7.946442e-03	1.800810e-01	9.648142e-01	9.647591e-01	9.647702e-01
0	nP412	50	0	800	2	1	0.062	9.186670e-02	1.049889e-01	3.818298e-01	3.810848e-01	3.814625e-01
0	nP485	50	0	800	2	1	0.056	-9.820198e-02	1.071612e-01	3.597367e-01	3.589848e-01	3.593882e-01
0	nP494	50	0	800	2	1	0.016	-2.034329e-01	1.918852e-01	2.893832e-01	2.886286e-01	2.891192e-01
0	nP525	50	0	800	2	1	0.008	-1.084744e-01	2.797802e-01	6.983319e-01	6.978827e-01	6.979997e-01
0	nP571	50	0	800	2	1	0.006	4.190735e-02	3.354310e-01	9.006058e-01	9.004510e-01	9.004830e-01
0	nP575	50	0	800	2	1	0.010	2.176860e-01	2.525788e-01	3.890268e-01	3.882845e-01	3.886540e-01
0	nP588	50	0	800	2	1	0.025	-1.435982e-01	1.622434e-01	3.763808e-01	3.756338e-01	3.760177e-01
0	nP609	50	0	800	2	1	0.007	-3.430549e-01	2.907936e-01	2.384634e-01	2.377289e-01	2.382850e-01
0	nP617	50	0	800	2	1	0.006	-3.800290e-01	3.181379e-01	2.326211e-01	2.318904e-01	2.324539e-01
0	nP627	50	0	800	2	1	0.004	-1.420413e-01	4.100137e-01	7.291105e-01	7.287030e-01	7.288042e-01
0	nP632	50	0	800	2	1	0.005	1.461785e-01	3.555194e-01	6.810592e-01	6.805873e-01	6.807138e-01
0	nP679	50	0	800	2	1	0.016	-6.456918e-02	1.994947e-01	7.462775e-01	7.458938e-01	7.459868e-01
0	nP687	50	0	800	2	1	0.020	1.971292e-01	1.804000e-01	2.748406e-01	2.740896e-01	2.745989e-01
0	nP691	50	0	800	2	1	0.016	-1.252275e-01	2.032791e-01	5.380458e-01	5.374094e-01	5.376336e-01
0	nP709	50	0	800	2	1	0.009	1.518595e-01	2.697462e-01	5.736123e-01	5.730123e-01	5.732087e-01
0	nP719	50	0	800	2	1	0.153	-9.172847e-02	7.033435e-02	1.925492e-01	1.918535e-01	1.924661e-01
0	nP722	50	0	800	2	1	0.009	-4.190261e-02	2.608131e-01	8.724007e-01	8.722026e-01	8.722443e-01
0	nP727	50	0	800	2	1	0.049	5.900207e-02	1.129935e-01	6.016954e-01	6.011264e-01	6.013025e-01
0	nP735	50	0	800	2	1	0.033	3.076552e-01	1.430903e-01	3.184895e-02	3.158194e-02	3.212903e-02
0	nP745	50	0	800	2	1	0.017	2.454429e-01	1.957121e-01	2.101722e-01	2.094590e-01	2.100506e-01
0	nP757	50	0	800	2	1	0.040	7.208559e-02	1.261615e-01	5.679060e-01	5.672999e-01	5.675006e-01
0	nP764	50	0	800	2	1	0.007	1.091909e-01	2.910214e-01	7.076122e-01	7.071755e-01	7.072876e-01
0	nP789	50	0	800	2	1	0.007	5.834332e-02	2.910397e-01	8.411679e-01	8.409225e-01	8.409756e-01
0	nP794	50	0	800	2	1	0.014	-1.594090e-01	2.162559e-01	4.612593e-01	4.605578e-01	4.608510e-01
0	nP797	50	0	800	2	1	0.041	4.414723e-02	1.285775e-01	7.314247e-01	7.310204e-01	7.311205e-01
0	nP812	50	0	800	2	1	0.011	-2.216871e-01	2.384197e-01	3.527462e-01	3.519927e-01	3.524045e-01
0	nP825	50	0	800	2	1	0.021	1.077711e-01	1.778535e-01	5.447173e-01	5.440874e-01	5.443063e-01
0	nP839	50	0	800	2	1	0.026	-2.982911e-01	1.582680e-01	5.983073e-02	5.943171e-02	6.007812e-02
0	nP851	50	0	800	2	1	0.004	2.235196e-01	4.099682e-01	5.857601e-01	5.851732e-01	5.853607e-01
0	nP903	50	0	800	2	1	0.039	6.586592e-02	1.278915e-01	6.066859e-01	6.061226e-01	6.062953e-01
0	nP912	50	0	800	2	1	0.005	6.115280e-01	3.548975e-01	8.525569e-02	8.476776e-02	8.544450e-02
0	nP921	50	0	800	2	1	0.007	2.743471e-01	3.036407e-01	3.665198e-01	3.657697e-01	3.661651e-01
0	nP963	50	0	800	2	1	0.006	-4.823806e-01	3.349993e-01	1.502752e-01	1.496375e-01	1.502939e-01
0	nP1021	50	0	800	2	1	0.007	3.033621e-01	3.036062e-01	3.180025e-01	3.172452e-01	3.176996e-01
0	nP1031	50	0	800	2	1	0.013	8.166414e-02	2.265788e-01	7.186265e-01	7.182046e-01	7.183111e-01
0	nP1078	50	0	800	2	1	0.054	-2.812810e-01	1.123137e-01	1.246357e-02	1.232664e-02	1.269829e-02
0	nP1089	50	0	800	2	1	0.004	-2.306277e-01	3.797790e-01	5.438458e-01	5.432151e-01	5.434346e-01
0	nP1110	50	0	800	2	1	0.044	-1.749536e-02	1.207235e-01	8.848099e-01	8.846308e-01	8.846682e-01
0	nP1123	50	0	800	2	1	0.016	4.948228e-01	1.987373e-01	1.298281e-02	1.284166e-02	1.322060e-02
0	nP1131	50	0	800	2	1	0.009	-4.342175e-01	2.693616e-01	1.073520e-01	1.068028e-01	1.074833e-01
0	nP1147	50	0	800	2	1	0.009	6.421667e-01	2.688404e-01	1.714170e-02	1.696863e-02	1.739870e-02
0	nP1152	50	0	800	2	1	0.004	1.279898e-01	3.798398e-01	7.362376e-01	7.358399e-01	7.359377e-01
0	nP1215	50	0	800	2	1	0.134	-1.285613e-01	7.230618e-02	7.578242e-02	7.532498e-02	7.599456e-02
0	nP1278	50	0	800	2	1	0.019	-1.571775e-01	1.832199e-01	3.912260e-01	3.904846e-01	3.908516e-01
0	cP50	56	0	800	2	1	0.237	5.193459e-02	5.940552e-02	3.822514e-01	3.815066e-01	3.818837e-01
0	nP23	57	0	800	2	1	0.007	-5.163333e-01	2.904725e-01	7.585640e-02	7.539872e-02	7.606837e-02
0	nP1100	57	0	800	2	1	0.006	1.743460e-01	3.183624e-01	5.840966e-01	5.835079e-01	5.836966e-01
0	cP5	60	0	800	2	1	0.004	-9.155952e-01	4.087616e-01	2.537039e-02	2.514181e-02	2.564639e-02
0	cP16	60	0	800	2	1	0.017	-2.552072e-01	1.885854e-01	1.763520e-01	1.756757e-01	1.763065e-01
0	cP89	60	0	800	1	2	0.040	-1.164773e+00	1.171847e-01	5.010127e-22	4.324620e-22	6.228383e-20
0	cP99	60	0	800	2	1	0.007	8.868746e-02	2.791348e-01	7.507784e-01	7.504011e-01	7.504920e-01
0	nP117	60	0	800	2	1	0.046	-3.996884e-02	1.203179e-01	7.398302e-01	7.394376e-01	7.395336e-01
0	nP154	60	0	800	2	1	0.024	-5.626960e-02	1.642708e-01	7.320335e-01	7.316300e-01	7.317298e-01
0	nP270	60	0	800	2	1	0.017	-9.735294e-02	1.958746e-01	6.193142e-01	6.187656e-01	6.189298e-01
0	nP307	60	0	800	2	1	0.006	5.692297e-02	3.184159e-01	8.581643e-01	8.579445e-01	8.579913e-01
0	nP645	60	0	800	2	1	0.019	5.592572e-01	1.851580e-01	2.604660e-03	2.564507e-03	2.720524e-03
0	nP933	60	0	800	2	1	0.006	8.939896e-02	3.354193e-01	7.899007e-01	7.895794e-01	7.896529e-01
0	nP985	60	0	800	2	1	0.013	6.679449e-02	2.265849e-01	7.682326e-01	7.678800e-01	7.679629e-01
0	nP992	60	0	800	2	1	0.022	-1.474649e-01	1.705751e-01	3.875644e-01	3.868215e-01	3.871926e-01
0	nP1141	60	0	800	2	1	0.039	7.103292e-02	1.250152e-01	5.700628e-01	5.694589e-01	5.696580e-01
0	nP1194	60	0	800	2	1	0.030	-2.767629e-01	1.486436e-01	6.298131e-02	6.256997e-02	6.322230e-02
0	nP1254	60	0	800	2	1	0.004	2.816224e-01	4.099233e-01	4.922746e-01	4.915971e-01	4.918609e-01
0	nP526	62	0	800	2	1	0.011	-2.043234e-01	2.452013e-01	4.049314e-01	4.041961e-01	4.045478e-01
0	cP27	67	0	800	2	1	0.004	4.341109e-01	4.097565e-01	2.897216e-01	2.889670e-01	2.894571e-01
0	cP68	67	0	800	2	1	0.172	1.492356e-01	6.594376e-02	2.389908e-02	2.367982e-02	2.417304e-02
0	cP74	67	0	800	2	1	0.023	1.134646e-02	1.684428e-01	9.463113e-01	9.462273e-01	9.462443e-01
0	cP94	67	0	800	2	1	0.104	1.961913e-01	8.191857e-02	1.685207e-02	1.668112e-02	1.710800e-02
0	nP29	67	0	800	2	1	0.027	-2.831998e-01	1.565475e-01	7.082187e-02	7.038158e-02	7.104564e-02
0	nP87	67	0	800	2	1	0.028	-2.649008e-01	1.532589e-01	8.429389e-02	8.380893e-02	8.448512e-02
0	nP141	67	0	800	2	1	0.006	4.176674e-01	3.351083e-01	2.129959e-01	2.122802e-01	2.128683e-01
0	nP230	67	0	800	2	1	0.106	-1.391743e-02	7.913584e-02	8.604426e-01	8.602263e-01	8.602723e-01
0	nP292	67	0	800	2	1	0.110	-8.715548e-02	7.922500e-02	2.716200e-01	2.708700e-01	2.713835e-01
0	nP402	67	0	800	2	1	0.029	2.596525e-01	1.468656e-01	7.744960e-02	7.698659e-02	7.765773e-02
0	nP406	67	0	800	2	1	0.045	-2.810614e-01	1.213672e-01	2.082215e-02	2.062317e-02	2.109010e-02
0	nP416	67	0	800	2	1	0.033	3.801929e-02	1.422326e-01	7.893045e-01	7.889823e-01	7.890561e-01
0	nP422	67	0	800	2	1	0.004	-1.548550e-02	3.798664e-01	9.674929e-01	9.674420e-01	9.674523e-01
0	nP473	67	0	800	2	1	0.005	9.197177e-01	3.540633e-01	9.560567e-03	9.448419e-03	9.774470e-03
0	nP499	67	0	800	2	1	0.040	-2.546995e-01	1.300911e-01	5.059512e-02	5.023480e-02	5.085903e-02
0	nP537	67	0	800	2	1	0.006	2.554410e-02	3.354331e-01	9.393168e-01	9.392219e-01	9.392411e-01
0	nP660	67	0	800	2	1	0.023	-2.082461e-01	1.594683e-01	1.919704e-01	1.912753e-01	1.918886e-01
0	nP664	67	0	800	2	1	0.004	6.833098e-01	4.093305e-01	9.544315e-02	9.492540e-02	9.560577e-02
0	nP676	67	0	800	2	1	0.012	-7.728827e-02	2.323189e-01	7.394618e-01	7.390687e-01	7.391649e-01
0	nP683	67	0	800	2	1	0.016	-1.078743e-01	1.994712e-01	5.887956e-01	5.882120e-01	5.883973e-01
0	nP716	67	0	800	2	1	0.009	-2.041493e-01	2.697030e-01	4.493085e-01	4.485987e-01	4.489038e-01
0	nP728	67	0	800	2	1	0.077	2.720849e-01	9.545479e-02	4.478925e-03	4.416789e-03	4.632494e-03
0	nP739	67	0	800	2	1	0.070	9.901054e-02	9.607908e-02	3.030825e-01	3.023259e-01	3.027990e-01
0	nP758	67	0	800	2	1	0.004	-7.908440e-01	4.090877e-01	5.356634e-02	5.319313e-02	5.382537e-02
0	nP765	67	0	800	2	1	0.004	-1.092108e+00	4.082180e-01	7.619064e-03	7.524821e-03	7.814563e-03
0	nP804	67	0	800	2	1	0.004	2.554233e-01	3.797592e-01	5.014010e-01	5.007311e-01	5.009867e-01
0	nP808	67	0	800	2	1	0.017	2.814623e-01	1.956514e-01	1.506585e-01	1.500202e-01	1.506762e-01
0	nP817	67	0	800	2	1	0.010	1.923950e-01	2.526045e-01	4.464967e-01	4.457851e-01	4.460930e-01
0	nP821	67	0	800	2	1	0.009	-2.521201e-01	2.606646e-01	3.337269e-01	3.329704e-01	3.334053e-01
0	nP836	67	0	800	2	1	0.077	1.107478e-01	9.172843e-02	2.276574e-01	2.269301e-01	2.274999e-01
0	nP876	67	0	800	2	1	0.009	-2.365808e-01	2.606829e-01	3.643939e-01	3.636433e-01	3.640412e-01
0	nP894	67	0	800	2	1	0.051	1.977064e-01	1.154858e-01	8.729380e-02	8.679967e-02	8.747744e-02
0	nP942	67	0	800	2	1	0.021	-2.593786e-01	1.722805e-01	1.325758e-01	1.319705e-01	1.326403e-01
0	nP998	67	0	800	2	1	0.005	1.463420e-01	3.555193e-01	6.807220e-01	6.802496e-01	6.803763e-01
0	nP1039	67	0	800	2	1	0.017	-1.277491e-01	1.958527e-01	5.144140e-01	5.137555e-01	5.139997e-01
0	nP1047	67	0	800	2	1	0.022	1.512254e-01	1.705710e-01	3.755703e-01	3.748231e-01	3.752079e-01
0	nP1060	67	0	800	2	1	0.021	-2.623057e-01	1.751271e-01	1.345802e-01	1.339709e-01	1.346394e-01
0	nP1074	67	0	800	2	1	0.009	-3.171136e-01	2.605757e-01	2.239742e-01	2.232497e-01	2.238241e-01
0	nP1106	67	0	800	2	1	0.010	5.757583e-02	2.526881e-01	8.198186e-01	8.195413e-01	8.196026e-01
0	nP1177	67	0	800	2	1	0.005	-8.452273e-03	3.555570e-01	9.810405e-01	9.810108e-01	9.810167e-01
0	nP1199	67	0	800	2	1	0.006	-3.352844e-01	3.182010e-01	2.923450e-01	2.915898e-01	2.920766e-01
0	nP1203	67	0	800	2	1	0.054	2.409225e-01	1.118727e-01	3.157507e-02	3.130961e-02	3.185512e-02
0	nP1259	67	0	800	2	1	0.037	9.143285e-03	1.343149e-01	9.457442e-01	9.456593e-01	9.456765e-01
0	nP1269	67	0	800	2	1	0.018	-8.246970e-02	1.892514e-01	6.631229e-01	6.626279e-01	6.627648e-01
0	nP1283	67	0	800	2	1	0.031	-2.206916e-03	1.475363e-01	9.880691e-01	9.880504e-01	9.880541e-01
0	nP1288	67	0	800	2	1	0.047	-6.766762e-03	1.179503e-01	9.542651e-01	9.541936e-01	9.542080e-01
0	nP671	71	0	800	2	1	0.017	-3.498228e-01	1.955131e-01	7.395288e-02	7.350167e-02	7.416936e-02
0	nP1248	71	0	800	2	1	0.004	-5.876783e-01	3.792967e-01	1.216846e-01	1.211019e-01	1.217778e-01
0	cP32	75	0	800	2	1	0.184	4.667081e-01	6.244772e-02	2.053670e-13	1.884484e-13	1.100823e-12
0	cP61	75	0	800	2	1	0.354	1.808826e-01	5.208706e-02	5.429894e-04	5.321755e-04	5.877230e-04
0	cP105	75	0	800	2	1	0.292	1.813353e-01	5.553299e-02	1.139874e-03	1.119605e-03	1.211517e-03
0	nP76	75	0	800	2	1	0.022	3.920866e-02	1.729570e-01	8.207182e-01	8.204422e-01	8.205032e-01
0	nP99	75	0	800	2	1	0.015	-2.709788e-02	2.073843e-01	8.960732e-01	8.959114e-01	8.959449e-01
0	nP123	75	0	800	2	1	0.021	-2.492307e-01	1.751511e-01	1.551423e-01	1.544967e-01	1.551487e-01
0	nP166	75	0	800	2	1	0.016	-9.242424e-02	1.994809e-01	6.432587e-01	6.427389e-01	6.428878e-01
0	nP205	75	0	800	2	1	0.057	9.696800e-02	1.113697e-01	3.841875e-01	3.834433e-01	3.838183e-01
0	nP377	75	0	800	2	1	0.005	-1.491411e-01	3.555179e-01	6.749608e-01	6.744810e-01	6.746110e-01
0	nP382	75	0	800	2	1	0.004	3.125265e-01	4.098953e-01	4.460141e-01	4.453021e-01	4.456105e-01
0	nP461	75	0	800	2	1	0.005	-3.618636e-03	3.555571e-01	9.918823e-01	9.918696e-01	9.918722e-01
0	nP495	75	0	800	2	1	0.026	2.608106e-02	1.547754e-01	8.662255e-01	8.660180e-01	8.660620e-01
0	nP514	75	0	800	2	1	0.024	-1.083397e-02	1.619077e-01	9.466665e-01	9.465831e-01	9.466000e-01
0	nP527	75	0	800	2	1	0.019	2.834620e-01	1.830296e-01	1.218449e-01	1.212618e-01	1.219376e-01
0	nP533	75	0	800	2	1	0.007	5.784214e-01	2.903259e-01	4.667649e-02	4.633388e-02	4.694611e-02
0	nP618	75	0	800	2	1	0.015	8.966336e-02	2.073622e-01	6.655677e-01	6.650759e-01	6.652113e-01
0	nP688	75	0	800	2	1	0.031	2.250731e-01	1.459335e-01	1.233974e-01	1.228110e-01	1.234861e-01
0	nP706	75	0	800	2	1	0.010	-2.093097e-01	2.525877e-01	4.075437e-01	4.068097e-01	4.071586e-01
0	nP786	75	0	800	2	1	0.054	-2.385833e-01	1.118790e-01	3.326946e-02	3.299453e-02	3.354956e-02
0	nP871	75	0	800	2	1	0.088	-3.578148e-02	8.979612e-02	6.903869e-01	6.899272e-01	6.900486e-01
0	nP947	75	0	800	2	1	0.014	1.046833e-01	2.116781e-01	6.210611e-01	6.205146e-01	6.206776e-01
0	nP1033	75	0	800	2	1	0.004	-2.534736e-01	4.099464e-01	5.365481e-01	5.359103e-01	5.361357e-01
0	nP1052	75	0	800	2	1	0.017	1.002294e-02	1.959046e-01	9.592089e-01	9.591451e-01	9.591580e-01
0	nP1065	75	0	800	2	1	0.026	2.285380e-01	1.584135e-01	1.495065e-01	1.488701e-01	1.495271e-01
0	nP1070	75	0	800	2	1	0.031	-3.384806e-01	1.397751e-01	1.567394e-02	1.551178e-02	1.592512e-02
0	nP1212	75	0	800	2	1	0.009	-5.094607e-02	2.447137e-01	8.351365e-01	8.348820e-01	8.349374e-01
0	nP1240	75	0	800	2	1	0.004	-3.144128e-01	4.098935e-01	4.432729e-01	4.425592e-01	4.428704e-01
0	nP1265	75	0	800	2	1	0.011	2.598134e-01	2.451355e-01	2.895213e-01	2.887667e-01	2.892571e-01
0	cP52	78	0	800	2	1	0.017	5.406100e-01	1.949679e-01	5.686955e-03	5.611911e-03	5.858955e-03
0	cP6	80	0	800	2	1	0.164	1.760798e-01	6.745330e-02	9.213366e-03	9.104333e-03	9.424286e-03
0	cP17	80	0	800	2	1	0.044	2.658422e-01	1.240446e-01	3.240537e-02	3.213524e-02	3.268549e-02
0	cP23	80	0	800	2	1	0.026	3.466270e-02	1.564601e-01	8.247260e-01	8.244560e-01	8.245154e-01
0	cP43	80	0	800	2	1	0.061	7.192951e-02	1.066398e-01	5.001829e-01	4.995120e-01	4.997687e-01
0	cP80	80	0	800	2	1	0.005	4.657876e-01	3.551746e-01	1.900887e-01	1.893958e-01	1.900112e-01
0	cP100	80	0	800	1	2	0.033	-6.634691e-02	1.394293e-01	6.343143e-01	6.337836e-01	6.339380e-01
0	nP8	80	0	800	2	1	0.016	-3.725141e-01	1.990715e-01	6.167501e-02	6.126872e-02	6.191869e-02
0	nP111	80	0	800	2	1	0.010	-1.822199e-01	2.526140e-01	4.709132e-01	4.702188e-01	4.705027e-01
0	nP155	80	0	800	2	1	0.004	-2.631758e-02	3.798656e-01	9.447831e-01	9.446967e-01	9.447142e-01
0	nP271	80	0	800	2	1	0.004	-4.221570e-01	4.097721e-01	3.032171e-01	3.024605e-01	3.029335e-01
0	nP585	80	0	800	2	1	0.006	3.213390e-01	3.352413e-01	3.380858e-01	3.373298e-01	3.377593e-01
0	nP934	80	0	800	2	1	0.061	1.685818e-02	1.047551e-01	8.721897e-01	8.719913e-01	8.720331e-01
0	nP971	80	0	800	2	1	0.014	-3.889148e-01	2.158910e-01	7.201079e-02	7.156631e-02	7.223182e-02
0	nP1004	80	0	800	2	1	0.006	-2.243177e-01	3.183232e-01	4.812117e-01	4.805252e-01	4.807993e-01
0	nP1010	80	0	800	2	1	0.044	-2.347531e-01	1.187147e-01	4.833387e-02	4.798367e-02	4.860119e-02
0	nP1255	80	0	800	2	1	0.016	-1.619387e-02	1.954178e-01	9.339773e-01	9.338742e-01	9.338951e-01
0	nP1275	80	0	800	2	1	0.018	1.029126e-01	1.892388e-01	5.867144e-01	5.861286e-01	5.863154e-01
0	cP69	83	0	800	2	1	0.005	1.359656e-01	3.555245e-01	7.022393e-01	7.017954e-01	7.019103e-01
0	nP212	83	0	800	2	1	0.004	5.372358e-02	4.100401e-01	8.957923e-01	8.956300e-01	8.956636e-01
0	nP423	83	0	800	2	1	0.005	-2.588913e-01	3.554390e-01	4.666004e-01	4.659028e-01	4.661908e-01
0	nP766	83	0	800	2	1	0.013	-5.868597e-02	2.265877e-01	7.957029e-01	7.953900e-01	7.954611e-01
0	nP25	86	0	800	2	1	0.061	5.652042e-02	1.071128e-01	5.978738e-01	5.973004e-01	5.974793e-01
0	nP980	86	0	800	2	1	0.004	-1.984972e-02	4.100440e-01	9.614026e-01	9.613422e-01	9.613543e-01
0	nP1249	86	0	800	2	1	0.004	2.572464e-01	3.797576e-01	4.983509e-01	4.976784e-01	4.979367e-01
0	cP62	88	0	800	2	1	0.149	3.881656e-01	6.991898e-02	3.853887e-08	3.670293e-08	6.562672e-08
0	nP1034	88	0	800	2	1	0.028	1.744491e-01	1.550549e-01	2.608936e-01	2.601477e-01	2.606749e-01
0	cP7	100	0	800	2	1	0.025	9.402664e-01	1.546720e-01	1.871850e-09	1.766322e-09	4.000253e-09
0	cP18	100	0	800	2	1	0.016	2.979868e-01	2.030537e-01	1.426267e-01	1.420024e-01	1.426650e-01
0	cP24	100	0	800	2	1	0.420	8.888109e-01	4.042800e-02	4.003601e-84	2.221999e-84	1.411058e-57
0	cP38	100	0	800	2	1	0.011	2.711927e-01	2.451200e-01	2.689010e-01	2.681520e-01	2.686689e-01
0	cP54	100	0	800	2	1	0.007	1.962986e-01	3.037165e-01	5.182569e-01	5.176019e-01	5.178427e-01
0	cP70	100	0	800	2	1	0.006	4.652445e-01	3.179960e-01	1.438471e-01	1.432206e-01	1.438823e-01
0	cP106	100	0	800	2	1	0.037	9.724188e-01	1.250713e-01	2.328474e-14	2.122390e-14	1.635533e-13
0	nP3	100	0	800	2	1	0.006	2.215422e-01	3.353426e-01	5.090311e-01	5.083678e-01	5.086166e-01
0	nP9	100	0	800	2	1	0.004	-1.552644e-01	3.798270e-01	6.828134e-01	6.823437e-01	6.824692e-01
0	nP13	100	0	800	2	1	0.017	2.415074e-01	1.957183e-01	2.175832e-01	2.168637e-01	2.174461e-01
0	nP15	100	0	800	2	1	0.026	2.097730e-01	1.584460e-01	1.859020e-01	1.852138e-01	1.858341e-01
0	nP18	100	0	800	2	1	0.004	1.321376e-02	3.798665e-01	9.722597e-01	9.722162e-01	9.722249e-01
0	nP26	100	0	800	2	1	0.009	-1.426549e-01	2.446682e-01	5.600213e-01	5.594069e-01	5.596137e-01
0	nP34	100	0	800	2	1	0.040	8.462291e-02	1.241910e-01	4.958204e-01	4.951458e-01	4.954064e-01
0	nP36	100	0	800	2	1	0.018	9.405641e-02	1.857178e-01	6.126820e-01	6.121256e-01	6.122943e-01
0	nP45	100	0	800	2	1	0.014	-2.575817e-01	2.161373e-01	2.337133e-01	2.329819e-01	2.335440e-01
0	nP52	100	0	800	2	1	0.011	3.644432e-01	2.381997e-01	1.264155e-01	1.258227e-01	1.264961e-01
0	nP55	100	0	800	2	1	0.006	-1.867498e-01	3.353691e-01	5.777870e-01	5.771914e-01	5.773847e-01
0	nP64	100	0	800	2	1	0.019	1.549004e-01	1.744314e-01	3.747917e-01	3.740442e-01	3.744300e-01
0	nP77	100	0	800	2	1	0.014	-2.021403e-01	2.162111e-01	3.501120e-01	3.493580e-01	3.497729e-01
0	nP88	100	0	800	2	1	0.027	2.220448e-01	1.529475e-01	1.469582e-01	1.463262e-01	1.469853e-01
0	nP100	100	0	800	2	1	0.005	-2.113994e-01	3.554783e-01	5.522194e-01	5.515970e-01	5.518099e-01
0	nP112	100	0	800	2	1	0.007	1.558808e-01	2.909947e-01	5.923272e-01	5.917476e-01	5.919304e-01
0	nP119	100	0	800	2	1	0.004	-1.577437e-01	3.798257e-01	6.780300e-01	6.775541e-01	6.776824e-01
0	nP124	100	0	800	2	1	0.024	-3.259552e-01	1.614965e-01	4.388970e-02	4.356021e-02	4.416277e-02
0	nP136	100	0	800	2	1	0.086	1.858290e-01	8.954703e-02	3.828677e-02	3.798509e-02	3.856494e-02
0	nP162	100	0	800	2	1	0.018	-4.702441e-01	1.917782e-01	1.441891e-02	1.426637e-02	1.466433e-02
0	nP171	100	0	800	2	1	0.005	3.511493e-01	3.553397e-01	3.233506e-01	3.225935e-01	3.230411e-01
0	nP179	100	0	800	2	1	0.004	3.625275e-01	4.098437e-01	3.766655e-01	3.759186e-01	3.763022e-01
0	nP194	100	0	800	2	1	0.012	8.917957e-02	2.323135e-01	7.011727e-01	7.007273e-01	7.008428e-01
0	nP199	100	0	800	2	1	0.008	4.475887e-03	2.798065e-01	9.872413e-01	9.872213e-01	9.872253e-01
0	nP206	100	0	800	2	1	0.012	2.896621e-01	2.321086e-01	2.124120e-01	2.116968e-01	2.122856e-01
0	nP217	100	0	800	2	1	0.004	1.480190e-01	4.100111e-01	7.181859e-01	7.177635e-01	7.178702e-01
0	nP231	100	0	800	2	1	0.008	4.807389e-02	2.798014e-01	8.636270e-01	8.634156e-01	8.634604e-01
0	nP237	100	0	800	2	1	0.029	1.462659e-01	1.453160e-01	3.144627e-01	3.137054e-01	3.141642e-01
0	nP241	100	0	800	2	1	0.014	4.759475e-01	2.061889e-01	2.123684e-02	2.103506e-02	2.150575e-02
0	nP255	100	0	800	2	1	0.004	-2.427250e-01	3.797696e-01	5.229169e-01	5.222662e-01	5.225030e-01
0	nP265	100	0	800	2	1	0.005	1.521765e-02	3.555567e-01	9.658721e-01	9.658186e-01	9.658294e-01
0	nP272	100	0	800	2	1	0.009	-4.877668e-01	2.692467e-01	7.042418e-02	6.998530e-02	7.064886e-02
0	nP282	100	0	800	2	1	0.046	-3.513722e-02	1.220985e-01	7.735916e-01	7.732467e-01	7.733273e-01
0	nP289	100	0	800	2	1	0.009	-1.851589e-01	2.697202e-01	4.926065e-01	4.919292e-01	4.921928e-01
0	nP293	100	0	800	2	1	0.039	-2.232181e-02	1.279103e-01	8.615079e-01	8.612932e-01	8.613388e-01
0	nP303	100	0	800	2	1	0.007	5.277435e-01	3.032211e-01	8.216409e-02	8.168580e-02	8.236065e-02
0	nP312	100	0	800	2	1	0.008	-3.315157e-01	2.795603e-01	2.360358e-01	2.353028e-01	2.358620e-01
0	nP316	100	0	800	2	1	0.005	4.754520e-02	3.555531e-01	8.936563e-01	8.934907e-01	8.935251e-01
0	nP332	100	0	800	2	1	0.004	-8.558010e-01	3.786568e-01	2.408404e-02	2.386359e-02	2.435827e-02
0	nP337	100	0	800	2	1	0.004	2.577453e-01	3.797572e-01	4.975180e-01	4.968448e-01	4.971038e-01
0	nP342	100	0	800	2	1	0.004	-5.750798e-02	4.100395e-01	8.884980e-01	8.883245e-01	8.883606e-01
0	nP352	100	0	800	2	1	0.042	7.543632e-02	1.218636e-01	5.360781e-01	5.354399e-01	5.356657e-01
0	nP358	100	0	800	2	1	0.071	2.264023e-02	1.005439e-01	8.218987e-01	8.216245e-01	8.216850e-01
0	nP383	100	0	800	2	1	0.004	-1.897238e-01	4.099896e-01	6.436678e-01	6.431485e-01	6.432971e-01
0	nP390	100	0	800	2	1	0.011	-5.206896e-01	2.446145e-01	3.359199e-02	3.331528e-02	3.387204e-02
0	nP399	100	0	800	2	1	0.004	1.397638e-01	3.798346e-01	7.130009e-01	7.125714e-01	7.126807e-01
0	nP407	100	0	800	2	1	0.006	-2.530225e-01	3.353147e-01	4.507223e-01	4.500135e-01	4.503171e-01
0	nP410	100	0	800	2	1	0.027	7.099270e-02	1.496620e-01	6.353776e-01	6.348482e-01	6.350020e-01
0	nP417	100	0	800	2	1	0.037	1.312527e-01	1.296387e-01	3.116298e-01	3.108727e-01	3.113350e-01
0	nP424	100	0	800	2	1	0.032	1.484875e-01	1.447120e-01	3.051604e-01	3.044036e-01	3.048741e-01
0	nP432	100	0	800	2	1	0.019	-2.140312e-01	1.860592e-01	2.503487e-01	2.496076e-01	2.501484e-01
0	nP435	100	0	800	2	1	0.012	-6.356827e-02	2.323241e-01	7.844483e-01	7.841191e-01	7.841949e-01
0	nP442	100	0	800	2	1	0.021	1.265092e-01	1.778380e-01	4.770610e-01	4.763712e-01	4.766492e-01
0	nP446	100	0	800	2	1	0.032	-6.361385e-02	1.390801e-01	6.475153e-01	6.470008e-01	6.471470e-01
0	nP452	100	0	800	2	1	0.012	-1.197212e-01	2.322963e-01	6.064292e-01	6.058656e-01	6.060385e-01
0	nP454	100	0	800	2	1	0.007	-1.936582e-01	2.909663e-01	5.058789e-01	5.052129e-01	5.054645e-01
0	nP457	100	0	800	2	1	0.006	-1.174210e-02	3.354340e-01	9.720840e-01	9.720403e-01	9.720490e-01
0	nP464	100	0	800	2	1	0.031	7.380180e-02	1.402634e-01	5.989193e-01	5.983471e-01	5.985252e-01
0	nP466	100	0	800	2	1	0.008	1.524007e-01	2.797545e-01	5.860667e-01	5.854802e-01	5.856674e-01
0	nP474	100	0	800	2	1	0.007	-1.541607e-01	3.037470e-01	6.119232e-01	6.113660e-01	6.115351e-01
0	nP477	100	0	800	2	1	0.005	2.958966e-01	3.554028e-01	4.053381e-01	4.046030e-01	4.049543e-01
0	nP482	100	0	800	2	1	0.007	1.215005e-01	3.037656e-01	6.892775e-01	6.888164e-01	6.889383e-01
0	nP496	100	0	800	2	1	0.006	5.467344e-01	3.348754e-01	1.029371e-01	1.023992e-01	1.030800e-01
0	nP500	100	0	800	2	1	0.007	-1.121759e-01	3.037701e-01	7.120178e-01	7.115869e-01	7.116968e-01
0	nP505	100	0	800	2	1	0.005	-3.872861e-01	3.552927e-01	2.760210e-01	2.752697e-01	2.757774e-01
0	nP507	100	0	800	2	1	0.011	-2.742109e-01	2.383513e-01	2.503037e-01	2.495626e-01	2.501035e-01
0	nP517	100	0	800	2	1	0.006	-1.435271e-02	3.184218e-01	9.640592e-01	9.640029e-01	9.640143e-01
0	nP520	100	0	800	2	1	0.038	8.341228e-02	1.266894e-01	5.104710e-01	5.098090e-01	5.100566e-01
0	nP529	100	0	800	2	1	0.006	8.240972e-02	3.184089e-01	7.958430e-01	7.955303e-01	7.956013e-01
0	nP534	100	0	800	2	1	0.034	-5.346956e-02	1.382777e-01	6.990944e-01	6.986462e-01	6.987629e-01
0	nP544	100	0	800	2	1	0.008	-1.831656e-01	2.797314e-01	5.127911e-01	5.121311e-01	5.123767e-01
0	nP555	100	0	800	2	1	0.011	1.346929e-01	2.385012e-01	5.724043e-01	5.718030e-01	5.720003e-01
0	nP561	100	0	800	2	1	0.008	2.589831e-01	2.796563e-01	3.546863e-01	3.539332e-01	3.543426e-01
0	nP565	100	0	800	2	1	0.007	1.470001e-01	3.037515e-01	6.285552e-01	6.280175e-01	6.281757e-01
0	nP573	100	0	800	2	1	0.006	-1.939088e-01	3.183482e-01	5.426256e-01	5.419937e-01	5.422142e-01
0	nP592	100	0	800	2	1	0.009	-3.932558e-01	2.694404e-01	1.448135e-01	1.441852e-01	1.448461e-01
0	nP601	100	0	800	2	1	0.024	-1.742300e-01	1.617906e-01	2.818568e-01	2.811039e-01	2.816042e-01
0	nP607	100	0	800	2	1	0.006	-1.993898e-01	3.353600e-01	5.523098e-01	5.516875e-01	5.519003e-01
0	nP619	100	0	800	2	1	0.009	9.918873e-02	2.697770e-01	7.132173e-01	7.127880e-01	7.128973e-01
0	nP622	100	0	800	2	1	0.014	1.932658e-01	2.162213e-01	3.716806e-01	3.709321e-01	3.713214e-01
0	nP641	100	0	800	2	1	0.004	3.538707e-02	4.100426e-01	9.312488e-01	9.311414e-01	9.311633e-01
0	nP677	100	0	800	2	1	0.004	4.616941e-02	3.798633e-01	9.032922e-01	9.031415e-01	9.031726e-01
0	nP684	100	0	800	2	1	0.004	1.210328e-01	4.100222e-01	7.679285e-01	7.675755e-01	7.676586e-01
0	nP689	100	0	800	2	1	0.029	3.797258e-01	1.513724e-01	1.231993e-02	1.218419e-02	1.255377e-02
0	nP692	100	0	800	2	1	0.005	-3.374934e-01	3.553563e-01	3.425358e-01	3.417804e-01	3.422045e-01
0	nP695	100	0	800	2	1	0.022	-1.244788e-01	1.705981e-01	4.658113e-01	4.651131e-01	4.654018e-01
0	nP702	100	0	800	2	1	0.011	3.094934e-01	2.450631e-01	2.069894e-01	2.062791e-01	2.068745e-01
0	nP713	100	0	800	2	1	0.007	2.352969e-01	3.036818e-01	4.386792e-01	4.379626e-01	4.382784e-01
0	nP717	100	0	800	2	1	0.104	-5.750359e-02	8.348986e-02	4.911812e-01	4.905027e-01	4.907676e-01
0	nP720	100	0	800	2	1	0.006	3.298056e-01	3.182081e-01	3.003080e-01	2.995518e-01	3.000284e-01
0	nP723	100	0	800	2	1	0.005	-2.331503e-03	3.555571e-01	9.947697e-01	9.947615e-01	9.947631e-01
0	nP730	100	0	800	2	1	0.004	5.216466e-01	3.794177e-01	1.695605e-01	1.688933e-01	1.695312e-01
0	nP736	100	0	800	2	1	0.022	-2.478440e-01	1.727399e-01	1.517413e-01	1.511012e-01	1.517563e-01
0	nP751	100	0	800	2	1	0.004	-3.930616e-01	4.098084e-01	3.377812e-01	3.370252e-01	3.374550e-01
0	nP760	100	0	800	2	1	0.013	6.848449e-02	2.212649e-01	7.570117e-01	7.566432e-01	7.567311e-01
0	nP782	100	0	800	2	1	0.007	-3.419701e-01	2.907952e-01	2.399525e-01	2.392171e-01	2.397713e-01
0	nP790	100	0	800	2	1	0.062	-2.422407e-02	1.013337e-01	8.111264e-01	8.108362e-01	8.109010e-01
0	nP795	100	0	800	2	1	0.010	9.959968e-03	2.526961e-01	9.685695e-01	9.685203e-01	9.685302e-01
0	nP805	100	0	800	2	1	0.013	1.194817e-01	2.212377e-01	5.893062e-01	5.887233e-01	5.889082e-01
0	nP809	100	0	800	2	1	0.014	1.302225e-01	2.162804e-01	5.472782e-01	5.466510e-01	5.468677e-01
0	nP840	100	0	800	2	1	0.033	-1.687512e-01	1.393211e-01	2.261623e-01	2.254361e-01	2.260077e-01
0	nP844	100	0	800	2	1	0.032	1.634439e-01	1.417488e-01	2.492338e-01	2.484933e-01	2.490356e-01
0	nP852	100	0	800	2	1	0.014	2.331019e-01	2.161721e-01	2.812183e-01	2.804656e-01	2.809667e-01
0	nP860	100	0	800	2	1	0.007	5.999961e-01	2.902710e-01	3.905422e-02	3.874861e-02	3.933185e-02
0	nP872	100	0	800	2	1	0.004	-5.605704e-01	4.095641e-01	1.714782e-01	1.708084e-01	1.714443e-01
0	nP883	100	0	800	2	1	0.045	-1.589648e-01	1.216442e-01	1.916568e-01	1.909621e-01	1.915757e-01
0	nP887	100	0	800	2	1	0.007	-2.784633e-01	3.036361e-01	3.593696e-01	3.586176e-01	3.590214e-01
0	nP889	100	0	800	2	1	0.026	-6.746209e-03	1.586197e-01	9.660863e-01	9.660332e-01	9.660439e-01
0	nP895	100	0	800	2	1	0.031	1.829582e-01	1.460073e-01	2.105452e-01	2.098316e-01	2.104227e-01
0	nP900	100	0	800	2	1	0.073	1.438911e-03	9.817199e-02	9.883095e-01	9.882911e-01	9.882948e-01
0	nP926	100	0	800	2	1	0.010	-3.075142e-01	2.524617e-01	2.235602e-01	2.228360e-01	2.234109e-01
0	nP939	100	0	800	2	1	0.009	-1.774025e-01	2.446397e-01	4.685676e-01	4.678714e-01	4.681575e-01
0	nP943	100	0	800	2	1	0.048	4.604272e-02	1.172800e-01	6.947286e-01	6.942747e-01	6.943937e-01
0	nP948	100	0	800	2	1	0.006	-4.106480e-01	3.351191e-01	2.207939e-01	2.200718e-01	2.206502e-01
0	nP951	100	0	800	2	1	0.017	2.249952e-01	1.957429e-01	2.507180e-01	2.499767e-01	2.505171e-01
0	nP964	100	0	800	2	1	0.009	3.359493e-01	2.695376e-01	2.129865e-01	2.122708e-01	2.128589e-01
0	nP966	100	0	800	2	1	0.013	-7.354906e-02	2.265823e-01	7.455674e-01	7.451828e-01	7.452761e-01
0	nP981	100	0	800	2	1	0.024	-3.274449e-01	1.596056e-01	4.053563e-02	4.022254e-02	4.081208e-02
0	nP1015	100	0	800	2	1	0.007	2.925771e-01	3.036194e-01	3.355228e-01	3.347665e-01	3.351992e-01
0	nP1024	100	0	800	2	1	0.008	2.789798e-01	2.796322e-01	3.187433e-01	3.179861e-01	3.184395e-01
0	nP1035	100	0	800	2	1	0.055	5.970486e-02	1.102655e-01	5.883384e-01	5.877544e-01	5.879400e-01
0	nP1040	100	0	800	2	1	0.018	1.015133e-01	1.924658e-01	5.980377e-01	5.974645e-01	5.976433e-01
0	nP1053	100	0	800	2	1	0.006	1.594641e-01	3.183722e-01	6.165985e-01	6.160467e-01	6.162127e-01
0	nP1055	100	0	800	2	1	0.064	1.230146e-01	1.025724e-01	2.307690e-01	2.300396e-01	2.306054e-01
0	nP1057	100	0	800	2	1	0.030	-1.065612e-01	1.457216e-01	4.648315e-01	4.641326e-01	4.644223e-01
0	nP1061	100	0	800	2	1	0.004	1.738463e-01	3.798169e-01	6.472848e-01	6.467700e-01	6.469164e-01
0	nP1066	100	0	800	2	1	0.031	3.355106e-02	1.402827e-01	8.110371e-01	8.107468e-01	8.108116e-01
0	nP1071	100	0	800	2	1	0.005	-2.850095e-01	3.554139e-01	4.228446e-01	4.221186e-01	4.224510e-01
0	nP1111	100	0	800	2	1	0.006	-1.240609e-01	3.354055e-01	7.115677e-01	7.111362e-01	7.112463e-01
0	nP1116	100	0	800	2	1	0.007	2.776878e-01	3.036369e-01	3.607100e-01	3.599584e-01	3.603607e-01
0	nP1118	100	0	800	2	1	0.026	5.797658e-02	1.586066e-01	7.148075e-01	7.143804e-01	7.144888e-01
0	nP1124	100	0	800	2	1	0.027	1.176386e-02	1.568676e-01	9.402396e-01	9.401462e-01	9.401651e-01
0	nP1129	100	0	800	2	1	0.014	2.936954e-01	2.066147e-01	1.555725e-01	1.549262e-01	1.555778e-01
0	nP1143	100	0	800	2	1	0.033	2.551619e-01	1.376459e-01	6.414298e-02	6.372720e-02	6.438152e-02
0	nP1149	100	0	800	2	1	0.004	2.189500e-01	4.099713e-01	5.934476e-01	5.928693e-01	5.930512e-01
0	nP1154	100	0	800	2	1	0.009	-3.063956e-01	2.695817e-01	2.560638e-01	2.553199e-01	2.558534e-01
0	nP1160	100	0	800	2	1	0.037	1.481325e-01	1.296159e-01	2.534407e-01	2.526981e-01	2.532350e-01
0	nP1184	100	0	800	2	1	0.004	-3.784533e-01	3.796305e-01	3.191156e-01	3.183584e-01	3.188113e-01
0	nP1204	100	0	800	2	1	0.020	8.448320e-03	1.805347e-01	9.626874e-01	9.626291e-01	9.626408e-01
0	nP1206	100	0	800	2	1	0.033	7.286430e-02	1.379179e-01	5.974265e-01	5.968526e-01	5.970318e-01
0	nP1216	100	0	800	2	1	0.009	-2.095904e-01	2.607118e-01	4.216849e-01	4.209582e-01	4.212919e-01
0	nP1227	100	0	800	2	1	0.011	2.371110e-01	2.451643e-01	3.337612e-01	3.330048e-01	3.334396e-01
0	nP1229	100	0	800	2	1	0.020	3.132787e-02	1.805316e-01	8.622778e-01	8.620643e-01	8.621097e-01
0	nP1250	100	0	800	2	1	0.004	8.367824e-02	4.100339e-01	8.383458e-01	8.380962e-01	8.381503e-01
0	nP1266	100	0	800	2	1	0.026	1.426809e-01	1.603573e-01	3.738583e-01	3.731105e-01	3.734974e-01
0	nP1270	100	0	800	2	1	0.031	-3.856729e-02	1.431228e-01	7.876378e-01	7.873132e-01	7.873876e-01
