chr	rs	ps	n_mis	n_obs	allele1	allele0	af	beta	se	p_wald	p_lrt	p_score
0	cP6	0	0	800	2	1	0.020	3.464731e-01	1.744999e-01	4.742847e-02	4.708239e-02	4.769706e-02
0	cP8	0	0	800	2	1	0.027	1.243429e-01	1.530861e-01	4.168953e-01	4.161661e-01	4.165048e-01
0	cP12	0	0	800	2	1	0.006	2.217432e-01	3.353424e-01	5.086466e-01	5.079830e-01	5.082322e-01
0	cP16	0	0	800	2	1	0.062	-2.725795e-02	1.050348e-01	7.953060e-01	7.949926e-01	7.950638e-01
0	cP21	0	0	800	2	1	0.093	-1.504851e+00	6.921599e-02	1.128029e-82	6.325211e-83	6.474295e-57
0	cP31	0	0	800	2	1	0.007	5.690661e-01	2.903491e-01	5.035075e-02	4.999151e-02	5.061504e-02
0	cP33	0	0	800	2	1	0.005	-4.976548e-01	3.551204e-01	1.614925e-01	1.608370e-01	1.614830e-01
0	cP38	0	0	800	2	1	0.024	-3.700162e-01	1.637599e-01	2.412097e-02	2.390028e-02	2.439526e-02
0	cP45	0	0	800	1	2	0.004	1.379154e+00	4.071278e-01	7.398213e-04	7.257466e-04	7.944762e-04
0	cP47	0	0	800	2	1	0.005	-1.822156e-01	3.554986e-01	6.083986e-01	6.078373e-01	6.080088e-01
0	cP66	0	0	800	2	1	0.061	1.025991e-01	1.058619e-01	3.327499e-01	3.319933e-01	3.324293e-01
0	cP75	0	0	800	1	2	0.014	9.053510e-01	2.092707e-01	1.709324e-05	1.658152e-05	2.080275e-05
0	nP22	0	0	800	2	1	0.011	4.771884e-02	2.317672e-01	8.369284e-01	8.366766e-01	8.367313e-01
0	nP27	0	0	800	2	1	0.012	-2.175342e-01	2.322073e-01	3.491397e-01	3.483855e-01	3.488016e-01
0	nP32	0	0	800	2	1	0.019	5.356262e-02	1.832946e-01	7.701933e-01	7.698435e-01	7.699255e-01
0	nP36	0	0	800	2	1	0.012	-7.664934e-01	2.307451e-01	9.350145e-04	9.178560e-04	9.983902e-04
0	nP41	0	0	800	2	1	0.004	5.859914e-01	4.095195e-01	1.528434e-01	1.522015e-01	1.528556e-01
0	nP57	0	0	800	2	1	0.006	5.829531e-01	3.347989e-01	8.203326e-02	8.155539e-02	8.223014e-02
0	nP59	0	0	800	2	1	0.009	-4.379158e-01	2.693541e-01	1.043871e-01	1.038455e-01	1.045262e-01
0	nP62	0	0	800	2	1	0.018	-1.616206e-01	1.856595e-01	3.842773e-01	3.835332e-01	3.839081e-01
0	nP66	0	0	800	2	1	0.006	-2.841876e-01	3.352834e-01	3.969126e-01	3.961737e-01	3.965343e-01
0	nP69	0	0	800	2	1	0.008	6.305783e-01	2.789147e-01	2.403847e-02	2.381832e-02	2.431264e-02
0	nP72	0	0	800	2	1	0.016	-7.367368e-03	1.995076e-01	9.705518e-01	9.705057e-01	9.705150e-01
0	nP78	0	0	800	2	1	0.005	-3.434941e-01	3.553491e-01	3.340177e-01	3.332613e-01	3.336957e-01
0	nP81	0	0	800	2	1	0.006	-4.757866e-01	3.350112e-01	1.559368e-01	1.552899e-01	1.559412e-01
0	nP85	0	0	800	2	1	0.030	3.090322e-01	1.485639e-01	3.783214e-02	3.753281e-02	3.811059e-02
0	nP97	0	0	800	2	1	0.006	-4.753994e-01	3.350119e-01	1.562742e-01	1.556268e-01	1.562778e-01
0	nP101	0	0	800	2	1	0.055	-1.051542e-01	1.102229e-01	3.403653e-01	3.396097e-01	3.400364e-01
0	nP117	0	0	800	2	1	0.004	-1.485634e-01	4.100109e-01	7.171937e-01	7.167699e-01	7.168771e-01
0	nP123	0	0	800	2	1	0.021	7.370415e-02	1.778753e-01	6.787229e-01	6.782479e-01	6.783757e-01
0	nP127	0	0	800	2	1	0.010	1.238474e-02	2.526959e-01	9.609233e-01	9.608621e-01	9.608744e-01
0	nP133	0	0	800	2	1	0.006	-5.997991e-01	3.347616e-01	7.355662e-02	7.310677e-02	7.377404e-02
0	nP137	0	0	800	2	1	0.038	1.436562e-01	1.287061e-01	2.646908e-01	2.639433e-01	2.644656e-01
0	nP145	0	0	800	2	1	0.013	-3.516788e-01	2.209277e-01	1.118195e-01	1.112593e-01	1.119388e-01
0	nP147	0	0	800	2	1	0.041	6.579328e-02	1.285659e-01	6.089692e-01	6.084085e-01	6.085797e-01
0	nP155	0	0	800	2	1	0.016	-1.094973e-01	1.994701e-01	5.831994e-01	5.826097e-01	5.827991e-01
0	nP171	0	0	800	2	1	0.026	-2.522325e-01	1.475943e-01	8.784760e-02	8.735181e-02	8.802983e-02
0	nP178	0	0	800	2	1	0.012	6.266923e-02	2.323244e-01	7.874232e-01	7.870983e-01	7.871729e-01
0	nP182	0	0	800	2	1	0.012	6.173387e-02	2.323247e-01	7.905217e-01	7.902013e-01	7.902745e-01
0	nP186	0	0	800	2	1	0.050	2.433118e-01	1.176100e-01	3.888613e-02	3.858138e-02	3.916389e-02
0	nP192	0	0	800	2	1	0.008	-1.746115e-01	2.797383e-01	5.326774e-01	5.320359e-01	5.322645e-01
0	nP217	0	0	800	2	1	0.007	-3.242316e-01	2.908207e-01	2.652353e-01	2.644876e-01	2.650092e-01
0	nP218	0	0	800	2	1	0.047	9.287055e-02	1.213271e-01	4.442266e-01	4.435135e-01	4.438237e-01
0	nP227	0	0	800	2	1	0.031	-2.198630e-01	1.459435e-01	1.323360e-01	1.317311e-01	1.324011e-01
0	nP228	0	0	800	2	1	0.051	-7.932367e-02	1.141467e-01	4.873032e-01	4.866216e-01	4.868900e-01
0	nP242	0	0	800	2	1	0.004	8.553523e-01	3.786581e-01	2.415849e-02	2.393757e-02	2.443284e-02
0	nP248	0	0	800	2	1	0.031	1.425874e-01	1.460637e-01	3.292611e-01	3.285042e-01	3.289445e-01
0	nP254	0	0	800	2	1	0.026	-9.868600e-02	1.585814e-01	5.339192e-01	5.332789e-01	5.335065e-01
0	nP259	0	0	800	2	1	0.017	-1.124520e-01	1.958645e-01	5.660405e-01	5.654324e-01	5.656346e-01
0	nP264	0	0	800	2	1	0.007	-7.582111e-02	3.037842e-01	8.029697e-01	8.026675e-01	8.027355e-01
0	nP270	0	0	800	2	1	0.031	-7.991424e-02	1.461235e-01	5.846035e-01	5.840154e-01	5.842037e-01
0	nP272	0	0	800	2	1	0.009	-9.256299e-02	2.607968e-01	7.227404e-01	7.223242e-01	7.224286e-01
0	nP278	0	0	800	2	1	0.022	-2.579818e-01	1.704105e-01	1.304510e-01	1.298499e-01	1.305210e-01
0	nP286	0	0	800	2	1	0.013	4.160302e-01	2.261182e-01	6.615715e-02	6.573380e-02	6.639136e-02
0	nP298	0	0	800	2	1	0.026	-5.828817e-02	1.547644e-01	7.065524e-01	7.061142e-01	7.062269e-01
0	nP307	0	0	800	2	1	0.004	-4.670252e-01	3.795069e-01	2.188311e-01	2.181105e-01	2.186914e-01
0	nP310	0	0	800	2	1	0.034	9.294658e-02	1.346167e-01	4.901098e-01	4.894304e-01	4.896963e-01
0	nP313	0	0	800	2	1	0.007	4.305055e-01	3.034136e-01	1.563263e-01	1.556788e-01	1.563297e-01
0	nP314	0	0	800	2	1	0.029	-1.948265e-01	1.502843e-01	1.952172e-01	1.945187e-01	1.951282e-01
0	nP321	0	0	800	2	1	0.019	1.200933e-01	1.832551e-01	5.124416e-01	5.117813e-01	5.120272e-01
0	nP323	0	0	800	2	1	0.006	2.695241e-01	3.182793e-01	3.973513e-01	3.966126e-01	3.969727e-01
0	nP326	0	0	800	2	1	0.050	9.235097e-02	1.132515e-01	4.150577e-01	4.143275e-01	4.146682e-01
0	nP338	0	0	800	2	1	0.014	5.041614e-01	2.109570e-01	1.708509e-02	1.691243e-02	1.734188e-02
0	nP342	0	0	800	2	1	0.006	-4.466822e-01	3.350614e-01	1.828678e-01	1.821833e-01	1.828069e-01
0	nP350	0	0	800	2	1	0.016	-5.548388e-03	2.033274e-01	9.782369e-01	9.782028e-01	9.782097e-01
0	nP356	0	0	800	2	1	0.014	6.186350e-02	2.116992e-01	7.701917e-01	7.698419e-01	7.699239e-01
0	nP359	0	0	800	2	1	0.026	2.815122e-01	1.583066e-01	7.573977e-02	7.528247e-02	7.595201e-02
0	nP365	0	0	800	2	1	0.005	-3.939576e-01	3.552835e-01	2.678272e-01	2.670785e-01	2.675968e-01
0	nP369	0	0	800	2	1	0.031	6.732767e-02	1.444102e-01	6.411816e-01	6.406593e-01	6.408094e-01
0	nP373	0	0	800	2	1	0.006	-5.659328e-01	3.348355e-01	9.138378e-02	9.087757e-02	9.155694e-02
0	nP379	0	0	800	2	1	0.004	1.254108e+00	4.076342e-01	2.165608e-03	2.131081e-03	2.270176e-03
0	nP390	0	0	800	2	1	0.011	-2.288032e-01	2.384113e-01	3.374972e-01	3.367412e-01	3.371714e-01
0	nP397	0	0	800	2	1	0.020	1.765892e-01	1.804267e-01	3.280096e-01	3.272526e-01	3.276945e-01
0	nP398	0	0	800	2	1	0.004	-8.796157e-01	4.088606e-01	3.174550e-02	3.147908e-02	3.202557e-02
0	nP399	0	0	800	2	1	0.014	-3.189208e-01	2.160347e-01	1.402718e-01	1.396518e-01	1.403162e-01
0	nP410	0	0	800	2	1	0.004	-4.943377e-01	4.096710e-01	2.279169e-01	2.271894e-01	2.277589e-01
0	nP414	0	0	800	2	1	0.004	3.198547e-01	4.098882e-01	4.354185e-01	4.346999e-01	4.350191e-01
0	nP416	0	0	800	2	1	0.016	-1.003861e-01	1.994761e-01	6.149283e-01	6.143746e-01	6.145417e-01
0	nP424	0	0	800	2	1	0.006	-3.706046e-01	2.900758e-01	2.017575e-01	2.010522e-01	2.016539e-01
0	nP428	0	0	800	2	1	0.046	-4.582091e-02	1.186120e-01	6.993706e-01	6.989228e-01	6.990393e-01
0	nP439	0	0	800	2	1	0.022	1.113099e-01	1.729177e-01	5.199447e-01	5.192912e-01	5.195306e-01
0	nP442	0	0	800	2	1	0.009	2.987993e-01	2.606028e-01	2.519031e-01	2.511613e-01	2.517001e-01
0	nP445	0	0	800	2	1	0.004	-8.565362e-01	3.786548e-01	2.396249e-02	2.374283e-02	2.423655e-02
0	nP449	0	0	800	2	1	0.032	-2.770278e-01	1.387522e-01	4.621184e-02	4.587138e-02	4.648206e-02
0	nP464	0	0	800	2	1	0.007	-2.062314e-01	2.909555e-01	4.786510e-01	4.779625e-01	4.782390e-01
0	nP471	0	0	800	2	1	0.006	-2.894215e-01	3.352778e-01	3.882710e-01	3.875284e-01	3.878988e-01
0	nP475	0	0	800	2	1	0.006	-9.529982e-02	3.184044e-01	7.647858e-01	7.644283e-01	7.645127e-01
0	nP479	0	0	800	2	1	0.051	1.445723e-01	1.140665e-01	2.053682e-01	2.046594e-01	2.052568e-01
0	nP480	0	0	800	2	1	0.004	7.311793e-01	4.092268e-01	7.436007e-02	7.390746e-02	7.457559e-02
0	nP494	0	0	800	2	1	0.007	-3.023501e-01	3.036074e-01	3.196208e-01	3.188635e-01	3.193158e-01
0	nP502	0	0	800	2	1	0.004	-1.523241e-01	4.100091e-01	7.103534e-01	7.099203e-01	7.100310e-01
0	nP507	0	0	800	2	1	0.009	2.467524e-01	2.696584e-01	3.604390e-01	3.596873e-01	3.600899e-01
0	nP508	0	0	800	2	1	0.019	-4.822352e-01	1.825078e-01	8.396522e-03	8.294962e-03	8.599918e-03
0	nP512	0	0	800	2	1	0.024	-1.668386e-01	1.641767e-01	3.098356e-01	3.090785e-01	3.095431e-01
0	nP516	0	0	800	2	1	0.005	-1.698294e-01	3.555063e-01	6.329864e-01	6.324541e-01	6.326094e-01
0	nP527	0	0	800	2	1	0.004	-9.445105e-02	3.798521e-01	8.036938e-01	8.033927e-01	8.034605e-01
0	nP531	0	0	800	2	1	0.051	1.263420e-02	1.150859e-01	9.126110e-01	9.124747e-01	9.125026e-01
0	nP541	0	0	800	2	1	0.014	2.244321e-01	2.115614e-01	2.890851e-01	2.883306e-01	2.888216e-01
0	nP548	0	0	800	2	1	0.056	6.032002e-02	1.043716e-01	5.634710e-01	5.628603e-01	5.630644e-01
0	nP562	0	0	800	2	1	0.021	-1.128720e-01	1.724787e-01	5.130354e-01	5.123757e-01	5.126211e-01
0	nP564	0	0	800	2	1	0.004	6.393460e-02	3.798601e-01	8.663813e-01	8.661740e-01	8.662179e-01
0	nP574	0	0	800	2	1	0.006	7.416336e-01	3.344053e-01	2.685154e-02	2.661382e-02	2.712913e-02
0	nP577	0	0	800	2	1	0.006	2.669179e-01	3.182820e-01	4.019334e-01	4.011967e-01	4.015517e-01
0	nP589	0	0	800	2	1	0.013	-6.016760e-02	2.212679e-01	7.857524e-01	7.854251e-01	7.855003e-01
0	nP603	0	0	800	2	1	0.011	-4.174973e-02	2.385443e-01	8.611093e-01	8.608940e-01	8.609398e-01
0	nP604	0	0	800	2	1	0.014	1.553342e-02	2.163288e-01	9.427754e-01	9.426859e-01	9.427040e-01
0	nP617	0	0	800	2	1	0.004	-7.642907e-01	3.789021e-01	4.401747e-02	4.368736e-02	4.429039e-02
0	nP628	0	0	800	2	1	0.009	-2.607786e-01	2.696418e-01	3.337722e-01	3.330157e-01	3.334505e-01
0	nP641	0	0	800	2	1	0.019	-1.867278e-01	1.860961e-01	3.159745e-01	3.152172e-01	3.156741e-01
0	nP647	0	0	800	2	1	0.004	-1.671455e-02	4.100442e-01	9.674952e-01	9.674443e-01	9.674545e-01
0	nP658	0	0	800	2	1	0.007	3.091629e-01	3.035988e-01	3.088313e-01	3.080743e-01	3.085401e-01
0	nP666	0	0	800	2	1	0.027	-6.731956e-02	1.568501e-01	6.678958e-01	6.674069e-01	6.675409e-01
0	nP672	0	0	800	2	1	0.006	7.374519e-02	3.184116e-01	8.169055e-01	8.166238e-01	8.166863e-01
0	nP687	0	0	800	2	1	0.006	1.089599e-01	3.183989e-01	7.322816e-01	7.318785e-01	7.319781e-01
0	nP693	0	0	800	2	1	0.012	6.728110e-02	2.323228e-01	7.721961e-01	7.718492e-01	7.719304e-01
0	nP707	0	0	800	2	1	0.004	5.148992e-01	3.794293e-01	1.751535e-01	1.744787e-01	1.751108e-01
0	nP710	0	0	800	2	1	0.004	-2.651983e-01	4.099371e-01	5.178668e-01	5.172115e-01	5.174527e-01
0	nP712	0	0	800	2	1	0.022	-7.145454e-01	1.639581e-01	1.483389e-05	1.438369e-05	1.816070e-05
0	nP724	0	0	800	2	1	0.005	-3.226226e-01	3.553736e-01	3.642365e-01	3.634858e-01	3.638839e-01
0	nP728	0	0	800	2	1	0.009	3.938617e-02	2.697962e-01	8.839702e-01	8.837898e-01	8.838275e-01
0	nP732	0	0	800	2	1	0.004	6.255883e-02	4.100386e-01	8.787774e-01	8.785890e-01	8.786285e-01
0	nP734	0	0	800	2	1	0.006	-2.811151e-01	3.352866e-01	4.020391e-01	4.013024e-01	4.016573e-01
0	nP735	0	0	800	2	1	0.017	5.308514e-02	1.958959e-01	7.864715e-01	7.861452e-01	7.862202e-01
0	nP744	0	0	800	2	1	0.037	-1.889538e-01	1.295494e-01	1.450835e-01	1.444548e-01	1.451155e-01
0	nP747	0	0	800	2	1	0.036	-6.582572e-02	1.325870e-01	6.196982e-01	6.191500e-01	6.193140e-01
0	nP748	0	0	800	2	1	0.016	2.558425e-01	1.993021e-01	1.996224e-01	1.989192e-01	1.995235e-01
0	nP766	0	0	800	2	1	0.054	-1.361284e-01	1.085830e-01	2.103255e-01	2.096121e-01	2.102035e-01
0	nP774	0	0	800	2	1	0.007	-1.610586e-01	3.037425e-01	5.960882e-01	5.955128e-01	5.956929e-01
0	nP775	0	0	800	2	1	0.004	-2.563469e-01	3.797584e-01	4.998546e-01	4.991833e-01	4.994403e-01
0	nP782	0	0	800	2	1	0.014	-1.438924e-01	2.116493e-01	4.967888e-01	4.961150e-01	4.963747e-01
0	nP787	0	0	800	2	1	0.005	7.661434e-01	3.545212e-01	3.098716e-02	3.072505e-02	3.126710e-02
0	nP800	0	0	800	2	1	0.022	6.483206e-02	1.729474e-01	7.078599e-01	7.074234e-01	7.075354e-01
0	nP807	0	0	800	2	1	0.017	1.016066e-01	1.958719e-01	6.040859e-01	6.035195e-01	6.036941e-01
0	nP812	0	0	800	2	1	0.013	2.764012e-01	2.210617e-01	2.115437e-01	2.108293e-01	2.114192e-01
0	nP817	0	0	800	2	1	0.021	-1.181815e-01	1.778452e-01	5.065504e-01	5.058849e-01	5.061359e-01
0	nP825	0	0	800	2	1	0.021	-1.392815e-01	1.753038e-01	4.271318e-01	4.264083e-01	4.267361e-01
0	nP828	0	0	800	2	1	0.028	-3.001248e-02	1.515715e-01	8.430887e-01	8.428462e-01	8.428986e-01
0	nP831	0	0	800	2	1	0.004	-2.829675e-01	4.099222e-01	4.902090e-01	4.895298e-01	4.897955e-01
0	nP838	0	0	800	2	1	0.010	-4.504140e-01	2.374400e-01	5.819412e-02	5.780167e-02	5.844470e-02
0	nP850	0	0	800	2	1	0.016	1.347890e-01	2.032715e-01	5.074589e-01	5.067943e-01	5.070445e-01
0	nP857	0	0	800	2	1	0.004	4.596370e-02	4.100414e-01	9.107761e-01	9.106369e-01	9.106655e-01
0	nP887	0	0	800	2	1	0.004	2.773525e-03	3.798668e-01	9.941763e-01	9.941672e-01	9.941690e-01
0	nP890	0	0	800	2	1	0.104	-1.061969e-01	8.228909e-02	1.972390e-01	1.965383e-01	1.971454e-01
0	nP893	0	0	800	2	1	0.007	-1.539827e-01	2.909960e-01	5.968433e-01	5.962688e-01	5.964484e-01
0	nP899	0	0	800	2	1	0.004	-5.439698e-01	4.095922e-01	1.845325e-01	1.838460e-01	1.844678e-01
0	nP902	0	0	800	2	1	0.007	4.605445e-01	3.033583e-01	1.293717e-01	1.287727e-01	1.294445e-01
0	nP907	0	0	800	2	1	0.007	8.250158e-01	3.023890e-01	6.505641e-03	6.422268e-03	6.688361e-03
0	nP914	0	0	800	2	1	0.044	1.145015e-01	1.213878e-01	3.458283e-01	3.450734e-01	3.454935e-01
0	nP921	0	0	800	2	1	0.004	3.222075e-01	3.545907e-01	3.637963e-01	3.630455e-01	3.634441e-01
0	nP924	0	0	800	2	1	0.011	1.374927e-02	2.385484e-01	9.540520e-01	9.539801e-01	9.539946e-01
0	nP927	0	0	800	2	1	0.012	9.645923e-02	2.323099e-01	6.780940e-01	6.776183e-01	6.777464e-01
0	nP933	0	0	800	2	1	0.006	-4.723206e-02	3.354301e-01	8.880552e-01	8.878811e-01	8.879174e-01
0	nP944	0	0	800	2	1	0.021	-2.386758e-01	1.700125e-01	1.607460e-01	1.600917e-01	1.607384e-01
0	nP948	0	0	800	2	1	0.006	3.209954e-01	3.182194e-01	3.134130e-01	3.126558e-01	3.131159e-01
0	nP954	0	0	800	2	1	0.008	-4.764698e-01	2.792977e-01	8.840527e-02	8.790781e-02	8.858608e-02
0	nP956	0	0	800	2	1	0.026	-5.913043e-02	1.604232e-01	7.125309e-01	7.121008e-01	7.122103e-01
0	nP961	0	0	800	2	1	0.009	1.414909e-01	2.607693e-01	5.875632e-01	5.869784e-01	5.871645e-01
0	nP970	0	0	800	2	1	0.004	-8.315195e-01	3.787246e-01	2.840936e-02	2.816226e-02	2.868818e-02
0	nP974	0	0	800	2	1	0.006	-4.640590e-01	3.350318e-01	1.664031e-01	1.657404e-01	1.663815e-01
0	nP977	0	0	800	2	1	0.013	5.199876e-02	2.265898e-01	8.185515e-01	8.182723e-01	8.183341e-01
0	nP983	0	0	800	2	1	0.009	1.777550e-01	2.607414e-01	4.956081e-01	4.949333e-01	4.951941e-01
0	nP984	0	0	800	2	1	0.006	-6.781394e-02	3.354257e-01	8.398332e-01	8.395858e-01	8.396394e-01
0	nP1011	0	0	800	2	1	0.009	2.033675e-01	2.697038e-01	4.510474e-01	4.503388e-01	4.506421e-01
0	nP1026	0	0	800	2	1	0.011	-5.555708e-02	2.385407e-01	8.158957e-01	8.156126e-01	8.156755e-01
0	nP1029	0	0	800	2	1	0.013	6.454233e-02	2.265857e-01	7.758351e-01	7.754934e-01	7.755730e-01
0	nP1032	0	0	800	2	1	0.007	2.651810e-01	2.908956e-01	3.622536e-01	3.615024e-01	3.619028e-01
0	nP1036	0	0	800	2	1	0.004	2.215983e-01	4.099695e-01	5.889867e-01	5.884034e-01	5.885886e-01
0	nP1038	0	0	800	2	1	0.028	2.606133e-02	1.467854e-01	8.591237e-01	8.589054e-01	8.589519e-01
0	nP1047	0	0	800	2	1	0.026	1.076076e-02	1.586195e-01	9.459299e-01	9.458454e-01	9.458624e-01
0	nP1063	0	0	800	2	1	0.005	1.942310e-01	3.554906e-01	5.849612e-01	5.843735e-01	5.845615e-01
0	nP1068	0	0	800	2	1	0.009	-2.444828e-01	2.606737e-01	3.485856e-01	3.478313e-01	3.482481e-01
0	nP1069	0	0	800	2	1	0.128	-5.919030e-03	7.630120e-02	9.381859e-01	9.380893e-01	9.381089e-01
0	nP1070	0	0	800	2	1	0.005	3.708295e-01	3.553147e-01	2.969564e-01	2.962006e-01	2.966815e-01
0	nP1074	0	0	800	2	1	0.007	-2.789951e-01	2.908794e-01	3.377770e-01	3.370210e-01	3.374509e-01
0	nP1077	0	0	800	2	1	0.031	3.415504e-02	1.415065e-01	8.093325e-01	8.090397e-01	8.091052e-01
0	nP1085	0	0	800	2	1	0.043	-9.832936e-02	1.240171e-01	4.280895e-01	4.273665e-01	4.276934e-01
0	nP1090	0	0	800	2	1	0.009	-3.930397e-02	2.697962e-01	8.842107e-01	8.840306e-01	8.840682e-01
0	nP1094	0	0	800	2	1	0.007	1.651762e-01	2.909883e-01	5.704401e-01	5.698366e-01	5.700354e-01
0	nP1109	0	0	800	2	1	0.008	3.162991e-01	2.795825e-01	2.582574e-01	2.575126e-01	2.580433e-01
0	nP1112	0	0	800	2	1	0.007	3.587857e-02	2.910443e-01	9.019202e-01	9.017673e-01	9.017989e-01
0	nP1117	0	0	800	2	1	0.020	1.843551e-02	1.805338e-01	9.186897e-01	9.185628e-01	9.185888e-01
0	nP1120	0	0	800	2	1	0.014	4.795155e-02	2.163229e-01	8.246302e-01	8.243600e-01	8.244195e-01
0	nP1121	0	0	800	2	1	0.016	3.190357e-01	1.991878e-01	1.096216e-01	1.090668e-01	1.097468e-01
0	nP1125	0	0	800	2	1	0.011	-1.880659e-01	2.452176e-01	4.433471e-01	4.426335e-01	4.429445e-01
0	nP1128	0	0	800	2	1	0.088	2.065108e-01	8.878988e-02	2.027698e-02	2.008172e-02	2.054360e-02
0	nP1141	0	0	800	2	1	0.008	3.368644e-02	2.798040e-01	9.042022e-01	9.040529e-01	9.040836e-01
0	nP1146	0	0	800	2	1	0.011	-3.765755e-01	2.449455e-01	1.245954e-01	1.240064e-01	1.246809e-01
0	nP1150	0	0	800	2	1	0.004	7.184726e-02	4.100367e-01	8.609500e-01	8.607345e-01	8.607803e-01
0	nP1155	0	0	800	2	1	0.013	2.330376e-01	2.211243e-01	2.922588e-01	2.915037e-01	2.919906e-01
0	nP1157	0	0	800	2	1	0.014	5.625377e-02	2.163204e-01	7.948935e-01	7.945795e-01	7.946509e-01
0	nP1159	0	0	800	2	1	0.018	-1.786283e-01	1.891683e-01	3.453110e-01	3.445561e-01	3.449768e-01
0	nP1166	0	0	800	2	1	0.041	6.990818e-03	1.273687e-01	9.562426e-01	9.561742e-01	9.561880e-01
0	nP1170	0	0	800	2	1	0.006	2.052715e-01	3.353556e-01	5.406453e-01	5.400114e-01	5.402336e-01
0	nP1173	0	0	800	2	1	0.005	-1.346471e-01	3.555252e-01	7.049910e-01	7.045507e-01	7.046643e-01
0	nP1176	0	0	800	2	1	0.031	1.643640e-01	1.430110e-01	2.507726e-01	2.500313e-01	2.505716e-01
0	nP1179	0	0	800	2	1	0.006	-3.899245e-01	3.351502e-01	2.450019e-01	2.442637e-01	2.448114e-01
0	nP1181	0	0	800	2	1	0.092	2.883144e-02	8.643856e-02	7.388080e-01	7.384140e-01	7.385105e-01
0	nP1199	0	0	800	2	1	0.006	-5.013571e-01	3.349644e-01	1.348545e-01	1.342446e-01	1.349129e-01
0	nP1203	0	0	800	2	1	0.007	1.100864e-01	2.910210e-01	7.053258e-01	7.048860e-01	7.049993e-01
0	nP1221	0	0	800	2	1	0.014	2.245621e-03	2.163295e-01	9.917203e-01	9.917073e-01	9.917099e-01
0	nP1226	0	0	800	2	1	0.014	1.240796e-01	2.162849e-01	5.663422e-01	5.657344e-01	5.659363e-01
0	nP1229	0	0	800	2	1	0.016	-2.220342e-01	2.031755e-01	2.748029e-01	2.740519e-01	2.745612e-01
0	nP1231	0	0	800	2	1	0.029	-2.313099e-01	1.438372e-01	1.082009e-01	1.076496e-01	1.083299e-01
0	nP1237	0	0	800	2	1	0.004	-3.714990e-01	4.098336e-01	3.649645e-01	3.642140e-01	3.646112e-01
0	nP1254	0	0	800	2	1	0.096	2.140926e-02	8.568789e-02	8.027664e-01	8.024639e-01	8.025321e-01
0	nP1255	0	0	800	2	1	0.028	2.123493e-01	1.513888e-01	1.611025e-01	1.604476e-01	1.610940e-01
0	nP1260	0	0	800	2	1	0.011	-2.361208e-01	2.384024e-01	3.222644e-01	3.215072e-01	3.219562e-01
0	nP1262	0	0	800	2	1	0.006	-3.105628e-01	3.352541e-01	3.545439e-01	3.537908e-01	3.542004e-01
0	nP1266	0	0	800	2	1	0.014	-8.002762e-02	2.163110e-01	7.115063e-01	7.110748e-01	7.111849e-01
0	nP1278	0	0	800	2	1	0.004	-5.893560e-01	4.095135e-01	1.504969e-01	1.498589e-01	1.505150e-01
0	nP1280	0	0	800	2	1	0.054	7.714741e-02	1.127212e-01	4.939155e-01	4.932393e-01	4.935016e-01
0	nP1286	0	0	800	2	1	0.025	5.808450e-02	1.623100e-01	7.205416e-01	7.201224e-01	7.202279e-01
0	nP1289	0	0	800	2	1	0.005	2.159759e-01	3.554749e-01	5.436456e-01	5.430147e-01	5.432344e-01
0	nP1292	0	0	800	2	1	0.004	4.540739e-01	4.097294e-01	2.680970e-01	2.673483e-01	2.678662e-01
0	nP1316	0	0	800	2	1	0.068	-1.365450e-01	9.888655e-02	1.677195e-01	1.670549e-01	1.676947e-01
0	nP699	12	0	800	2	1	0.015	7.784132e-01	2.055477e-01	1.639098e-04	1.600781e-04	1.836536e-04
0	nP1000	12	0	800	2	1	0.007	-4.834643e-01	2.905434e-01	9.650499e-02	9.598429e-02	9.666484e-02
0	cP39	17	0	800	2	1	0.047	1.527091e-01	1.178266e-01	1.953331e-01	1.946344e-01	1.952437e-01
0	cP48	17	0	800	2	1	0.017	-2.385046e-01	1.957229e-01	2.233627e-01	2.226386e-01	2.232138e-01
0	nP611	17	0	800	2	1	0.051	1.271196e-01	1.106832e-01	2.511064e-01	2.503649e-01	2.509048e-01
0	nP749	17	0	800	2	1	0.016	1.989753e-01	1.993834e-01	3.186046e-01	3.178473e-01	3.183009e-01
0	nP788	17	0	800	2	1	0.004	-5.441309e-01	3.793781e-01	1.518868e-01	1.512465e-01	1.519014e-01
0	nP1012	17	0	800	2	1	0.062	-1.423155e-01	1.016052e-01	1.617013e-01	1.610455e-01	1.616913e-01
0	nP1191	17	0	800	2	1	0.007	1.175971e-01	2.910173e-01	6.862550e-01	6.857899e-01	6.859135e-01
0	cP26	20	0	800	2	1	0.006	5.622437e-01	3.348433e-01	9.351917e-02	9.300683e-02	9.368680e-02
0	cP61	20	0	800	2	1	0.011	-5.431440e-01	2.377727e-01	2.261576e-02	2.240482e-02	2.288751e-02
0	nP89	20	0	800	2	1	0.029	-1.786108e-01	1.470170e-01	2.247642e-01	2.240390e-01	2.246125e-01
0	nP118	20	0	800	2	1	0.008	-6.231740e-01	2.789356e-01	2.575182e-02	2.552087e-02	2.602827e-02
0	nP166	20	0	800	2	1	0.010	-7.504556e-02	2.526824e-01	7.665471e-01	7.661922e-01	7.662758e-01
0	nP187	20	0	800	2	1	0.014	-9.521731e-02	2.116837e-01	6.529701e-01	6.524624e-01	6.526052e-01
0	nP232	20	0	800	2	1	0.006	-4.969299e-01	3.349727e-01	1.383381e-01	1.377216e-01	1.383875e-01
0	nP265	20	0	800	2	1	0.014	2.321482e-01	2.115510e-01	2.728138e-01	2.720634e-01	2.725753e-01
0	nP273	20	0	800	2	1	0.005	-1.121474e-01	3.555349e-01	7.525156e-01	7.521407e-01	7.522307e-01
0	nP351	20	0	800	2	1	0.004	5.725468e-01	3.793257e-01	1.315975e-01	1.309940e-01	1.316645e-01
0	nP536	20	0	800	2	1	0.022	2.928545e-01	1.726516e-01	9.023494e-02	8.973207e-02	9.041105e-02
0	nP629	20	0	800	2	1	0.006	6.250872e-01	3.347036e-01	6.218642e-02	6.177815e-02	6.242905e-02
0	nP667	20	0	800	2	1	0.006	5.136820e-01	3.179026e-01	1.065226e-01	1.059755e-01	1.066561e-01
0	nP845	20	0	800	2	1	0.034	-4.102700e-04	1.410102e-01	9.976793e-01	9.976756e-01	9.976764e-01
0	nP962	20	0	800	2	1	0.107	3.585297e-03	8.157877e-02	9.649561e-01	9.649013e-01	9.649123e-01
0	nP1204	20	0	800	2	1	0.014	-2.547661e-01	2.161415e-01	2.388687e-01	2.381340e-01	2.386896e-01
0	cP17	25	0	800	2	1	0.006	-5.685397e-01	3.177856e-01	7.398320e-02	7.353189e-02	7.419962e-02
0	cP34	25	0	800	1	2	0.036	2.769547e-01	1.322446e-01	3.655159e-02	3.625895e-02	3.683074e-02
0	nP18	25	0	800	2	1	0.004	-4.559844e-02	3.798634e-01	9.044824e-01	9.043335e-01	9.043642e-01
0	nP23	25	0	800	2	1	0.006	5.237729e-01	3.178820e-01	9.980868e-02	9.927900e-02	9.995986e-02
0	nP53	25	0	800	2	1	0.004	-3.516394e-01	3.796628e-01	3.546279e-01	3.538748e-01	3.542843e-01
0	nP106	25	0	800	2	1	0.035	9.519134e-02	1.335764e-01	4.762795e-01	4.755892e-01	4.758679e-01
0	nP113	25	0	800	2	1	0.024	-1.201112e-01	1.662669e-01	4.702600e-01	4.695651e-01	4.698496e-01
0	nP140	25	0	800	2	1	0.019	3.759405e-01	1.857373e-01	4.329831e-02	4.297166e-02	4.357204e-02
0	nP148	25	0	800	2	1	0.010	3.015351e-01	2.524708e-01	2.327012e-01	2.319704e-01	2.325338e-01
0	nP299	25	0	800	2	1	0.006	2.189913e-01	3.353447e-01	5.139228e-01	5.132639e-01	5.135085e-01
0	nP332	25	0	800	2	1	0.008	-8.773910e-02	2.797893e-01	7.539145e-01	7.535416e-01	7.536310e-01
0	nP380	25	0	800	2	1	0.027	3.043052e-01	1.564978e-01	5.218996e-02	5.182267e-02	5.245130e-02
0	nP385	25	0	800	2	1	0.004	3.974809e-01	4.098031e-01	3.323745e-01	3.316179e-01	3.320544e-01
0	nP404	25	0	800	2	1	0.040	-8.039136e-02	1.303721e-01	5.376546e-01	5.370178e-01	5.372424e-01
0	nP418	25	0	800	2	1	0.029	6.971427e-02	1.485592e-01	6.390053e-01	6.384803e-01	6.386318e-01
0	nP458	25	0	800	2	1	0.004	-4.859809e-01	4.096835e-01	2.358826e-01	2.351498e-01	2.357091e-01
0	nP490	25	0	800	2	1	0.005	1.498432e-02	3.555567e-01	9.663950e-01	9.663424e-01	9.663530e-01
0	nP673	25	0	800	2	1	0.021	1.061862e-01	1.778547e-01	5.506506e-01	5.500267e-01	5.502408e-01
0	nP694	25	0	800	2	1	0.014	3.196271e-01	2.114080e-01	1.309560e-01	1.303539e-01	1.310247e-01
0	nP700	25	0	800	2	1	0.004	5.541314e-01	4.095751e-01	1.764573e-01	1.757808e-01	1.764115e-01
0	nP767	25	0	800	2	1	0.005	-7.186308e-01	3.546459e-01	4.306278e-02	4.273727e-02	4.333677e-02
0	nP820	25	0	800	2	1	0.009	2.938342e-01	2.695992e-01	2.760895e-01	2.753381e-01	2.758458e-01
0	nP876	25	0	800	2	1	0.011	7.582211e-03	2.453078e-01	9.753499e-01	9.753113e-01	9.753190e-01
0	nP937	25	0	800	2	1	0.007	-1.689706e-01	3.037372e-01	5.781580e-01	5.775628e-01	5.777559e-01
0	nP1048	25	0	800	2	1	0.030	2.564682e-01	1.486892e-01	8.493968e-02	8.445273e-02	8.512929e-02
0	nP1059	25	0	800	2	1	0.012	1.324123e-01	2.322877e-01	5.688138e-01	5.682086e-01	5.684086e-01
0	nP1064	25	0	800	2	1	0.007	2.368402e-01	3.036803e-01	4.356812e-01	4.349627e-01	4.352817e-01
0	nP1086	25	0	800	2	1	0.018	3.148985e-01	1.921763e-01	1.016925e-01	1.011578e-01	1.018388e-01
0	nP1095	25	0	800	2	1	0.045	1.098908e-01	1.235577e-01	3.740626e-01	3.733148e-01	3.737014e-01
0	nP1105	25	0	800	2	1	0.010	1.081556e-01	2.526673e-01	6.687262e-01	6.682384e-01	6.683719e-01
0	nP1142	25	0	800	2	1	0.005	3.164189e-01	3.553806e-01	3.735376e-01	3.727897e-01	3.731769e-01
0	nP1162	25	0	800	2	1	0.006	8.362520e-02	3.354212e-01	8.031821e-01	8.028802e-01	8.029482e-01
0	nP1271	25	0	800	2	1	0.006	-2.300348e-01	3.353354e-01	4.929223e-01	4.922453e-01	4.925085e-01
0	nP1311	25	0	800	2	1	0.008	-1.782106e-01	2.797354e-01	5.242630e-01	5.236135e-01	5.238493e-01
0	cP13	33	0	800	2	1	0.008	-7.878450e-03	2.798064e-01	9.775441e-01	9.775090e-01	9.775160e-01
0	cP22	33	0	800	2	1	0.033	-7.427107e-01	1.354132e-01	5.559691e-08	5.300737e-08	9.235366e-08
0	cP55	33	0	800	2	1	0.029	-4.405808e-01	1.496319e-01	3.329444e-03	3.280447e-03	3.461583e-03
0	nP10	33	0	800	2	1	0.009	-9.316228e-02	2.697797e-01	7.299393e-01	7.295330e-01	7.296338e-01
0	nP29	33	0	800	2	1	0.029	-6.609343e-02	1.453894e-01	6.495237e-01	6.490116e-01	6.491566e-01
0	nP33	33	0	800	2	1	0.004	1.694694e-01	3.798194e-01	6.555853e-01	6.550808e-01	6.552221e-01
0	nP63	33	0	800	2	1	0.024	-3.042009e-01	1.639296e-01	6.386759e-02	6.345286e-02	6.410671e-02
0	nP75	33	0	800	2	1	0.066	2.024522e-03	1.004558e-01	9.839261e-01	9.839009e-01	9.839059e-01
0	nP172	33	0	800	2	1	0.004	2.863484e-01	3.797315e-01	4.510230e-01	4.503144e-01	4.506177e-01
0	nP193	33	0	800	2	1	0.037	-3.189282e-02	1.353526e-01	8.137821e-01	8.134959e-01	8.135596e-01
0	nP211	33	0	800	2	1	0.006	-3.287796e-01	3.182095e-01	3.018152e-01	3.010587e-01	3.015335e-01
0	nP292	33	0	800	2	1	0.021	2.441731e-02	1.753710e-01	8.893017e-01	8.891295e-01	8.891653e-01
0	nP343	33	0	800	2	1	0.058	-8.053000e-02	1.077444e-01	4.550321e-01	4.543262e-01	4.546255e-01
0	nP347	33	0	800	2	1	0.056	-2.021474e-01	1.108823e-01	6.866529e-02	6.823273e-02	6.889395e-02
0	nP370	33	0	800	2	1	0.006	-5.754384e-02	3.354281e-01	8.638321e-01	8.636210e-01	8.636657e-01
0	nP376	33	0	800	2	1	0.009	3.753107e-01	2.517438e-01	1.363976e-01	1.357848e-01	1.364521e-01
0	nP446	33	0	800	2	1	0.018	1.176096e-01	1.892281e-01	5.344331e-01	5.337932e-01	5.340204e-01
0	nP466	33	0	800	2	1	0.004	-3.799600e-01	3.796286e-01	3.171917e-01	3.164344e-01	3.168897e-01
0	nP523	33	0	800	2	1	0.009	3.057602e-01	2.605927e-01	2.410151e-01	2.402791e-01	2.408319e-01
0	nP532	33	0	800	2	1	0.012	-1.255093e-01	2.322925e-01	5.891361e-01	5.885529e-01	5.887380e-01
0	nP583	33	0	800	2	1	0.033	-1.602829e-01	1.433919e-01	2.639906e-01	2.632434e-01	2.637667e-01
0	nP600	33	0	800	2	1	0.019	-3.098616e-01	1.829759e-01	9.075905e-02	9.025465e-02	9.093381e-02
0	nP612	33	0	800	2	1	0.016	-8.812286e-02	2.033036e-01	6.648017e-01	6.643089e-01	6.644447e-01
0	nP620	33	0	800	2	1	0.009	1.035194e-02	2.608171e-01	9.683499e-01	9.683003e-01	9.683103e-01
0	nP648	33	0	800	2	1	0.010	2.231445e-01	2.525728e-01	3.772400e-01	3.764934e-01	3.768763e-01
0	nP660	33	0	800	2	1	0.041	-1.640893e-01	1.272364e-01	1.975487e-01	1.968477e-01	1.974545e-01
0	nP717	33	0	800	2	1	0.005	-8.718319e-02	3.555437e-01	8.063562e-01	8.060590e-01	8.061257e-01
0	nP789	33	0	800	2	1	0.006	1.773377e-01	3.183604e-01	5.776601e-01	5.770644e-01	5.772578e-01
0	nP851	33	0	800	2	1	0.005	1.130171e+00	3.532991e-01	1.433968e-03	1.409414e-03	1.516277e-03
0	nP858	33	0	800	2	1	0.062	-1.316771e-01	1.061139e-01	2.150060e-01	2.142886e-01	2.148742e-01
0	nP871	33	0	800	2	1	0.012	4.766086e-01	2.200934e-01	3.064627e-02	3.038611e-02	3.092612e-02
0	nP911	33	0	800	2	1	0.004	-2.879248e-01	3.797300e-01	4.485339e-01	4.478236e-01	4.481294e-01
0	nP957	33	0	800	2	1	0.009	-1.776049e-01	2.697266e-01	5.104307e-01	5.097687e-01	5.100163e-01
0	nP971	33	0	800	2	1	0.054	1.429154e-02	1.108116e-01	8.974127e-01	8.972529e-01	8.972860e-01
0	nP980	33	0	800	2	1	0.006	5.229688e-02	3.184169e-01	8.695836e-01	8.693812e-01	8.694239e-01
0	nP1082	33	0	800	2	1	0.010	9.041070e-02	2.526761e-01	7.205781e-01	7.201589e-01	7.202644e-01
0	nP1122	33	0	800	2	1	0.013	-1.780433e-01	2.110972e-01	3.992469e-01	3.985090e-01	3.988670e-01
0	nP1192	33	0	800	2	1	0.021	2.704603e-02	1.778918e-01	8.791967e-01	8.790089e-01	8.790483e-01
0	nP1238	33	0	800	2	1	0.009	-1.885017e-01	2.697173e-01	4.848267e-01	4.841431e-01	4.844138e-01
0	nP1251	33	0	800	2	1	0.011	-2.318708e-02	2.385474e-01	9.225911e-01	9.224702e-01	9.224949e-01
0	nP1256	33	0	800	2	1	0.006	7.110351e-01	3.344886e-01	3.383160e-02	3.355357e-02	3.411162e-02
0	nP1303	33	0	800	2	1	0.006	-3.180294e-01	3.182232e-01	3.179082e-01	3.171509e-01	3.176054e-01
0	nP1307	33	0	800	2	1	0.031	2.149589e-01	1.429269e-01	1.329827e-01	1.323765e-01	1.330461e-01
0	nP1317	33	0	800	2	1	0.031	7.810829e-02	1.475104e-01	5.965987e-01	5.960239e-01	5.962037e-01
0	nP701	38	0	800	2	1	0.013	1.378843e-02	2.265967e-01	9.514938e-01	9.514180e-01	9.514333e-01
0	nP877	38	0	800	2	1	0.007	-7.819749e-02	2.910339e-01	7.882388e-01	7.879151e-01	7.879893e-01
0	cP62	40	0	800	2	1	0.005	-1.868214e-01	3.554956e-01	5.993652e-01	5.987935e-01	5.989713e-01
0	nP90	40	0	800	2	1	0.004	-2.672138e-01	4.099355e-01	5.146898e-01	5.140316e-01	5.142755e-01
0	nP167	40	0	800	2	1	0.034	3.653470e-04	1.346569e-01	9.978359e-01	9.978325e-01	9.978332e-01
0	nP188	40	0	800	2	1	0.009	1.152967e-02	2.697995e-01	9.659241e-01	9.658708e-01	9.658815e-01
0	nP266	40	0	800	2	1	0.008	-3.105959e-02	2.798044e-01	9.116406e-01	9.115028e-01	9.115310e-01
0	nP392	40	0	800	2	1	0.004	1.747399e-01	4.099979e-01	6.700791e-01	6.695930e-01	6.697258e-01
0	nP518	40	0	800	2	1	0.014	2.436535e-01	2.115348e-01	2.497332e-01	2.489924e-01	2.495340e-01
0	nP566	40	0	800	2	1	0.009	-1.985543e-01	2.697083e-01	4.618365e-01	4.611354e-01	4.614281e-01
0	nP606	40	0	800	2	1	0.013	1.395170e-01	2.265434e-01	5.381685e-01	5.375323e-01	5.377564e-01
0	nP643	40	0	800	2	1	0.007	-4.751275e-01	3.033301e-01	1.176582e-01	1.170845e-01	1.177621e-01
0	nP846	40	0	800	2	1	0.004	3.117370e-01	3.797065e-01	4.118946e-01	4.111627e-01	4.115069e-01
0	nP995	40	0	800	2	1	0.015	1.201080e-01	2.073429e-01	5.625691e-01	5.619574e-01	5.621622e-01
0	nP1137	40	0	800	2	1	0.009	2.623261e-01	2.606520e-01	3.145172e-01	3.137600e-01	3.142187e-01
0	cP9	50	0	800	2	1	0.006	-1.224154e-01	3.354063e-01	7.152256e-01	7.147991e-01	7.149074e-01
0	cP18	50	0	800	2	1	0.014	3.775862e-01	2.112882e-01	7.430605e-02	7.385363e-02	7.452170e-02
0	cP35	50	0	800	2	1	0.010	3.692164e-01	2.376155e-01	1.206192e-01	1.200388e-01	1.207152e-01
0	cP72	50	0	800	1	2	0.013	5.291579e-01	2.258217e-01	1.936094e-02	1.917201e-02	1.962510e-02
0	nP2	50	0	800	2	1	0.044	1.079774e-01	1.213953e-01	3.740190e-01	3.732712e-01	3.736579e-01
0	nP5	50	0	800	2	1	0.052	-8.487107e-02	1.159772e-01	4.645111e-01	4.638119e-01	4.641019e-01
0	nP24	50	0	800	2	1	0.006	2.809335e-02	3.354328e-01	9.332742e-01	9.331699e-01	9.331911e-01
0	nP60	50	0	800	2	1	0.011	4.605373e-02	2.385433e-01	8.469592e-01	8.467225e-01	8.467735e-01
0	nP95	50	0	800	2	1	0.010	-8.374769e-02	2.526789e-01	7.403998e-01	7.400080e-01	7.401037e-01
0	nP141	50	0	800	2	1	0.022	-9.693418e-02	1.729286e-01	5.752653e-01	5.746671e-01	5.748623e-01
0	nP149	50	0	800	2	1	0.040	1.615669e-02	1.282420e-01	8.997748e-01	8.996186e-01	8.996509e-01
0	nP162	50	0	800	2	1	0.009	2.935117e-01	2.606103e-01	2.603994e-01	2.596537e-01	2.601816e-01
0	nP184	50	0	800	2	1	0.022	-2.987356e-02	1.658944e-01	8.571388e-01	8.569175e-01	8.569647e-01
0	nP198	50	0	800	2	1	0.006	-2.043400e-01	3.353563e-01	5.424843e-01	5.418523e-01	5.420729e-01
0	nP204	50	0	800	2	1	0.013	2.333360e-01	2.264467e-01	3.031235e-01	3.023669e-01	3.028400e-01
0	nP215	50	0	800	2	1	0.006	-8.908175e-02	3.354195e-01	7.906289e-01	7.903086e-01	7.903818e-01
0	nP239	50	0	800	2	1	0.026	1.214461e-02	1.586193e-01	9.389892e-01	9.388938e-01	9.389132e-01
0	nP252	50	0	800	2	1	0.007	-3.159435e-01	3.035901e-01	2.983341e-01	2.975781e-01	2.980572e-01
0	nP284	50	0	800	2	1	0.004	-5.532560e-01	3.793616e-01	1.451273e-01	1.444985e-01	1.451592e-01
0	nP288	50	0	800	2	1	0.009	-2.734461e-01	2.606377e-01	2.944300e-01	2.936745e-01	2.941587e-01
0	nP300	50	0	800	2	1	0.013	-6.695472e-02	2.212655e-01	7.622743e-01	7.619132e-01	7.619988e-01
0	nP333	50	0	800	2	1	0.026	-9.516116e-02	1.511652e-01	5.291905e-01	5.285456e-01	5.287772e-01
0	nP357	50	0	800	2	1	0.006	-3.660119e-02	3.030956e-01	9.039132e-01	9.037634e-01	9.037943e-01
0	nP381	50	0	800	2	1	0.004	8.945640e-01	4.088199e-01	2.894713e-02	2.869685e-02	2.922628e-02
0	nP386	50	0	800	2	1	0.004	-6.083020e-01	4.094788e-01	1.377926e-01	1.371771e-01	1.378434e-01
0	nP405	50	0	800	2	1	0.004	6.046634e-02	3.798608e-01	8.735671e-01	8.733708e-01	8.734121e-01
0	nP452	50	0	800	2	1	0.016	-2.729695e-01	2.030977e-01	1.793206e-01	1.786405e-01	1.792680e-01
0	nP499	50	0	800	2	1	0.011	1.032813e-01	2.385208e-01	6.651263e-01	6.646339e-01	6.647695e-01
0	nP505	50	0	800	2	1	0.016	8.835005e-02	1.919948e-01	6.455203e-01	6.450033e-01	6.451507e-01
0	nP546	50	0	800	2	1	0.004	3.532191e-01	4.098539e-01	3.890470e-01	3.883048e-01	3.886742e-01
0	nP557	50	0	800	2	1	0.022	-2.860752e-02	1.658947e-01	8.631323e-01	8.629201e-01	8.629651e-01
0	nP596	50	0	800	2	1	0.028	8.731189e-02	1.535144e-01	5.696834e-01	5.690791e-01	5.692785e-01
0	nP661	50	0	800	2	1	0.012	1.351130e-01	2.322858e-01	5.609551e-01	5.603418e-01	5.605478e-01
0	nP674	50	0	800	2	1	0.006	-1.157754e-01	3.354093e-01	7.300526e-01	7.296464e-01	7.297472e-01
0	nP708	50	0	800	2	1	0.026	2.190618e-02	1.604350e-01	8.914270e-01	8.912580e-01	8.912931e-01
0	nP722	50	0	800	2	1	0.007	-5.566377e-02	3.037897e-01	8.546631e-01	8.544380e-01	8.544861e-01
0	nP736	50	0	800	2	1	0.008	3.491417e-01	2.795335e-01	2.120256e-01	2.113108e-01	2.119000e-01
0	nP742	50	0	800	2	1	0.005	-6.038874e-01	3.549139e-01	8.923792e-02	8.873799e-02	8.941660e-02
0	nP745	50	0	800	2	1	0.007	-2.351003e-01	3.036820e-01	4.390619e-01	4.383455e-01	4.386610e-01
0	nP768	50	0	800	2	1	0.021	5.527242e-02	1.778837e-01	7.560929e-01	7.557231e-01	7.558115e-01
0	nP772	50	0	800	2	1	0.007	7.848356e-04	3.037960e-01	9.979394e-01	9.979361e-01	9.979368e-01
0	nP779	50	0	800	2	1	0.006	-3.643571e-01	3.181609e-01	2.524706e-01	2.517285e-01	2.522666e-01
0	nP821	50	0	800	2	1	0.005	-4.201975e-01	3.552458e-01	2.372265e-01	2.364928e-01	2.370505e-01
0	nP826	50	0	800	2	1	0.024	1.391144e-01	1.618332e-01	3.902589e-01	3.895172e-01	3.898852e-01
0	nP829	50	0	800	2	1	0.024	-9.789480e-02	1.642463e-01	5.513280e-01	5.507048e-01	5.509184e-01
0	nP855	50	0	800	2	1	0.008	9.726641e-02	2.797854e-01	7.281974e-01	7.277886e-01	7.278903e-01
0	nP919	50	0	800	2	1	0.004	-3.654206e-02	3.798646e-01	9.233878e-01	9.232682e-01	9.232926e-01
0	nP925	50	0	800	2	1	0.011	-5.059340e-01	2.378756e-01	3.373582e-02	3.345832e-02	3.401586e-02
0	nP938	50	0	800	2	1	0.042	-6.904546e-02	1.256561e-01	5.828302e-01	5.822402e-01	5.824298e-01
0	nP968	50	0	800	2	1	0.004	4.316072e-01	4.097598e-01	2.925143e-01	2.917592e-01	2.922458e-01
0	nP1003	50	0	800	2	1	0.004	2.697138e-01	4.099334e-01	5.107629e-01	5.101012e-01	5.103485e-01
0	nP1014	50	0	800	2	1	0.009	3.309035e-01	2.695454e-01	2.199459e-01	2.192244e-01	2.198039e-01
0	nP1023	50	0	800	2	1	0.009	5.251348e-01	2.601540e-01	4.386773e-02	4.353834e-02	4.414082e-02
0	nP1030	50	0	800	2	1	0.121	-1.171803e-01	7.641738e-02	1.255677e-01	1.249767e-01	1.256507e-01
0	nP1049	50	0	800	2	1	0.009	8.567212e-03	2.697997e-01	9.746762e-01	9.746365e-01	9.746445e-01
0	nP1075	50	0	800	2	1	0.019	2.744049e-02	1.862109e-01	8.828832e-01	8.827011e-01	8.827391e-01
0	nP1087	50	0	800	2	1	0.008	-4.732112e-01	2.793047e-01	9.060846e-02	9.010450e-02	9.078362e-02
0	nP1115	50	0	800	2	1	0.016	5.714783e-02	1.994975e-01	7.746011e-01	7.742576e-01	7.743377e-01
0	nP1118	50	0	800	2	1	0.056	1.347927e-01	1.058999e-01	2.034490e-01	2.027420e-01	2.033417e-01
0	nP1126	50	0	800	2	1	0.009	-1.929065e-01	2.607279e-01	4.595925e-01	4.588898e-01	4.591846e-01
0	nP1132	50	0	800	2	1	0.013	-3.071411e-01	2.263363e-01	1.751611e-01	1.744863e-01	1.751184e-01
0	nP1143	50	0	800	2	1	0.004	-5.679925e-01	3.793343e-01	1.347001e-01	1.340906e-01	1.347590e-01
0	nP1152	50	0	800	2	1	0.006	-1.702371e-01	3.353802e-01	6.118781e-01	6.113208e-01	6.114900e-01
0	nP1171	50	0	800	2	1	0.005	2.615076e-01	3.554366e-01	4.621074e-01	4.614065e-01	4.616989e-01
0	nP1174	50	0	800	2	1	0.005	-1.236930e-01	3.555302e-01	7.279985e-01	7.275895e-01	7.276913e-01
0	nP1187	50	0	800	2	1	0.014	2.465540e-01	2.115306e-01	2.441360e-01	2.433982e-01	2.439470e-01
0	nP1222	50	0	800	2	1	0.006	2.677894e-01	3.182811e-01	4.003976e-01	3.996602e-01	4.000169e-01
0	nP1232	50	0	800	2	1	0.004	4.326192e-01	3.343324e-01	1.960469e-01	1.953475e-01	1.959560e-01
0	nP1235	50	0	800	2	1	0.024	-1.598774e-01	1.662249e-01	3.364345e-01	3.356784e-01	3.361099e-01
0	nP1245	50	0	800	2	1	0.021	2.752585e-01	1.776273e-01	1.216243e-01	1.210418e-01	1.217177e-01
0	nP1276	50	0	800	2	1	0.029	7.272036e-02	1.471304e-01	6.212601e-01	6.207138e-01	6.208767e-01
0	nP1290	50	0	800	2	1	0.029	1.084155e-01	1.485301e-01	4.656516e-01	4.649532e-01	4.652422e-01
0	cP63	60	0	800	1	2	0.039	4.479578e-01	1.313564e-01	6.816458e-04	6.685171e-04	7.335038e-04
0	nP120	60	0	800	2	1	0.020	1.296126e-01	1.804767e-01	4.728637e-01	4.721707e-01	4.724527e-01
0	nP168	60	0	800	2	1	0.007	-6.376926e-02	3.037877e-01	8.337884e-01	8.335320e-01	8.335879e-01
0	nP353	60	0	800	2	1	0.004	7.878288e-01	3.788417e-01	3.788348e-02	3.758388e-02	3.816190e-02
0	nP362	60	0	800	2	1	0.004	1.212792e-01	3.798425e-01	7.495916e-01	7.492126e-01	7.493041e-01
0	nP393	60	0	800	2	1	0.004	-2.517095e-01	4.099478e-01	5.393878e-01	5.387527e-01	5.389758e-01
0	nP644	60	0	800	2	1	0.019	-9.192175e-03	1.862131e-01	9.606418e-01	9.605802e-01	9.605926e-01
0	nP669	60	0	800	2	1	0.004	1.745262e-01	3.798166e-01	6.459994e-01	6.454830e-01	6.456301e-01
0	nP847	60	0	800	2	1	0.011	3.855350e-02	2.453041e-01	8.751537e-01	8.749598e-01	8.750005e-01
0	nP896	60	0	800	2	1	0.042	-1.197836e-01	1.236703e-01	3.330520e-01	3.322954e-01	3.327311e-01
0	nP964	60	0	800	2	1	0.008	-1.562493e-02	2.798060e-01	9.554816e-01	9.554120e-01	9.554260e-01
0	nP1138	60	0	800	2	1	0.006	5.331378e-01	3.178625e-01	9.388337e-02	9.336999e-02	9.405005e-02
0	nP703	62	0	800	2	1	0.013	2.085036e-01	2.156744e-01	3.339611e-01	3.332046e-01	3.336392e-01
0	nP1004	62	0	800	2	1	0.007	-4.715960e-01	2.905679e-01	1.049812e-01	1.044380e-01	1.051187e-01
0	cP4	67	0	800	2	1	0.009	7.058364e-01	2.686403e-01	8.768165e-03	8.663178e-03	8.975075e-03
0	cP23	67	0	800	2	1	0.007	-3.195053e-01	2.908272e-01	2.722701e-01	2.715200e-01	2.720326e-01
0	cP42	67	0	800	2	1	0.129	9.370105e-01	6.658021e-02	2.412603e-40	1.827740e-40	2.185015e-33
0	cP51	67	0	800	2	1	0.006	7.529571e-01	3.343736e-01	2.460331e-02	2.437956e-02	2.487830e-02
0	cP56	67	0	800	2	1	0.016	4.924621e-01	1.987447e-01	1.342307e-02	1.327839e-02	1.366333e-02
0	cP68	67	0	800	2	1	0.049	-3.919046e-01	1.184521e-01	9.798266e-04	9.619776e-04	1.045080e-03
0	nP11	67	0	800	2	1	0.016	-1.513778e-01	1.994358e-01	4.480586e-01	4.473480e-01	4.476543e-01
0	nP34	67	0	800	2	1	0.004	-1.701958e-01	3.798190e-01	6.542048e-01	6.536986e-01	6.538407e-01
0	nP64	67	0	800	2	1	0.018	1.862946e-01	1.923864e-01	3.331700e-01	3.324134e-01	3.328489e-01
0	nP76	67	0	800	2	1	0.012	-1.491569e-01	2.106562e-01	4.791158e-01	4.784276e-01	4.787037e-01
0	nP83	67	0	800	2	1	0.013	2.880540e-01	2.263677e-01	2.035644e-01	2.028574e-01	2.034569e-01
0	nP99	67	0	800	2	1	0.032	4.848297e-02	1.418565e-01	7.326103e-01	7.322077e-01	7.323072e-01
0	nP129	67	0	800	2	1	0.006	-3.806877e-01	3.351635e-01	2.563701e-01	2.556261e-01	2.561592e-01
0	nP173	67	0	800	2	1	0.006	-9.917044e-02	3.184029e-01	7.555307e-01	7.551601e-01	7.552487e-01
0	nP194	67	0	800	2	1	0.021	8.712843e-03	1.725247e-01	9.597350e-01	9.596720e-01	9.596847e-01
0	nP208	67	0	800	2	1	0.013	3.700493e-02	2.212743e-01	8.672271e-01	8.670211e-01	8.670646e-01
0	nP225	67	0	800	2	1	0.008	3.449299e-01	2.795400e-01	2.175961e-01	2.168766e-01	2.174590e-01
0	nP244	67	0	800	2	1	0.016	-3.249963e-01	2.030017e-01	1.097831e-01	1.092279e-01	1.099079e-01
0	nP293	67	0	800	2	1	0.022	1.129523e-01	1.706082e-01	5.081261e-01	5.074620e-01	5.077117e-01
0	nP344	67	0	800	2	1	0.004	6.020810e-01	3.792684e-01	1.128001e-01	1.122377e-01	1.129169e-01
0	nP348	67	0	800	2	1	0.009	2.133884e-01	2.696941e-01	4.290484e-01	4.283259e-01	4.286518e-01
0	nP367	67	0	800	2	1	0.019	-9.711054e-02	1.774130e-01	5.842776e-01	5.836891e-01	5.838777e-01
0	nP371	67	0	800	2	1	0.004	1.594015e-01	4.100058e-01	6.975436e-01	6.970934e-01	6.972108e-01
0	nP426	67	0	800	2	1	0.006	5.906799e-01	3.177350e-01	6.339033e-02	6.297742e-02	6.363045e-02
0	nP468	67	0	800	2	1	0.004	1.001862e-01	4.100292e-01	8.070309e-01	8.067347e-01	8.068011e-01
0	nP510	67	0	800	2	1	0.008	1.871550e-01	2.797281e-01	5.036504e-01	5.029825e-01	5.032361e-01
0	nP514	67	0	800	2	1	0.034	3.761123e-02	1.382843e-01	7.857040e-01	7.853766e-01	7.854519e-01
0	nP533	67	0	800	2	1	0.013	-1.710756e-01	2.265163e-01	4.503240e-01	4.496149e-01	4.499189e-01
0	nP593	67	0	800	2	1	0.014	-2.043267e-01	2.162086e-01	3.449222e-01	3.441673e-01	3.445884e-01
0	nP601	67	0	800	2	1	0.006	-4.157236e-01	3.351113e-01	2.151353e-01	2.144178e-01	2.150032e-01
0	nP636	67	0	800	2	1	0.006	-3.191552e-02	3.354324e-01	9.242216e-01	9.241033e-01	9.241274e-01
0	nP662	67	0	800	2	1	0.005	1.764728e-02	3.555566e-01	9.604274e-01	9.603655e-01	9.603779e-01
0	nP685	67	0	800	2	1	0.053	-1.080430e-01	1.078521e-01	3.167586e-01	3.160013e-01	3.164572e-01
0	nP726	67	0	800	2	1	0.012	1.078507e-01	2.323036e-01	6.425836e-01	6.420630e-01	6.422123e-01
0	nP809	67	0	800	2	1	0.008	1.275433e-01	2.797701e-01	6.485959e-01	6.480828e-01	6.482283e-01
0	nP859	67	0	800	2	1	0.026	1.046585e-01	1.603941e-01	5.142609e-01	5.136023e-01	5.138466e-01
0	nP885	67	0	800	2	1	0.114	-8.816142e-02	7.827959e-02	2.604035e-01	2.596577e-01	2.601856e-01
0	nP905	67	0	800	2	1	0.004	2.814971e-02	3.798655e-01	9.409459e-01	9.408536e-01	9.408723e-01
0	nP946	67	0	800	2	1	0.124	1.610556e-01	7.405457e-02	2.993636e-02	2.968030e-02	3.021597e-02
0	nP950	67	0	800	2	1	0.004	4.942094e-01	4.096712e-01	2.280377e-01	2.273102e-01	2.278795e-01
0	nP958	67	0	800	2	1	0.065	1.660773e-01	1.006604e-01	9.936137e-02	9.883289e-02	9.951373e-02
0	nP1015	67	0	800	2	1	0.009	-1.954488e-01	2.607256e-01	4.536959e-01	4.529892e-01	4.532898e-01
0	nP1056	67	0	800	2	1	0.013	-2.311252e-01	2.211269e-01	2.962399e-01	2.954841e-01	2.959659e-01
0	nP1072	67	0	800	2	1	0.006	-9.776236e-02	3.184034e-01	7.588936e-01	7.585277e-01	7.586149e-01
0	nP1083	67	0	800	2	1	0.011	-9.824706e-02	2.385235e-01	6.805257e-01	6.800531e-01	6.801799e-01
0	nP1123	67	0	800	2	1	0.012	7.478946e-02	2.323199e-01	7.475942e-01	7.472125e-01	7.473048e-01
0	nP1194	67	0	800	2	1	0.006	-7.359469e-02	3.184116e-01	8.172725e-01	8.169914e-01	8.170538e-01
0	nP1216	67	0	800	2	1	0.006	2.815176e-01	3.182663e-01	3.766739e-01	3.759271e-01	3.763106e-01
0	nP1239	67	0	800	2	1	0.017	1.510892e-01	1.958319e-01	4.406243e-01	4.399089e-01	4.402228e-01
0	nP1252	67	0	800	2	1	0.011	-2.072844e-02	2.385477e-01	9.307773e-01	9.306692e-01	9.306912e-01
0	nP1257	67	0	800	2	1	0.019	-9.510739e-02	1.800498e-01	5.974877e-01	5.969139e-01	5.970930e-01
0	nP1268	67	0	800	2	1	0.004	-8.977157e-01	4.088113e-01	2.838498e-02	2.813803e-02	2.866378e-02
0	nP1294	67	0	800	2	1	0.005	2.987505e-01	3.553998e-01	4.008216e-01	4.000844e-01	4.004407e-01
0	nP1300	67	0	800	2	1	0.004	2.486507e-01	3.797648e-01	5.128180e-01	5.121581e-01	5.124036e-01
0	nP1304	67	0	800	2	1	0.007	5.375462e-02	2.910408e-01	8.535129e-01	8.532861e-01	8.533347e-01
0	cP36	75	0	800	2	1	0.016	9.321518e-02	2.033007e-01	6.467117e-01	6.461962e-01	6.463429e-01
0	cP73	75	0	800	2	1	0.007	1.007432e+00	3.016956e-01	8.790713e-04	8.627835e-04	9.400419e-04
0	nP25	75	0	800	2	1	0.009	4.294881e-02	2.608129e-01	8.692432e-01	8.690403e-01	8.690831e-01
0	nP39	75	0	800	2	1	0.009	3.279431e-01	2.695500e-01	2.241040e-01	2.233794e-01	2.239536e-01
0	nP50	75	0	800	2	1	0.044	5.910924e-02	1.214374e-01	6.265717e-01	6.260317e-01	6.261911e-01
0	nP199	75	0	800	2	1	0.011	2.962356e-01	2.450837e-01	2.271316e-01	2.264047e-01	2.269751e-01
0	nP240	75	0	800	2	1	0.014	-3.895215e-02	2.117061e-01	8.540667e-01	8.538408e-01	8.538891e-01
0	nP301	75	0	800	2	1	0.040	4.864975e-04	1.282433e-01	9.969741e-01	9.969694e-01	9.969703e-01
0	nP334	75	0	800	2	1	0.013	-2.690968e-01	2.210730e-01	2.238765e-01	2.231520e-01	2.237266e-01
0	nP406	75	0	800	2	1	0.024	1.341964e-01	1.642142e-01	4.140561e-01	4.133254e-01	4.136672e-01
0	nP492	75	0	800	2	1	0.036	1.839777e-02	1.349981e-01	8.916329e-01	8.914643e-01	8.914993e-01
0	nP558	75	0	800	2	1	0.025	-1.262535e-01	1.543353e-01	4.135746e-01	4.128436e-01	4.131860e-01
0	nP580	75	0	800	2	1	0.010	-1.689961e-01	2.526255e-01	5.037152e-01	5.030473e-01	5.033008e-01
0	nP675	75	0	800	2	1	0.011	4.142934e-02	2.453036e-01	8.659259e-01	8.657179e-01	8.657619e-01
0	nP696	75	0	800	2	1	0.014	-9.159957e-02	2.163052e-01	6.720638e-01	6.715803e-01	6.717119e-01
0	nP758	75	0	800	2	1	0.006	-2.404257e-01	3.353263e-01	4.735898e-01	4.728974e-01	4.731787e-01
0	nP834	75	0	800	2	1	0.012	1.433185e-01	2.322796e-01	5.374052e-01	5.367682e-01	5.369930e-01
0	nP880	75	0	800	2	1	0.025	1.711179e-01	1.580969e-01	2.794193e-01	2.786671e-01	2.791704e-01
0	nP1024	75	0	800	2	1	0.075	-1.086959e-02	9.540521e-02	9.093213e-01	9.091799e-01	9.092090e-01
0	nP1066	75	0	800	2	1	0.006	2.393782e-01	3.353272e-01	4.755197e-01	4.748288e-01	4.751082e-01
0	nP1088	75	0	800	2	1	0.005	-4.666412e-01	3.551732e-01	1.892772e-01	1.885852e-01	1.892016e-01
0	nP1133	75	0	800	2	1	0.006	3.158941e-01	3.352478e-01	3.463393e-01	3.455846e-01	3.460041e-01
0	nP1144	75	0	800	2	1	0.026	-1.250912e-01	1.564022e-01	4.240620e-01	4.233367e-01	4.236678e-01
0	nP1273	75	0	800	2	1	0.009	-5.569261e-01	2.690785e-01	3.879676e-02	3.849246e-02	3.907457e-02
0	cP64	80	0	800	2	1	0.021	1.149542e+00	1.705866e-01	3.059846e-11	2.851232e-11	9.483889e-11
0	nP235	80	0	800	2	1	0.038	-1.908829e-01	1.331285e-01	1.520142e-01	1.513737e-01	1.520285e-01
0	nP268	80	0	800	2	1	0.006	8.560806e-02	3.354206e-01	7.986143e-01	7.983057e-01	7.983756e-01
0	nP276	80	0	800	2	1	0.018	1.342334e-01	1.892143e-01	4.782678e-01	4.775790e-01	4.778558e-01
0	nP539	80	0	800	2	1	0.044	-6.524993e-02	1.232638e-01	5.967084e-01	5.961338e-01	5.963134e-01
0	nP670	80	0	800	2	1	0.009	1.463391e-01	2.697501e-01	5.876264e-01	5.870415e-01	5.872277e-01
0	nP798	80	0	800	2	1	0.014	1.718696e-01	2.027344e-01	3.968270e-01	3.960880e-01	3.964488e-01
0	nP897	80	0	800	2	1	0.019	2.156785e-01	1.831453e-01	2.392930e-01	2.385580e-01	2.391130e-01
0	nP965	80	0	800	2	1	0.005	1.366408e-01	3.555242e-01	7.008317e-01	7.003859e-01	7.005016e-01
0	nP988	80	0	800	2	1	0.004	-1.428968e-01	3.798331e-01	7.068612e-01	7.064234e-01	7.065359e-01
0	nP1207	80	0	800	2	1	0.026	-5.395661e-02	1.586084e-01	7.338048e-01	7.334038e-01	7.335027e-01
0	nP1284	80	0	800	2	1	0.007	-2.598754e-02	3.037946e-01	9.318511e-01	9.317446e-01	9.317663e-01
0	nP469	83	0	800	2	1	0.012	4.687118e-02	2.323291e-01	8.401677e-01	8.399207e-01	8.399742e-01
0	nP615	83	0	800	2	1	0.008	6.819293e-02	2.797962e-01	8.075075e-01	8.072120e-01	8.072782e-01
0	nP663	83	0	800	2	1	0.009	-9.580505e-02	2.697785e-01	7.225899e-01	7.221735e-01	7.222779e-01
0	nP753	83	0	800	2	1	0.006	1.089038e-02	3.354341e-01	9.741081e-01	9.740676e-01	9.740757e-01
0	nP792	83	0	800	2	1	0.007	2.089336e-01	2.909531e-01	4.729053e-01	4.722124e-01	4.724943e-01
0	nP705	88	0	800	2	1	0.006	1.869829e-01	3.353690e-01	5.773123e-01	5.767162e-01	5.769099e-01
0	cP5	100	0	800	2	1	0.009	1.406553e+00	2.651655e-01	1.464998e-07	1.400879e-07	2.285453e-07
0	cP24	100	0	800	1	2	0.133	-1.304300e+00	5.745642e-02	2.100346e-88	1.130884e-88	1.747295e-59
0	cP32	100	0	800	2	1	0.048	8.312127e-01	1.112666e-01	2.099712e-13	1.926864e-13	1.122519e-12
0	cP37	100	0	800	2	1	0.005	1.379492e+00	3.521877e-01	9.736296e-05	9.494000e-05	1.109642e-04
0	cP46	100	0	800	2	1	0.004	1.379154e+00	4.071278e-01	7.398213e-04	7.257466e-04	7.944762e-04
0	cP59	100	0	800	2	1	0.004	3.039241e-01	4.099034e-01	4.586370e-01	4.579337e-01	4.582295e-01
0	cP77	100	0	800	2	1	0.012	9.861964e-01	2.296971e-01	1.975517e-05	1.917207e-05	2.389913e-05
0	nP8	100	0	800	2	1	0.008	-1.077894e-01	2.797806e-01	7.001446e-01	6.996978e-01	6.998139e-01
0	nP16	100	0	800	2	1	0.064	8.567767e-02	1.033059e-01	4.071495e-01	4.064153e-01	4.067647e-01
0	nP21	100	0	800	2	1	0.021	-1.115319e-01	1.753287e-01	5.248738e-01	5.242249e-01	5.244601e-01
0	nP26	100	0	800	2	1	0.013	-1.055725e-01	2.157683e-01	6.247732e-01	6.242311e-01	6.243917e-01
0	nP35	100	0	800	2	1	0.081	8.199981e-02	8.974004e-02	3.611251e-01	3.603736e-01	3.607754e-01
0	nP46	100	0	800	2	1	0.006	-6.818874e-02	3.354256e-01	8.389600e-01	8.387113e-01	8.387652e-01
0	nP56	100	0	800	2	1	0.032	2.416379e-01	1.416087e-01	8.832687e-02	8.782965e-02	8.850788e-02
0	nP58	100	0	800	2	1	0.007	-8.386166e-01	3.023421e-01	5.671073e-03	5.596193e-03	5.842852e-03
0	nP61	100	0	800	2	1	0.006	-1.343292e-01	3.183867e-01	6.732075e-01	6.727254e-01	6.728564e-01
0	nP65	100	0	800	2	1	0.041	1.392090e-01	1.264187e-01	2.711528e-01	2.704031e-01	2.709171e-01
0	nP80	100	0	800	2	1	0.045	-1.378339e-01	1.216765e-01	2.576431e-01	2.568985e-01	2.574300e-01
0	nP84	100	0	800	2	1	0.016	-7.897012e-02	1.919999e-01	6.809609e-01	6.804888e-01	6.806154e-01
0	nP87	100	0	800	2	1	0.009	2.323777e-01	2.696744e-01	3.891130e-01	3.883708e-01	3.887401e-01
0	nP93	100	0	800	2	1	0.014	5.916861e-01	2.106719e-01	5.097828e-03	5.028978e-03	5.261276e-03
0	nP100	100	0	800	2	1	0.004	-9.034004e-01	4.087956e-01	2.739475e-02	2.715373e-02	2.767282e-02
0	nP109	100	0	800	2	1	0.005	5.347876e-02	3.555521e-01	8.804788e-01	8.802930e-01	8.803319e-01
0	nP111	100	0	800	2	1	0.014	-1.054853e-01	2.162973e-01	6.259057e-01	6.253649e-01	6.255248e-01
0	nP132	100	0	800	2	1	0.071	4.674479e-02	9.581131e-02	6.257662e-01	6.252252e-01	6.253852e-01
0	nP136	100	0	800	2	1	0.004	4.582653e-01	4.097236e-01	2.637010e-01	2.629539e-01	2.634776e-01
0	nP138	100	0	800	2	1	0.005	9.724284e-02	3.555404e-01	7.845342e-01	7.842051e-01	7.842809e-01
0	nP143	100	0	800	2	1	0.005	-4.297994e-02	3.555539e-01	9.038152e-01	9.036653e-01	9.036962e-01
0	nP209	100	0	800	2	1	0.004	5.457711e-01	4.095892e-01	1.830815e-01	1.823967e-01	1.830201e-01
0	nP219	100	0	800	2	1	0.004	1.814273e-01	3.798125e-01	6.330116e-01	6.324794e-01	6.326347e-01
0	nP222	100	0	800	2	1	0.005	2.647891e-01	3.554335e-01	4.565062e-01	4.558013e-01	4.560992e-01
0	nP226	100	0	800	2	1	0.005	5.028001e-03	3.555571e-01	9.887209e-01	9.887032e-01	9.887067e-01
0	nP230	100	0	800	2	1	0.013	-4.848545e-01	2.259463e-01	3.218325e-02	3.191437e-02	3.246336e-02
0	nP245	100	0	800	2	1	0.006	3.996567e-01	3.351358e-01	2.334113e-01	2.326801e-01	2.332425e-01
0	nP247	100	0	800	2	1	0.004	-8.472921e-01	3.786808e-01	2.553004e-02	2.530046e-02	2.580623e-02
0	nP258	100	0	800	2	1	0.004	7.859661e-01	4.090996e-01	5.506122e-02	5.468168e-02	5.531762e-02
0	nP294	100	0	800	2	1	0.007	1.267678e-01	3.037629e-01	6.765530e-01	6.760753e-01	6.762043e-01
0	nP309	100	0	800	2	1	0.024	1.871331e-01	1.641493e-01	2.546209e-01	2.538777e-01	2.544130e-01
0	nP315	100	0	800	2	1	0.014	1.769261e-01	2.027289e-01	3.830769e-01	3.823323e-01	3.827086e-01
0	nP330	100	0	800	2	1	0.004	-1.047528e-01	3.798487e-01	7.827923e-01	7.824607e-01	7.825372e-01
0	nP335	100	0	800	2	1	0.008	-2.652661e-01	2.796490e-01	3.431274e-01	3.423721e-01	3.427955e-01
0	nP337	100	0	800	2	1	0.018	-3.740142e-02	1.892693e-01	8.434009e-01	8.431588e-01	8.432111e-01
0	nP341	100	0	800	2	1	0.014	3.350248e-01	2.024786e-01	9.839514e-02	9.786927e-02	9.855004e-02
0	nP345	100	0	800	2	1	0.010	-2.921579e-01	2.524846e-01	2.475648e-01	2.468251e-01	2.473696e-01
0	nP358	100	0	800	2	1	0.011	2.833444e-01	2.451028e-01	2.480178e-01	2.472779e-01	2.478218e-01
0	nP374	100	0	800	2	1	0.006	2.618622e-01	3.182873e-01	4.109114e-01	4.101790e-01	4.105242e-01
0	nP395	100	0	800	2	1	0.030	-2.896959e-01	1.454092e-01	4.668064e-02	4.633801e-02	4.695025e-02
0	nP400	100	0	800	2	1	0.043	-2.030539e-01	1.219899e-01	9.640233e-02	9.588192e-02	9.656245e-02
0	nP402	100	0	800	2	1	0.005	-1.568360e-01	3.555138e-01	6.592216e-01	6.587217e-01	6.588609e-01
0	nP407	100	0	800	2	1	0.041	-1.635659e-02	1.265134e-01	8.971628e-01	8.970026e-01	8.970358e-01
0	nP427	100	0	800	2	1	0.009	1.510347e-01	2.697468e-01	5.756962e-01	5.750983e-01	5.752932e-01
0	nP438	100	0	800	2	1	0.041	-1.136711e-01	1.285240e-01	3.767281e-01	3.759812e-01	3.763647e-01
0	nP441	100	0	800	2	1	0.014	-1.245970e-01	2.116646e-01	5.562606e-01	5.556424e-01	5.558521e-01
0	nP444	100	0	800	2	1	0.016	1.836261e-01	1.919102e-01	3.389411e-01	3.381853e-01	3.386137e-01
0	nP448	100	0	800	2	1	0.012	-3.103511e-01	2.320751e-01	1.815099e-01	1.808271e-01	1.814522e-01
0	nP450	100	0	800	2	1	0.004	3.913722e-01	3.796141e-01	3.028654e-01	3.021089e-01	3.025823e-01
0	nP456	100	0	800	2	1	0.005	-1.864805e-01	3.554958e-01	6.000317e-01	5.994608e-01	5.996381e-01
0	nP477	100	0	800	2	1	0.007	-2.118745e-02	3.037951e-01	9.444160e-01	9.443291e-01	9.443467e-01
0	nP486	100	0	800	2	1	0.006	-3.855979e-02	3.354315e-01	9.085091e-01	9.083664e-01	9.083958e-01
0	nP493	100	0	800	2	1	0.014	8.622470e-02	2.163080e-01	6.902798e-01	6.898200e-01	6.899414e-01
0	nP506	100	0	800	2	1	0.014	-1.394805e-01	2.162732e-01	5.191597e-01	5.185055e-01	5.187455e-01
0	nP521	100	0	800	2	1	0.011	2.970457e-01	2.383170e-01	2.129719e-01	2.122562e-01	2.128443e-01
0	nP525	100	0	800	2	1	0.014	-3.509630e-01	2.065028e-01	8.960417e-02	8.910316e-02	8.978191e-02
0	nP530	100	0	800	2	1	0.012	7.281847e-02	2.323207e-01	7.540287e-01	7.536560e-01	7.537453e-01
0	nP534	100	0	800	2	1	0.004	5.827958e-01	4.095253e-01	1.550977e-01	1.544522e-01	1.551042e-01
0	nP540	100	0	800	2	1	0.009	1.327132e-01	2.697589e-01	6.228762e-01	6.223318e-01	6.224936e-01
0	nP547	100	0	800	2	1	0.004	1.989424e-01	4.099841e-01	6.276364e-01	6.270976e-01	6.272564e-01
0	nP549	100	0	800	2	1	0.011	-1.124813e-01	2.452756e-01	6.466525e-01	6.461369e-01	6.462836e-01
0	nP554	100	0	800	2	1	0.007	3.694465e-01	3.035144e-01	2.238770e-01	2.231525e-01	2.237271e-01
0	nP561	100	0	800	2	1	0.035	1.542186e-01	1.359577e-01	2.570039e-01	2.562597e-01	2.567919e-01
0	nP563	100	0	800	2	1	0.007	6.546190e-02	2.910378e-01	8.220946e-01	8.218207e-01	8.218811e-01
0	nP585	100	0	800	2	1	0.006	4.013140e-01	3.351333e-01	2.314767e-01	2.307468e-01	2.313118e-01
0	nP590	100	0	800	2	1	0.018	3.551053e-01	1.920885e-01	6.487743e-02	6.445886e-02	6.511440e-02
0	nP602	100	0	800	2	1	0.005	7.307106e-02	3.555477e-01	8.372207e-01	8.369694e-01	8.370240e-01
0	nP609	100	0	800	2	1	0.011	-1.127048e-01	2.452755e-01	6.459983e-01	6.454819e-01	6.456291e-01
0	nP640	100	0	800	2	1	0.006	2.702903e-02	3.184208e-01	9.323744e-01	9.322687e-01	9.322902e-01
0	nP646	100	0	800	2	1	0.034	1.573494e-02	1.371627e-01	9.086980e-01	9.085557e-01	9.085850e-01
0	nP690	100	0	800	2	1	0.007	1.385331e-01	2.691199e-01	6.068608e-01	6.062976e-01	6.064702e-01
0	nP711	100	0	800	2	1	0.016	1.785652e-01	2.032292e-01	3.798614e-01	3.791156e-01	3.794956e-01
0	nP727	100	0	800	2	1	0.018	6.075437e-02	1.924873e-01	7.523675e-01	7.519924e-01	7.520825e-01
0	nP731	100	0	800	2	1	0.011	2.239510e-01	2.384171e-01	3.478485e-01	3.470940e-01	3.475117e-01
0	nP743	100	0	800	2	1	0.009	-9.238353e-02	2.697800e-01	7.321098e-01	7.317064e-01	7.318062e-01
0	nP746	100	0	800	2	1	0.009	5.517364e-01	2.600850e-01	3.419841e-02	3.391838e-02	3.447837e-02
0	nP759	100	0	800	2	1	0.004	-2.162208e-01	3.797897e-01	5.693011e-01	5.686964e-01	5.688961e-01
0	nP761	100	0	800	2	1	0.006	-3.479547e-02	3.184199e-01	9.130115e-01	9.128758e-01	9.129036e-01
0	nP765	100	0	800	2	1	0.007	-8.653563e-02	3.037806e-01	7.758236e-01	7.754819e-01	7.755615e-01
0	nP776	100	0	800	2	1	0.057	8.547669e-03	1.062757e-01	9.359161e-01	9.358159e-01	9.358362e-01
0	nP780	100	0	800	2	1	0.004	1.567421e-01	3.798263e-01	6.799608e-01	6.794875e-01	6.796146e-01
0	nP799	100	0	800	2	1	0.016	1.206194e-01	1.852679e-01	5.151990e-01	5.145412e-01	5.147847e-01
0	nP806	100	0	800	2	1	0.005	1.755682e-01	3.555028e-01	6.215419e-01	6.209959e-01	6.211586e-01
0	nP814	100	0	800	2	1	0.018	-1.282680e-01	1.856921e-01	4.899195e-01	4.892400e-01	4.895060e-01
0	nP827	100	0	800	2	1	0.014	9.815991e-02	2.116820e-01	6.429792e-01	6.424591e-01	6.426081e-01
0	nP835	100	0	800	2	1	0.022	1.353380e-01	1.679471e-01	4.205766e-01	4.198493e-01	4.201842e-01
0	nP837	100	0	800	2	1	0.004	3.052428e-01	4.099022e-01	4.566891e-01	4.559844e-01	4.562821e-01
0	nP853	100	0	800	2	1	0.041	7.484199e-02	1.253260e-01	5.505577e-01	5.499338e-01	5.501479e-01
0	nP869	100	0	800	2	1	0.015	2.254162e-01	2.072329e-01	2.770370e-01	2.762854e-01	2.767918e-01
0	nP873	100	0	800	2	1	0.004	7.051588e-01	4.092841e-01	8.529255e-02	8.480451e-02	8.548126e-02
0	nP898	100	0	800	2	1	0.004	-3.624099e-01	4.098438e-01	3.768203e-01	3.760735e-01	3.764569e-01
0	nP906	100	0	800	2	1	0.007	3.637937e-02	3.037933e-01	9.047110e-01	9.045625e-01	9.045931e-01
0	nP909	100	0	800	2	1	0.016	-2.128832e-02	2.033261e-01	9.166399e-01	9.165098e-01	9.165364e-01
0	nP915	100	0	800	2	1	0.004	5.200510e-01	4.096311e-01	2.046117e-01	2.039037e-01	2.045020e-01
0	nP917	100	0	800	2	1	0.004	3.151405e-01	3.797030e-01	4.068064e-01	4.060720e-01	4.064217e-01
0	nP920	100	0	800	2	1	0.007	2.647252e-01	2.908962e-01	3.630797e-01	3.623287e-01	3.627282e-01
0	nP926	100	0	800	2	1	0.031	2.562941e-01	1.441446e-01	7.577896e-02	7.532153e-02	7.599110e-02
0	nP935	100	0	800	2	1	0.010	2.398039e-02	2.526949e-01	9.244192e-01	9.243012e-01	9.243253e-01
0	nP947	100	0	800	2	1	0.014	5.336650e-02	2.163213e-01	8.052037e-01	8.049048e-01	8.049720e-01
0	nP955	100	0	800	2	1	0.027	-4.837518e-02	1.568588e-01	7.578589e-01	7.574915e-01	7.575791e-01
0	nP969	100	0	800	2	1	0.029	2.550200e-01	1.451277e-01	7.926539e-02	7.879641e-02	7.946910e-02
0	nP973	100	0	800	2	1	0.015	-1.260493e-01	2.073385e-01	5.434004e-01	5.427693e-01	5.429892e-01
0	nP978	100	0	800	2	1	0.109	8.730658e-02	7.950650e-02	2.724893e-01	2.717391e-01	2.722514e-01
0	nP982	100	0	800	2	1	0.059	1.345458e-01	1.059860e-01	2.046445e-01	2.039364e-01	2.045347e-01
0	nP989	100	0	800	2	1	0.006	-2.075325e-01	3.353538e-01	5.361942e-01	5.355560e-01	5.357818e-01
0	nP992	100	0	800	2	1	0.007	-9.544357e-01	3.019114e-01	1.629951e-03	1.602639e-03	1.718742e-03
0	nP1017	100	0	800	2	1	0.004	-1.191804e-01	3.798434e-01	7.537838e-01	7.534108e-01	7.535002e-01
0	nP1020	100	0	800	2	1	0.021	7.751193e-02	1.753517e-01	6.585822e-01	6.580815e-01	6.582210e-01
0	nP1031	100	0	800	2	1	0.009	4.257031e-02	2.608130e-01	8.703853e-01	8.701841e-01	8.702266e-01
0	nP1040	100	0	800	2	1	0.043	-1.087722e-01	1.248045e-01	3.837210e-01	3.829767e-01	3.833522e-01
0	nP1046	100	0	800	2	1	0.088	6.495441e-02	8.836246e-02	4.625003e-01	4.617997e-01	4.620917e-01
0	nP1076	100	0	800	2	1	0.004	-6.380417e-01	4.094220e-01	1.195358e-01	1.189579e-01	1.196347e-01
0	nP1089	100	0	800	2	1	0.018	2.319059e-01	1.855661e-01	2.117678e-01	2.110532e-01	2.116428e-01
0	nP1091	100	0	800	2	1	0.018	2.159381e-02	1.924978e-01	9.107114e-01	9.105721e-01	9.106007e-01
0	nP1113	100	0	800	2	1	0.029	-2.127993e-01	1.483886e-01	1.519445e-01	1.513041e-01	1.519590e-01
0	nP1116	100	0	800	2	1	0.004	-6.703657e-03	3.798667e-01	9.859246e-01	9.859025e-01	9.859069e-01
0	nP1119	100	0	800	2	1	0.004	-9.570483e-01	3.783530e-01	1.161360e-02	1.148371e-02	1.184291e-02
0	nP1127	100	0	800	2	1	0.009	6.471647e-02	2.697901e-01	8.104871e-01	8.101960e-01	8.102610e-01
0	nP1129	100	0	800	2	1	0.013	-2.712783e-01	2.210697e-01	2.201406e-01	2.194190e-01	2.199982e-01
0	nP1134	100	0	800	2	1	0.004	3.201134e-02	4.100430e-01	9.377933e-01	9.376961e-01	9.377158e-01
0	nP1140	100	0	800	2	1	0.007	1.208336e+00	3.007696e-01	6.438457e-05	6.270508e-05	7.444172e-05
0	nP1145	100	0	800	2	1	0.004	-5.120736e-01	4.096437e-01	2.116491e-01	2.109346e-01	2.115243e-01
0	nP1154	100	0	800	2	1	0.005	-5.193500e-02	3.555524e-01	8.839042e-01	8.837237e-01	8.837614e-01
0	nP1175	100	0	800	2	1	0.004	-1.820786e-01	3.798121e-01	6.317916e-01	6.312579e-01	6.314140e-01
0	nP1178	100	0	800	2	1	0.005	2.955866e-01	3.554031e-01	4.058306e-01	4.050957e-01	4.054465e-01
0	nP1180	100	0	800	2	1	0.009	-4.663725e-01	2.692942e-01	8.368980e-02	8.320672e-02	8.388255e-02
0	nP1189	100	0	800	2	1	0.011	-3.990996e-01	2.381301e-01	9.413521e-02	9.362113e-02	9.430124e-02
0	nP1213	100	0	800	2	1	0.041	-3.400236e-02	1.265090e-01	7.881728e-01	7.878490e-01	7.879232e-01
0	nP1233	100	0	800	2	1	0.012	1.311997e-01	2.322886e-01	5.723593e-01	5.717580e-01	5.719553e-01
0	nP1236	100	0	800	2	1	0.007	2.466400e-01	3.036706e-01	4.169214e-01	4.161921e-01	4.165309e-01
0	nP1240	100	0	800	2	1	0.007	-4.410362e-01	2.906280e-01	1.295294e-01	1.289302e-01	1.296019e-01
0	nP1249	100	0	800	2	1	0.094	7.254246e-03	8.628015e-02	9.330157e-01	9.329110e-01	9.329323e-01
0	nP1265	100	0	800	2	1	0.007	-1.907011e-01	3.037210e-01	5.302605e-01	5.296167e-01	5.298473e-01
0	nP1269	100	0	800	2	1	0.006	7.037682e-02	3.354250e-01	8.338665e-01	8.336101e-01	8.336660e-01
0	nP1279	100	0	800	2	1	0.052	2.188358e-01	1.121841e-01	5.144420e-02	5.108015e-02	5.170676e-02
0	nP1291	100	0	800	2	1	0.004	-2.972046e-01	3.797211e-01	4.340403e-01	4.333208e-01	4.336414e-01
0	nP1295	100	0	800	2	1	0.007	-8.158501e-02	2.910327e-01	7.792975e-01	7.789608e-01	7.790389e-01
0	nP1305	100	0	800	2	1	0.008	-2.819473e-01	2.796285e-01	3.136197e-01	3.128624e-01	3.133222e-01
0	nP1309	100	0	800	2	1	0.004	1.432189e-01	4.100132e-01	7.269538e-01	7.265434e-01	7.266457e-01
