chr	rs	ps	n_mis	n_obs	allele1	allele0	af	beta	se	p_wald	p_lrt	p_score
0	cP3	0	0	800	2	1	0.006	-1.351756e-01	3.183863e-01	6.712685e-01	6.707839e-01	6.709160e-01
0	cP7	0	0	800	2	1	0.071	-2.043765e-01	9.703259e-02	3.549289e-02	3.520587e-02	3.577249e-02
0	cP12	0	0	800	2	1	0.006	-6.399779e-01	3.346684e-01	5.619871e-02	5.581443e-02	5.645304e-02
0	cP14	0	0	800	2	1	0.014	5.574991e-01	2.018632e-01	5.881081e-03	5.804034e-03	6.055738e-03
0	cP16	0	0	800	2	1	0.046	-2.164587e+00	9.277347e-02	3.332611e-92	1.746758e-92	4.027930e-61
0	cP23	0	0	800	2	1	0.005	-7.377346e-01	3.545967e-01	3.779920e-02	3.750004e-02	3.807767e-02
0	cP29	0	0	800	2	1	0.007	-1.326138e+00	3.001470e-01	1.132194e-05	1.096944e-05	1.402250e-05
0	cP34	0	0	800	2	1	0.010	-5.043611e-01	2.373040e-01	3.386157e-02	3.358338e-02	3.414159e-02
0	cP40	0	0	800	2	1	0.015	-3.706819e-01	2.069709e-01	7.367457e-02	7.322432e-02	7.389171e-02
0	cP42	0	0	800	2	1	0.039	4.090586e-02	1.300477e-01	7.531892e-01	7.528153e-01	7.529050e-01
0	cP52	0	0	800	2	1	0.013	-1.857391e-01	2.110888e-01	3.791731e-01	3.784271e-01	3.788078e-01
0	cP54	0	0	800	2	1	0.026	-6.785008e-01	1.586288e-01	2.121142e-05	2.058972e-05	2.558649e-05
0	cP57	0	0	800	2	1	0.028	1.521514e+00	1.437888e-01	1.410317e-24	1.195449e-24	5.883924e-22
0	nP1	0	0	800	2	1	0.008	3.355246e-01	2.795544e-01	2.304130e-01	2.296838e-01	2.302501e-01
0	nP3	0	0	800	2	1	0.008	-2.287976e-01	2.796893e-01	4.135773e-01	4.128464e-01	4.131887e-01
0	nP8	0	0	800	2	1	0.086	1.151890e-01	9.042825e-02	2.030992e-01	2.023926e-01	2.029927e-01
0	nP9	0	0	800	2	1	0.011	1.917940e-01	2.452140e-01	4.343588e-01	4.336395e-01	4.339598e-01
0	nP12	0	0	800	2	1	0.004	1.057633e-01	4.100275e-01	7.965182e-01	7.962066e-01	7.962773e-01
0	nP24	0	0	800	2	1	0.006	-7.678677e-01	3.343311e-01	2.189246e-02	2.168630e-02	2.216279e-02
0	nP36	0	0	800	2	1	0.006	-4.258118e-02	3.184187e-01	8.936522e-01	8.934866e-01	8.935209e-01
0	nP40	0	0	800	2	1	0.004	-1.161060e-01	3.798446e-01	7.599379e-01	7.595735e-01	7.596602e-01
0	nP42	0	0	800	2	1	0.004	-3.541207e-01	3.796599e-01	3.512409e-01	3.504871e-01	3.509006e-01
0	nP56	0	0	800	2	1	0.022	-3.093194e-01	1.611459e-01	5.527743e-02	5.489699e-02	5.553344e-02
0	nP59	0	0	800	2	1	0.024	-2.750251e-01	1.597296e-01	8.549013e-02	8.500149e-02	8.567835e-02
0	nP67	0	0	800	2	1	0.004	8.351059e-02	3.346699e-01	8.030141e-01	8.027120e-01	8.027800e-01
0	nP72	0	0	800	2	1	0.006	-1.488641e-01	3.183786e-01	6.402203e-01	6.396968e-01	6.398475e-01
0	nP84	0	0	800	2	1	0.004	-1.270906e+00	4.075690e-01	1.884537e-03	1.853742e-03	1.981143e-03
0	nP88	0	0	800	2	1	0.014	-6.001789e-01	2.152837e-01	5.432073e-03	5.359686e-03	5.600466e-03
0	nP94	0	0	800	2	1	0.015	5.038582e-02	2.073788e-01	8.080949e-01	8.078002e-01	8.078662e-01
0	nP98	0	0	800	2	1	0.017	1.187650e-01	1.958598e-01	5.444365e-01	5.438064e-01	5.440255e-01
0	nP99	0	0	800	2	1	0.028	-1.121454e-01	1.481593e-01	4.493186e-01	4.486089e-01	4.489139e-01
0	nP102	0	0	800	2	1	0.011	-2.345152e-01	2.384043e-01	3.255678e-01	3.248107e-01	3.252556e-01
0	nP110	0	0	800	2	1	0.004	4.148137e-01	3.795829e-01	2.748050e-01	2.740541e-01	2.745634e-01
0	nP113	0	0	800	2	1	0.007	-3.737983e-01	2.907461e-01	1.989375e-01	1.982351e-01	1.988402e-01
0	nP118	0	0	800	2	1	0.011	6.454556e-01	2.374521e-01	6.705097e-03	6.619740e-03	6.890248e-03
0	nP124	0	0	800	2	1	0.054	1.224439e-01	1.086035e-01	2.598954e-01	2.591499e-01	2.596784e-01
0	nP127	0	0	800	2	1	0.007	3.352111e-01	2.908051e-01	2.493786e-01	2.486380e-01	2.491801e-01
0	nP137	0	0	800	2	1	0.051	9.092027e-02	1.150418e-01	4.295733e-01	4.288512e-01	4.291765e-01
0	nP150	0	0	800	2	1	0.067	-4.132644e-02	9.596861e-02	6.668577e-01	6.663675e-01	6.665021e-01
0	nP164	0	0	800	2	1	0.017	-1.829032e-01	1.957979e-01	3.505129e-01	3.497589e-01	3.501733e-01
0	nP173	0	0	800	2	1	0.009	-4.108684e-02	2.697959e-01	8.789978e-01	8.788098e-01	8.788492e-01
0	nP180	0	0	800	2	1	0.011	1.929112e-01	2.452129e-01	4.316856e-01	4.309647e-01	4.312878e-01
0	nP191	0	0	800	2	1	0.036	-1.378861e-01	1.363399e-01	3.121596e-01	3.114024e-01	3.118641e-01
0	nP202	0	0	800	2	1	0.079	-1.330805e-01	9.272422e-02	1.516137e-01	1.509738e-01	1.516290e-01
0	nP215	0	0	800	2	1	0.008	9.559328e-03	2.798064e-01	9.727549e-01	9.727122e-01	9.727208e-01
0	nP222	0	0	800	2	1	0.004	-9.259471e-01	4.087324e-01	2.375468e-02	2.353635e-02	2.402841e-02
0	nP234	0	0	800	2	1	0.049	4.742525e-02	1.169433e-01	6.851890e-01	6.847224e-01	6.848466e-01
0	nP242	0	0	800	2	1	0.029	4.544732e-02	1.471441e-01	7.575067e-01	7.571389e-01	7.572266e-01
0	nP247	0	0	800	2	1	0.016	2.227968e-01	1.918582e-01	2.458843e-01	2.451456e-01	2.456921e-01
0	nP252	0	0	800	2	1	0.005	2.774374e-01	3.554214e-01	4.352768e-01	4.345581e-01	4.348775e-01
0	nP253	0	0	800	2	1	0.016	-3.629506e-01	1.990936e-01	6.867519e-02	6.824259e-02	6.890382e-02
0	nP260	0	0	800	2	1	0.012	-2.895016e-01	2.321089e-01	2.126657e-01	2.119503e-01	2.125388e-01
0	nP263	0	0	800	2	1	0.008	1.444373e-01	2.797598e-01	6.057947e-01	6.052303e-01	6.054037e-01
0	nP271	0	0	800	2	1	0.018	-5.485453e-02	1.924896e-01	7.757380e-01	7.753962e-01	7.754758e-01
0	nP280	0	0	800	2	1	0.022	-2.327626e-01	1.727662e-01	1.782760e-01	1.775972e-01	1.782259e-01
0	nP288	0	0	800	2	1	0.033	5.430659e-03	1.406405e-01	9.692080e-01	9.691598e-01	9.691695e-01
0	nP300	0	0	800	2	1	0.014	1.730472e-02	2.068752e-01	9.333572e-01	9.332531e-01	9.332742e-01
0	nP307	0	0	800	2	1	0.028	-1.021267e-02	1.500525e-01	9.457544e-01	9.456696e-01	9.456867e-01
0	nP311	0	0	800	2	1	0.014	-3.289805e-01	2.160158e-01	1.281683e-01	1.275718e-01	1.282443e-01
0	nP329	0	0	800	2	1	0.010	-1.862511e-01	2.526103e-01	4.611530e-01	4.604514e-01	4.607447e-01
0	nP332	0	0	800	2	1	0.007	1.741141e-01	3.037335e-01	5.666393e-01	5.660319e-01	5.662336e-01
0	nP338	0	0	800	2	1	0.004	-5.936709e-01	3.792850e-01	1.179238e-01	1.173495e-01	1.180270e-01
0	nP344	0	0	800	2	1	0.010	-5.212727e-01	2.520217e-01	3.892740e-02	3.862243e-02	3.920512e-02
0	nP353	0	0	800	2	1	0.016	-3.996495e-02	1.995027e-01	8.412792e-01	8.410339e-01	8.410870e-01
0	nP357	0	0	800	2	1	0.006	-2.354362e-01	3.183132e-01	4.597378e-01	4.590352e-01	4.593299e-01
0	nP364	0	0	800	2	1	0.007	2.807466e-01	3.036334e-01	3.554413e-01	3.546884e-01	3.550970e-01
0	nP369	0	0	800	2	1	0.004	-4.103734e-01	3.795889e-01	2.799794e-01	2.792270e-01	2.797296e-01
0	nP377	0	0	800	2	1	0.070	1.725502e-02	9.796698e-02	8.602358e-01	8.600191e-01	8.600652e-01
0	nP380	0	0	800	2	1	0.014	7.936997e-02	2.163113e-01	7.137724e-01	7.133439e-01	7.134529e-01
0	nP388	0	0	800	2	1	0.025	-1.082778e-01	1.622778e-01	5.048135e-01	5.041465e-01	5.043991e-01
0	nP392	0	0	800	2	1	0.007	2.667296e-01	2.908939e-01	3.594558e-01	3.587039e-01	3.591076e-01
0	nP395	0	0	800	2	1	0.015	-1.300001e-01	2.073354e-01	5.308362e-01	5.301929e-01	5.304231e-01
0	nP408	0	0	800	2	1	0.009	-2.828170e-01	2.606251e-01	2.781836e-01	2.774317e-01	2.779366e-01
0	nP414	0	0	800	2	1	0.011	1.337562e-01	2.452622e-01	5.856585e-01	5.850715e-01	5.852590e-01
0	nP417	0	0	800	2	1	0.019	-1.803891e-01	1.861039e-01	3.326931e-01	3.319365e-01	3.323726e-01
0	nP419	0	0	800	2	1	0.006	3.044150e-01	3.352611e-01	3.641556e-01	3.634049e-01	3.638031e-01
0	nP429	0	0	800	2	1	0.014	1.119557e-01	2.162932e-01	6.048733e-01	6.043079e-01	6.044819e-01
0	nP440	0	0	800	2	1	0.007	1.422643e-01	3.037543e-01	6.396600e-01	6.391358e-01	6.392869e-01
0	nP449	0	0	800	2	1	0.007	-1.587428e-01	3.037441e-01	6.013836e-01	6.008143e-01	6.009906e-01
0	nP451	0	0	800	2	1	0.004	3.916952e-01	3.796136e-01	3.024663e-01	3.017098e-01	3.021837e-01
0	nP455	0	0	800	2	1	0.005	-4.866886e-01	3.551395e-01	1.709427e-01	1.702736e-01	1.709101e-01
0	nP467	0	0	800	2	1	0.021	3.526319e-01	1.749283e-01	4.414879e-02	4.381806e-02	4.442156e-02
0	nP479	0	0	800	2	1	0.029	-1.112299e-01	1.423772e-01	4.348964e-01	4.341775e-01	4.344972e-01
0	nP483	0	0	800	2	1	0.081	1.780223e-01	8.861115e-02	4.487055e-02	4.453639e-02	4.514247e-02
0	nP484	0	0	800	2	1	0.005	-5.090553e-01	3.551002e-01	1.520912e-01	1.514505e-01	1.521053e-01
0	nP491	0	0	800	2	1	0.014	1.051373e-01	2.116778e-01	6.195478e-01	6.189994e-01	6.191635e-01
0	nP498	0	0	800	2	1	0.013	6.839054e-01	2.199498e-01	1.941462e-03	1.909902e-03	2.039733e-03
0	nP502	0	0	800	2	1	0.020	-1.301068e-02	1.805344e-01	9.425661e-01	9.424764e-01	9.424945e-01
0	nP517	0	0	800	2	1	0.011	-3.278210e-01	2.382664e-01	1.692512e-01	1.685845e-01	1.692228e-01
0	nP520	0	0	800	2	1	0.018	-8.636043e-02	1.892492e-01	6.482756e-01	6.477620e-01	6.479077e-01
0	nP526	0	0	800	2	1	0.056	7.451951e-02	1.067104e-01	4.851716e-01	4.844883e-01	4.847586e-01
0	nP529	0	0	800	2	1	0.020	-3.165062e-02	1.749268e-01	8.564635e-01	8.562412e-01	8.562886e-01
0	nP534	0	0	800	2	1	0.025	4.103548e-02	1.582063e-01	7.954093e-01	7.950960e-01	7.951672e-01
0	nP536	0	0	800	2	1	0.017	-1.869730e-01	1.957931e-01	3.398911e-01	3.391354e-01	3.395627e-01
0	nP539	0	0	800	2	1	0.006	-1.310055e-01	3.183885e-01	6.808426e-01	6.803704e-01	6.804970e-01
0	nP554	0	0	800	2	1	0.004	5.003236e-01	3.794537e-01	1.877024e-01	1.870121e-01	1.876303e-01
0	nP565	0	0	800	2	1	0.006	6.460945e-02	3.354265e-01	8.473065e-01	8.470703e-01	8.471212e-01
0	nP580	0	0	800	2	1	0.006	-2.397112e-01	3.183092e-01	4.516260e-01	4.509178e-01	4.512206e-01
0	nP581	0	0	800	2	1	0.034	-6.017984e-02	1.346401e-01	6.550192e-01	6.545140e-01	6.546557e-01
0	nP585	0	0	800	2	1	0.006	2.371252e-01	3.353292e-01	4.796850e-01	4.789974e-01	4.792729e-01
0	nP591	0	0	800	2	1	0.013	3.771186e-01	2.107689e-01	7.395343e-02	7.350222e-02	7.416992e-02
0	nP599	0	0	800	2	1	0.019	1.970184e-01	1.860828e-01	2.900259e-01	2.892712e-01	2.897610e-01
0	nP605	0	0	800	2	1	0.013	2.424979e-03	2.212782e-01	9.912589e-01	9.912452e-01	9.912480e-01
0	nP609	0	0	800	2	1	0.036	-1.466795e-01	1.338591e-01	2.735075e-01	2.727569e-01	2.732679e-01
0	nP616	0	0	800	2	1	0.006	-1.997737e-01	3.353597e-01	5.515447e-01	5.509217e-01	5.511350e-01
0	nP637	0	0	800	2	1	0.009	6.133283e-01	2.599121e-01	1.852699e-02	1.834393e-02	1.878867e-02
0	nP653	0	0	800	2	1	0.008	7.018715e-02	2.797955e-01	8.019934e-01	8.016898e-01	8.017583e-01
0	nP658	0	0	800	2	1	0.007	6.354524e-02	2.910384e-01	8.272202e-01	8.269539e-01	8.270124e-01
0	nP675	0	0	800	2	1	0.030	-4.926377e-02	1.489559e-01	7.409373e-01	7.405462e-01	7.406417e-01
0	nP676	0	0	800	2	1	0.011	-3.998502e-01	2.448992e-01	1.029238e-01	1.023859e-01	1.030668e-01
0	nP677	0	0	800	2	1	0.011	8.237329e-02	2.385310e-01	7.299330e-01	7.295266e-01	7.296274e-01
0	nP680	0	0	800	2	1	0.087	-4.001753e-02	8.791859e-02	6.491138e-01	6.486012e-01	6.487465e-01
0	nP686	0	0	800	2	1	0.004	6.300296e-01	4.094376e-01	1.242573e-01	1.236690e-01	1.243436e-01
0	nP692	0	0	800	2	1	0.009	-6.084799e-01	2.599264e-01	1.947903e-02	1.928929e-02	1.974352e-02
0	nP706	0	0	800	2	1	0.013	-3.542849e-01	2.262499e-01	1.177683e-01	1.171944e-01	1.178719e-01
0	nP708	0	0	800	2	1	0.009	2.960343e-01	2.606067e-01	2.563216e-01	2.555776e-01	2.561107e-01
0	nP730	0	0	800	2	1	0.009	1.481637e-01	2.697488e-01	5.829770e-01	5.823871e-01	5.825766e-01
0	nP732	0	0	800	2	1	0.016	-3.337628e-01	2.029839e-01	1.005118e-01	9.998023e-02	1.006611e-01
0	nP737	0	0	800	2	1	0.011	-2.099391e-01	2.384331e-01	3.788563e-01	3.781102e-01	3.784913e-01
0	nP741	0	0	800	2	1	0.006	-3.843890e-01	3.181314e-01	2.273008e-01	2.265738e-01	2.271441e-01
0	nP750	0	0	800	2	1	0.011	-2.853080e-02	2.385467e-01	9.048281e-01	9.046797e-01	9.047103e-01
0	nP753	0	0	800	2	1	0.007	-3.864253e-01	2.907254e-01	1.841697e-01	1.834836e-01	1.841058e-01
0	nP754	0	0	800	2	1	0.009	-8.478156e-04	2.697998e-01	9.974935e-01	9.974896e-01	9.974904e-01
0	nP774	0	0	800	2	1	0.018	-2.182756e-01	1.855868e-01	2.398908e-01	2.391555e-01	2.397098e-01
0	nP789	0	0	800	2	1	0.011	6.096323e-01	2.375707e-01	1.046609e-02	1.034598e-02	1.068723e-02
0	nP793	0	0	800	2	1	0.046	9.921838e-02	1.185711e-01	4.029645e-01	4.022283e-01	4.025822e-01
0	nP815	0	0	800	2	1	0.054	-3.311758e-01	1.107304e-01	2.867776e-03	2.824353e-03	2.989852e-03
0	nP818	0	0	800	2	1	0.005	-2.054363e-01	3.554827e-01	5.634892e-01	5.628785e-01	5.630826e-01
0	nP830	0	0	800	2	1	0.008	2.834698e-02	2.798048e-01	9.193299e-01	9.192040e-01	9.192298e-01
0	nP841	0	0	800	2	1	0.010	3.805585e-01	2.523370e-01	1.319155e-01	1.313115e-01	1.319817e-01
0	nP860	0	0	800	2	1	0.005	-4.265911e-01	3.552363e-01	2.301596e-01	2.294305e-01	2.299971e-01
0	nP863	0	0	800	2	1	0.004	5.639370e-01	3.793419e-01	1.375103e-01	1.368954e-01	1.375619e-01
0	nP884	0	0	800	2	1	0.051	2.677243e-02	1.150829e-01	8.161036e-01	8.158208e-01	8.158836e-01
0	nP890	0	0	800	2	1	0.018	-4.136686e-01	1.887066e-01	2.865858e-02	2.841001e-02	2.893756e-02
0	nP898	0	0	800	2	1	0.024	9.981579e-02	1.662837e-01	5.484940e-01	5.478679e-01	5.480837e-01
0	nP902	0	0	800	2	1	0.007	-5.907688e-01	3.030754e-01	5.161592e-02	5.125112e-02	5.187820e-02
0	nP919	0	0	800	2	1	0.007	1.333043e-01	3.037594e-01	6.608902e-01	6.603924e-01	6.605306e-01
0	nP926	0	0	800	2	1	0.004	1.908556e-01	4.099889e-01	6.416903e-01	6.411686e-01	6.413185e-01
0	nP937	0	0	800	2	1	0.010	-1.131074e-01	2.526646e-01	6.545213e-01	6.540155e-01	6.541574e-01
0	nP940	0	0	800	2	1	0.012	2.226203e-02	2.207377e-01	9.196926e-01	9.195673e-01	9.195929e-01
0	nP943	0	0	800	2	1	0.013	-1.128436e-01	2.157637e-01	6.011219e-01	6.005523e-01	6.007288e-01
0	nP945	0	0	800	2	1	0.022	-1.674273e-03	1.706550e-01	9.921746e-01	9.921624e-01	9.921648e-01
0	nP959	0	0	800	2	1	0.005	1.577063e-01	3.555133e-01	6.574508e-01	6.569487e-01	6.570889e-01
0	nP961	0	0	800	2	1	0.006	4.103807e-01	3.180907e-01	1.973767e-01	1.966759e-01	1.972828e-01
0	nP964	0	0	800	2	1	0.021	4.352955e-01	1.695234e-01	1.041680e-02	1.029712e-02	1.063757e-02
0	nP969	0	0	800	2	1	0.008	-4.165011e-01	2.794178e-01	1.364609e-01	1.358480e-01	1.365152e-01
0	nP971	0	0	800	2	1	0.004	-3.477445e-01	4.098598e-01	3.964431e-01	3.957040e-01	3.960651e-01
0	nP975	0	0	800	2	1	0.015	-1.334348e-01	2.073327e-01	5.200338e-01	5.193804e-01	5.196197e-01
0	nP977	0	0	800	2	1	0.028	1.592537e-02	1.551768e-01	9.182846e-01	9.181571e-01	9.181832e-01
0	nP984	0	0	800	2	1	0.029	7.060829e-02	1.485586e-01	6.347110e-01	6.341808e-01	6.343350e-01
0	nP989	0	0	800	2	1	0.014	1.492717e-01	2.162650e-01	4.902528e-01	4.895735e-01	4.898392e-01
0	nP1005	0	0	800	2	1	0.006	-4.940281e-01	3.349781e-01	1.406588e-01	1.400381e-01	1.407022e-01
0	nP1008	0	0	800	2	1	0.072	6.278851e-02	9.605133e-02	5.134950e-01	5.128358e-01	5.130807e-01
0	nP1011	0	0	800	2	1	0.028	-2.384383e-01	1.549481e-01	1.242431e-01	1.236548e-01	1.243295e-01
0	nP1016	0	0	800	2	1	0.004	-8.690552e-02	3.798543e-01	8.190935e-01	8.188151e-01	8.188767e-01
0	nP1021	0	0	800	2	1	0.045	2.019724e-02	1.200078e-01	8.663904e-01	8.661831e-01	8.662270e-01
0	nP1027	0	0	800	2	1	0.013	-3.424993e-01	2.108429e-01	1.046792e-01	1.041367e-01	1.048175e-01
0	nP1036	0	0	800	2	1	0.061	1.793874e-01	1.057337e-01	9.016287e-02	8.966021e-02	9.033917e-02
0	nP1039	0	0	800	2	1	0.013	2.809324e-02	2.212759e-01	8.990039e-01	8.988466e-01	8.988791e-01
0	nP1044	0	0	800	2	1	0.004	2.265790e-01	4.099661e-01	5.806391e-01	5.800466e-01	5.802378e-01
0	nP1048	0	0	800	2	1	0.019	-1.874644e-01	1.831843e-01	3.064454e-01	3.056886e-01	3.061574e-01
0	nP1051	0	0	800	2	1	0.007	9.419089e-02	3.037777e-01	7.565924e-01	7.562232e-01	7.563114e-01
0	nP1064	0	0	800	2	1	0.004	6.277161e-01	4.094420e-01	1.256473e-01	1.250561e-01	1.257300e-01
0	nP1073	0	0	800	2	1	0.011	-2.563712e-01	2.383761e-01	2.824803e-01	2.817273e-01	2.822267e-01
0	nP1075	0	0	800	2	1	0.011	-1.071442e-01	2.452786e-01	6.623553e-01	6.618594e-01	6.619967e-01
0	nP1092	0	0	800	2	1	0.010	1.822145e-01	2.526140e-01	4.709263e-01	4.702319e-01	4.705158e-01
0	nP1098	0	0	800	2	1	0.058	-1.074713e-01	1.052961e-01	3.077260e-01	3.069691e-01	3.074363e-01
0	nP1106	0	0	800	2	1	0.006	-2.173880e-01	3.183292e-01	4.948662e-01	4.941908e-01	4.944523e-01
0	nP1112	0	0	800	2	1	0.005	6.003820e-02	3.555508e-01	8.659498e-01	8.657418e-01	8.657859e-01
0	nP1121	0	0	800	2	1	0.004	2.671890e-02	3.798656e-01	9.439424e-01	9.438548e-01	9.438725e-01
0	nP1126	0	0	800	2	1	0.007	1.529628e-02	3.037956e-01	9.598556e-01	9.597928e-01	9.598055e-01
0	nP1133	0	0	800	2	1	0.004	-1.159082e-01	3.798446e-01	7.603344e-01	7.599706e-01	7.600570e-01
0	nP1134	0	0	800	2	1	0.009	1.569135e-01	2.697426e-01	5.609224e-01	5.603090e-01	5.605151e-01
0	nP1136	0	0	800	2	1	0.006	-2.359767e-01	3.183127e-01	4.587077e-01	4.580044e-01	4.583001e-01
0	nP1147	0	0	800	2	1	0.015	1.162640e-01	2.073456e-01	5.751421e-01	5.745437e-01	5.747390e-01
0	nP1152	0	0	800	2	1	0.052	1.767272e-01	1.143162e-01	1.225131e-01	1.219286e-01	1.226041e-01
0	nP1173	0	0	800	2	1	0.006	-2.311524e-01	3.353345e-01	4.908230e-01	4.901442e-01	4.904094e-01
0	nP1177	0	0	800	2	1	0.006	1.179633e-01	3.183949e-01	7.111129e-01	7.106808e-01	7.107912e-01
0	nP1181	0	0	800	2	1	0.036	1.118642e-01	1.325483e-01	3.989501e-01	3.982121e-01	3.985704e-01
0	nP1190	0	0	800	2	1	0.014	-7.283097e-01	2.147877e-01	7.310579e-04	7.171248e-04	7.852979e-04
0	nP1194	0	0	800	2	1	0.009	2.537952e-01	2.696502e-01	3.468863e-01	3.461317e-01	3.465505e-01
0	nP1199	0	0	800	2	1	0.018	4.137766e-01	1.851692e-01	2.572060e-02	2.548984e-02	2.599702e-02
0	nP1205	0	0	800	2	1	0.009	-6.428506e-02	2.608074e-01	8.053704e-01	8.050717e-01	8.051388e-01
0	nP1208	0	0	800	2	1	0.054	1.506517e-01	1.126281e-01	1.814067e-01	1.807240e-01	1.813493e-01
0	nP1212	0	0	800	2	1	0.014	-5.381126e-02	2.028167e-01	7.908317e-01	7.905118e-01	7.905849e-01
0	nP1214	0	0	800	2	1	0.005	2.310172e-01	3.554630e-01	5.159406e-01	5.152835e-01	5.155264e-01
0	nP1224	0	0	800	2	1	0.034	5.712486e-02	1.346417e-01	6.714810e-01	6.709967e-01	6.711287e-01
0	nP1226	0	0	800	2	1	0.004	-2.055972e-01	3.797971e-01	5.884282e-01	5.878443e-01	5.880298e-01
0	nP1241	0	0	800	2	1	0.041	1.234290e-01	1.233545e-01	3.173216e-01	3.165643e-01	3.170195e-01
0	nP1255	0	0	800	2	1	0.006	5.761792e-02	3.184157e-01	8.564513e-01	8.562289e-01	8.562764e-01
0	nP1259	0	0	800	2	1	0.029	5.065224e-02	1.485688e-01	7.332427e-01	7.328409e-01	7.329401e-01
0	nP1263	0	0	800	2	1	0.010	-4.760702e-02	2.526907e-01	8.506107e-01	8.503795e-01	8.504291e-01
0	nP1269	0	0	800	2	1	0.023	-1.106379e-01	1.683978e-01	5.113682e-01	5.107070e-01	5.109538e-01
0	nP1270	0	0	800	2	1	0.011	-2.758437e-01	2.383489e-01	2.474918e-01	2.467522e-01	2.472967e-01
0	nP1281	0	0	800	2	1	0.006	2.011004e-01	3.353587e-01	5.489048e-01	5.482791e-01	5.484946e-01
0	nP1287	0	0	800	2	1	0.005	-2.620969e-01	3.554360e-01	4.610986e-01	4.603970e-01	4.606904e-01
0	nP1289	0	0	800	2	1	0.007	1.907885e-01	3.037210e-01	5.300721e-01	5.294280e-01	5.296589e-01
0	nP1294	0	0	800	2	1	0.006	2.866639e-01	3.182605e-01	3.680084e-01	3.672588e-01	3.676524e-01
0	nP1305	0	0	800	2	1	0.068	1.148898e-02	9.998747e-02	9.085499e-01	9.084073e-01	9.084367e-01
0	nP1182	12	0	800	2	1	0.112	3.615911e-02	7.837698e-02	6.446742e-01	6.441562e-01	6.443042e-01
0	nP17	14	0	800	2	1	0.010	-2.759084e-02	2.526944e-01	9.130820e-01	9.129464e-01	9.129742e-01
0	nP823	14	0	800	2	1	0.013	1.584329e-01	2.212071e-01	4.740652e-01	4.733732e-01	4.736540e-01
0	nP174	17	0	800	2	1	0.004	3.300802e-01	4.098781e-01	4.208788e-01	4.201518e-01	4.204863e-01
0	nP216	17	0	800	2	1	0.010	3.363062e-01	2.524157e-01	1.831254e-01	1.824405e-01	1.830639e-01
0	nP254	17	0	800	2	1	0.013	-1.592200e-01	2.265271e-01	4.823395e-01	4.816539e-01	4.819269e-01
0	nP430	17	0	800	2	1	0.114	-7.435002e-02	7.978001e-02	3.516505e-01	3.508968e-01	3.513098e-01
0	nP978	17	0	800	2	1	0.013	-3.831800e-01	2.208620e-01	8.313946e-02	8.265810e-02	8.333358e-02
0	nP1218	17	0	800	2	1	0.006	-2.861859e-01	3.182610e-01	3.688081e-01	3.680587e-01	3.684515e-01
0	cP24	20	0	800	2	1	0.005	-1.042754e+00	3.536358e-01	3.284641e-03	3.236177e-03	3.415847e-03
0	cP43	20	0	800	2	1	0.011	1.623887e-01	2.384796e-01	4.961112e-01	4.954368e-01	4.956972e-01
0	nP79	20	0	800	2	1	0.005	-2.531762e-01	3.554441e-01	4.764988e-01	4.758086e-01	4.760871e-01
0	nP119	20	0	800	2	1	0.006	-3.239822e-02	3.354323e-01	9.230791e-01	9.229590e-01	9.229835e-01
0	nP181	20	0	800	2	1	0.005	8.806457e-03	3.555570e-01	9.802462e-01	9.802152e-01	9.802214e-01
0	nP197	20	0	800	2	1	0.022	1.600806e-03	1.658978e-01	9.923035e-01	9.922914e-01	9.922938e-01
0	nP319	20	0	800	2	1	0.006	2.470557e-01	3.183021e-01	4.378802e-01	4.371631e-01	4.374797e-01
0	nP333	20	0	800	2	1	0.006	-8.139622e-02	3.354219e-01	8.083248e-01	8.080305e-01	8.080964e-01
0	nP456	20	0	800	2	1	0.005	-5.461258e-01	3.550311e-01	1.243844e-01	1.237959e-01	1.244705e-01
0	nP462	20	0	800	2	1	0.009	4.137141e-01	2.604059e-01	1.125179e-01	1.119561e-01	1.126354e-01
0	nP486	20	0	800	2	1	0.005	4.946553e-01	3.551257e-01	1.640373e-01	1.633780e-01	1.640216e-01
0	nP521	20	0	800	2	1	0.045	7.422973e-02	1.199811e-01	5.363048e-01	5.356667e-01	5.358924e-01
0	nP560	20	0	800	2	1	0.081	-6.231352e-02	9.049187e-02	4.912695e-01	4.905911e-01	4.908559e-01
0	nP954	20	0	800	2	1	0.013	6.239978e-01	2.201729e-01	4.711140e-03	4.646459e-03	4.868533e-03
0	nP1022	20	0	800	2	1	0.029	1.214844e-01	1.519072e-01	4.241067e-01	4.233814e-01	4.237125e-01
0	cP35	25	0	800	1	2	0.034	8.184541e-02	1.371332e-01	5.507893e-01	5.501655e-01	5.503795e-01
0	nP45	25	0	800	2	1	0.046	8.418960e-02	1.192722e-01	4.804804e-01	4.797933e-01	4.800681e-01
0	nP203	25	0	800	2	1	0.021	9.493003e-02	1.753410e-01	5.883813e-01	5.877973e-01	5.879829e-01
0	nP211	25	0	800	2	1	0.040	1.279685e-01	1.261060e-01	3.105232e-01	3.097661e-01	3.102298e-01
0	nP230	25	0	800	2	1	0.012	-2.012205e-01	2.322258e-01	3.864839e-01	3.857406e-01	3.861129e-01
0	nP243	25	0	800	2	1	0.027	-1.823105e-01	1.567353e-01	2.451065e-01	2.443682e-01	2.449158e-01
0	nP248	25	0	800	2	1	0.046	-6.555932e-02	1.176256e-01	5.774406e-01	5.768447e-01	5.770383e-01
0	nP272	25	0	800	2	1	0.033	-5.783577e-02	1.434895e-01	6.870076e-01	6.865434e-01	6.866666e-01
0	nP441	25	0	800	2	1	0.005	-9.951183e-02	3.555397e-01	7.796348e-01	7.792986e-01	7.793765e-01
0	nP600	25	0	800	2	1	0.007	-5.515613e-01	2.903914e-01	5.787593e-02	5.748478e-02	5.812713e-02
0	nP645	25	0	800	2	1	0.045	-8.028292e-02	1.199762e-01	5.035890e-01	5.029210e-01	5.031747e-01
0	nP894	25	0	800	2	1	0.013	1.217405e-01	2.265563e-01	5.911742e-01	5.905933e-01	5.907769e-01
0	nP920	25	0	800	2	1	0.109	-8.843273e-02	8.270928e-02	2.853031e-01	2.845494e-01	2.850452e-01
0	nP949	25	0	800	2	1	0.033	-1.085331e-01	1.421871e-01	4.455032e-01	4.447910e-01	4.450999e-01
0	nP1040	25	0	800	2	1	0.004	-4.294532e-01	4.097627e-01	2.949313e-01	2.941757e-01	2.946592e-01
0	nP1290	25	0	800	2	1	0.008	4.415853e-01	2.793696e-01	1.143545e-01	1.137884e-01	1.144672e-01
0	nP18	29	0	800	2	1	0.009	3.113526e-01	2.695746e-01	2.484453e-01	2.477052e-01	2.482485e-01
0	nP876	29	0	800	2	1	0.004	3.671925e-01	4.098385e-01	3.705526e-01	3.698037e-01	3.701944e-01
0	cP4	33	0	800	2	1	0.004	-2.687916e-01	4.099342e-01	5.122097e-01	5.115493e-01	5.117953e-01
0	cP8	33	0	800	2	1	0.026	1.177814e-01	1.547220e-01	4.467356e-01	4.460241e-01	4.463318e-01
0	cP49	33	0	800	2	1	0.005	-2.115094e-01	3.554783e-01	5.520124e-01	5.513899e-01	5.516029e-01
0	nP13	33	0	800	2	1	0.041	3.886770e-01	1.218798e-01	1.483286e-03	1.458031e-03	1.567268e-03
0	nP64	33	0	800	2	1	0.021	1.142892e-01	1.778484e-01	5.206542e-01	5.200014e-01	5.202402e-01
0	nP95	33	0	800	2	1	0.024	1.176609e-02	1.642824e-01	9.429214e-01	9.428321e-01	9.428502e-01
0	nP217	33	0	800	2	1	0.046	-5.657976e-02	1.220884e-01	6.431806e-01	6.426607e-01	6.428096e-01
0	nP255	33	0	800	2	1	0.012	-1.462832e-01	2.322773e-01	5.290198e-01	5.283748e-01	5.286065e-01
0	nP277	33	0	800	2	1	0.044	-6.027421e-02	1.232669e-01	6.249951e-01	6.244533e-01	6.246137e-01
0	nP281	33	0	800	2	1	0.007	-2.521491e-01	3.036649e-01	4.065875e-01	4.058530e-01	4.062029e-01
0	nP293	33	0	800	2	1	0.007	1.781252e-01	2.909787e-01	5.406071e-01	5.399733e-01	5.401954e-01
0	nP308	33	0	800	2	1	0.005	1.211216e-01	3.555313e-01	7.334358e-01	7.330342e-01	7.331333e-01
0	nP389	33	0	800	2	1	0.006	-2.627016e-01	3.182864e-01	4.094125e-01	4.086794e-01	4.090263e-01
0	nP421	33	0	800	2	1	0.009	-1.857998e-01	2.607344e-01	4.763004e-01	4.756101e-01	4.758888e-01
0	nP431	33	0	800	2	1	0.004	-1.235456e-01	4.100213e-01	7.632527e-01	7.628930e-01	7.629782e-01
0	nP452	33	0	800	2	1	0.021	-1.799864e-02	1.654990e-01	9.134251e-01	9.132901e-01	9.133178e-01
0	nP472	33	0	800	2	1	0.014	-1.256153e-01	2.162838e-01	5.615466e-01	5.609338e-01	5.611394e-01
0	nP505	33	0	800	2	1	0.004	-1.770715e-01	3.798151e-01	6.411964e-01	6.406741e-01	6.408242e-01
0	nP509	33	0	800	2	1	0.015	-2.708087e-01	2.071648e-01	1.915166e-01	1.908221e-01	1.914359e-01
0	nP514	33	0	800	2	1	0.004	1.457641e+00	4.067850e-01	3.598346e-04	3.522411e-04	3.938483e-04
0	nP577	33	0	800	2	1	0.035	1.188524e-01	1.360022e-01	3.824353e-01	3.816905e-01	3.820674e-01
0	nP588	33	0	800	2	1	0.025	-1.404135e-01	1.581348e-01	3.748431e-01	3.740956e-01	3.744813e-01
0	nP617	33	0	800	2	1	0.012	-3.733520e-01	2.319588e-01	1.078890e-01	1.073385e-01	1.080188e-01
0	nP632	33	0	800	2	1	0.004	-1.697954e-01	4.100005e-01	6.788869e-01	6.784122e-01	6.785399e-01
0	nP650	33	0	800	2	1	0.083	-3.282459e-02	9.050343e-02	7.169333e-01	7.165091e-01	7.166165e-01
0	nP668	33	0	800	2	1	0.005	-5.587487e-01	3.550065e-01	1.159043e-01	1.153346e-01	1.160129e-01
0	nP681	33	0	800	2	1	0.009	4.547293e-01	2.603201e-01	8.105538e-02	8.058062e-02	8.125468e-02
0	nP758	33	0	800	2	1	0.035	-1.107528e-01	1.335614e-01	4.072235e-01	4.064893e-01	4.068385e-01
0	nP765	33	0	800	2	1	0.017	-4.494931e-02	1.958984e-01	8.185763e-01	8.182972e-01	8.183590e-01
0	nP769	33	0	800	2	1	0.066	2.364509e-01	1.011381e-01	1.963855e-02	1.944769e-02	1.990348e-02
0	nP790	33	0	800	2	1	0.010	5.538824e-01	2.519345e-01	2.819863e-02	2.795279e-02	2.847731e-02
0	nP798	33	0	800	2	1	0.014	9.926464e-02	2.116814e-01	6.392448e-01	6.387201e-01	6.388714e-01
0	nP819	33	0	800	2	1	0.004	7.252439e-02	3.798581e-01	8.486330e-01	8.483988e-01	8.484491e-01
0	nP871	33	0	800	2	1	0.004	-1.505537e-01	4.100099e-01	7.135707e-01	7.131420e-01	7.132510e-01
0	nP903	33	0	800	2	1	0.007	3.874367e-01	3.034863e-01	2.021078e-01	2.014021e-01	2.020034e-01
0	nP929	33	0	800	2	1	0.004	2.230581e-01	4.099685e-01	5.865343e-01	5.859483e-01	5.861352e-01
0	nP993	33	0	800	2	1	0.069	5.179875e-02	9.644725e-02	5.913702e-01	5.907896e-01	5.909730e-01
0	nP1079	33	0	800	2	1	0.004	3.812175e-02	3.798644e-01	9.200867e-01	9.199620e-01	9.199875e-01
0	nP1093	33	0	800	2	1	0.004	4.119608e-01	3.795868e-01	2.781220e-01	2.773701e-01	2.778751e-01
0	nP1109	33	0	800	2	1	0.006	3.922313e-02	3.030952e-01	8.970669e-01	8.969066e-01	8.969398e-01
0	nP1116	33	0	800	2	1	0.033	-1.427151e-01	1.393576e-01	3.061017e-01	3.053449e-01	3.058142e-01
0	nP1191	33	0	800	2	1	0.006	-1.447352e-01	3.353952e-01	6.661949e-01	6.657039e-01	6.658389e-01
0	nP1227	33	0	800	2	1	0.049	1.670622e-03	1.160112e-01	9.885140e-01	9.884961e-01	9.884997e-01
0	nP1256	33	0	800	2	1	0.034	2.344999e-02	1.332899e-01	8.603919e-01	8.601755e-01	8.602215e-01
0	nP1260	33	0	800	2	1	0.005	-9.170337e-02	3.555423e-01	7.965310e-01	7.962194e-01	7.962901e-01
0	nP1295	33	0	800	2	1	0.011	-9.693716e-02	2.385242e-01	6.845548e-01	6.840874e-01	6.842120e-01
0	nP1299	33	0	800	2	1	0.013	2.607058e-01	2.210856e-01	2.386670e-01	2.379324e-01	2.384882e-01
0	nP1184	38	0	800	2	1	0.006	-1.666811e-01	3.183676e-01	6.007375e-01	6.001674e-01	6.003442e-01
0	cP18	40	0	800	2	1	0.010	-2.474192e-01	2.525445e-01	3.275285e-01	3.267715e-01	3.272140e-01
0	cP44	40	0	800	2	1	0.017	-8.521855e-02	1.958817e-01	6.636429e-01	6.631486e-01	6.632851e-01
0	nP29	40	0	800	2	1	0.021	2.558406e-01	1.776637e-01	1.502519e-01	1.496143e-01	1.502707e-01
0	nP120	40	0	800	2	1	0.039	1.976656e-02	1.313429e-01	8.804115e-01	8.802257e-01	8.802646e-01
0	nP198	40	0	800	2	1	0.004	1.139371e+00	4.080561e-01	5.360432e-03	5.288798e-03	5.527787e-03
0	nP487	40	0	800	2	1	0.008	1.927240e-01	2.797234e-01	4.910356e-01	4.903570e-01	4.906220e-01
0	nP710	40	0	800	2	1	0.011	2.053127e-01	2.452002e-01	4.026598e-01	4.019234e-01	4.022777e-01
0	nP811	40	0	800	2	1	0.021	-6.688492e-02	1.778787e-01	7.070062e-01	7.065686e-01	7.066810e-01
0	nP1023	40	0	800	2	1	0.043	-1.316629e-01	1.210583e-01	2.771003e-01	2.763487e-01	2.768550e-01
0	nP1265	40	0	800	2	1	0.016	1.990816e-01	1.993832e-01	3.183458e-01	3.175885e-01	3.180424e-01
0	nP1283	40	0	800	2	1	0.005	-4.813006e-01	3.551487e-01	1.757345e-01	1.750590e-01	1.756904e-01
0	nP19	43	0	800	2	1	0.014	1.551129e-01	2.116393e-01	4.638277e-01	4.631281e-01	4.634187e-01
0	cP31	50	0	800	2	1	0.021	-4.824910e-02	1.753648e-01	7.832833e-01	7.829524e-01	7.830287e-01
0	cP36	50	0	800	2	1	0.014	-1.652636e-01	2.162504e-01	4.449600e-01	4.442474e-01	4.445569e-01
0	cP55	50	0	800	1	2	0.026	-6.048703e-01	1.571680e-01	1.283105e-04	1.252200e-04	1.448997e-04
0	nP54	50	0	800	2	1	0.005	6.507349e-02	3.555496e-01	8.548271e-01	8.546022e-01	8.546503e-01
0	nP76	50	0	800	2	1	0.004	3.527020e-01	4.098544e-01	3.897421e-01	3.890001e-01	3.893687e-01
0	nP111	50	0	800	2	1	0.027	-6.978941e-02	1.568487e-01	6.564785e-01	6.559751e-01	6.561159e-01
0	nP157	50	0	800	2	1	0.011	2.818988e-01	2.383400e-01	2.372570e-01	2.365233e-01	2.370809e-01
0	nP176	50	0	800	2	1	0.016	5.160763e-02	1.994994e-01	7.959445e-01	7.956320e-01	7.957030e-01
0	nP212	50	0	800	2	1	0.006	-4.772160e-02	3.354300e-01	8.869027e-01	8.867268e-01	8.867635e-01
0	nP218	50	0	800	2	1	0.005	5.038758e-01	3.551094e-01	1.563095e-01	1.556621e-01	1.563130e-01
0	nP223	50	0	800	2	1	0.022	8.800939e-02	1.706266e-01	6.061361e-01	6.055722e-01	6.057453e-01
0	nP240	50	0	800	2	1	0.004	2.524561e-01	4.099472e-01	5.381850e-01	5.375487e-01	5.377729e-01
0	nP249	50	0	800	2	1	0.013	-1.160390e-01	2.212400e-01	6.000807e-01	5.995099e-01	5.996872e-01
0	nP256	50	0	800	2	1	0.012	1.940463e-01	2.206322e-01	3.793943e-01	3.786483e-01	3.790288e-01
0	nP261	50	0	800	2	1	0.004	1.442934e-01	3.798325e-01	7.041304e-01	7.036889e-01	7.038029e-01
0	nP269	50	0	800	2	1	0.009	6.755860e-01	2.687378e-01	1.213544e-02	1.200121e-02	1.236813e-02
0	nP312	50	0	800	2	1	0.006	7.892411e-01	3.171942e-01	1.304231e-02	1.290068e-02	1.328043e-02
0	nP345	50	0	800	2	1	0.007	-1.212435e-01	3.037657e-01	6.899006e-01	6.894402e-01	6.895618e-01
0	nP348	50	0	800	2	1	0.070	-8.180401e-02	9.792608e-02	4.037623e-01	4.030265e-01	4.033795e-01
0	nP360	50	0	800	2	1	0.007	2.445085e-01	2.909183e-01	4.008959e-01	4.001587e-01	4.005149e-01
0	nP375	50	0	800	2	1	0.014	9.678857e-02	2.116828e-01	6.476274e-01	6.471130e-01	6.472591e-01
0	nP432	50	0	800	2	1	0.022	-6.133975e-02	1.634553e-01	7.075600e-01	7.071231e-01	7.072353e-01
0	nP468	50	0	800	2	1	0.005	-6.511371e-01	3.548092e-01	6.685174e-02	6.642581e-02	6.708442e-02
0	nP481	50	0	800	2	1	0.007	1.109078e-01	3.037707e-01	7.151306e-01	7.147040e-01	7.148123e-01
0	nP541	50	0	800	2	1	0.005	7.086257e-01	3.546711e-01	4.605783e-02	4.571809e-02	4.632826e-02
0	nP546	50	0	800	2	1	0.019	6.064008e-02	1.862010e-01	7.447595e-01	7.443737e-01	7.444674e-01
0	nP611	50	0	800	2	1	0.033	-2.105287e-01	1.420436e-01	1.386976e-01	1.380805e-01	1.387461e-01
0	nP656	50	0	800	2	1	0.017	2.438775e-01	1.957146e-01	2.130981e-01	2.123823e-01	2.129702e-01
0	nP661	50	0	800	2	1	0.007	-1.066442e-01	3.037726e-01	7.256315e-01	7.252192e-01	7.253222e-01
0	nP694	50	0	800	2	1	0.018	1.186071e-01	1.892273e-01	5.309716e-01	5.303284e-01	5.305585e-01
0	nP728	50	0	800	2	1	0.006	1.623646e-01	3.353850e-01	6.284377e-01	6.279000e-01	6.280582e-01
0	nP742	50	0	800	2	1	0.011	-1.770222e-01	2.452279e-01	4.705870e-01	4.698923e-01	4.701765e-01
0	nP755	50	0	800	2	1	0.005	5.380333e-02	3.555520e-01	8.797589e-01	8.795720e-01	8.796112e-01
0	nP775	50	0	800	2	1	0.009	-2.556593e-01	2.696480e-01	3.433542e-01	3.425990e-01	3.430220e-01
0	nP842	50	0	800	2	1	0.006	-4.517145e-01	3.350529e-01	1.779803e-01	1.773019e-01	1.779309e-01
0	nP845	50	0	800	2	1	0.005	-8.230305e-01	3.543614e-01	2.045274e-02	2.025627e-02	2.071980e-02
0	nP899	50	0	800	2	1	0.007	-5.148375e-01	2.904759e-01	7.671075e-02	7.625020e-02	7.692066e-02
0	nP909	50	0	800	2	1	0.026	2.524071e-02	1.604344e-01	8.750267e-01	8.748326e-01	8.748734e-01
0	nP935	50	0	800	2	1	0.009	-2.389816e-01	2.606801e-01	3.595443e-01	3.587924e-01	3.591961e-01
0	nP950	50	0	800	2	1	0.004	-2.442437e-01	3.797684e-01	5.203189e-01	5.196658e-01	5.199048e-01
0	nP962	50	0	800	2	1	0.004	1.129488e-01	3.798458e-01	7.662734e-01	7.659181e-01	7.660018e-01
0	nP986	50	0	800	2	1	0.064	1.527061e-01	9.715915e-02	1.164141e-01	1.158432e-01	1.165212e-01
0	nP990	50	0	800	2	1	0.004	1.365634e-01	4.100161e-01	7.391701e-01	7.387765e-01	7.388728e-01
0	nP1003	50	0	800	2	1	0.006	1.136579e-01	3.183968e-01	7.212090e-01	7.207907e-01	7.208959e-01
0	nP1006	50	0	800	2	1	0.006	-1.054516e-02	3.184220e-01	9.735896e-01	9.735483e-01	9.735566e-01
0	nP1013	50	0	800	2	1	0.031	-1.809276e-02	1.461494e-01	9.015077e-01	9.013543e-01	9.013859e-01
0	nP1018	50	0	800	2	1	0.008	-1.085538e-01	2.797802e-01	6.981220e-01	6.976725e-01	6.977897e-01
0	nP1037	50	0	800	2	1	0.004	-7.864886e-01	4.090983e-01	5.489943e-02	5.452057e-02	5.515611e-02
0	nP1049	50	0	800	2	1	0.058	-4.621411e-02	1.108815e-01	6.769454e-01	6.764681e-01	6.765970e-01
0	nP1071	50	0	800	2	1	0.008	1.794849e-01	2.797344e-01	5.213002e-01	5.206480e-01	5.208863e-01
0	nP1127	50	0	800	2	1	0.007	-4.399783e-01	3.033965e-01	1.474024e-01	1.467697e-01	1.474285e-01
0	nP1131	50	0	800	2	1	0.009	1.506033e-02	2.697993e-01	9.554988e-01	9.554291e-01	9.554432e-01
0	nP1143	50	0	800	2	1	0.005	2.327381e-01	3.554616e-01	5.128181e-01	5.121582e-01	5.124038e-01
0	nP1155	50	0	800	2	1	0.016	1.035573e-01	1.919853e-01	5.897596e-01	5.891772e-01	5.893617e-01
0	nP1197	50	0	800	2	1	0.016	2.634004e-01	1.951961e-01	1.775866e-01	1.769087e-01	1.775381e-01
0	nP1203	50	0	800	2	1	0.004	4.625766e-01	4.097175e-01	2.592314e-01	2.584861e-01	2.590155e-01
0	nP1206	50	0	800	2	1	0.022	-4.809953e-02	1.729542e-01	7.810033e-01	7.806691e-01	7.807465e-01
0	nP1215	50	0	800	2	1	0.008	2.420357e-01	2.796754e-01	3.870702e-01	3.863272e-01	3.866988e-01
0	nP1231	50	0	800	2	1	0.014	4.282274e-02	2.163242e-01	8.431297e-01	8.428872e-01	8.429396e-01
0	nP1236	50	0	800	2	1	0.058	1.446148e-01	1.094365e-01	1.867305e-01	1.860414e-01	1.866606e-01
0	nP1239	50	0	800	2	1	0.005	-1.968242e-01	3.554888e-01	5.799584e-01	5.793652e-01	5.795569e-01
0	nP1307	50	0	800	2	1	0.004	2.107923e-01	4.099767e-01	6.072847e-01	6.067220e-01	6.068944e-01
0	nP20	57	0	800	2	1	0.004	1.291185e-01	3.798393e-01	7.339991e-01	7.335984e-01	7.336972e-01
0	nP878	57	0	800	2	1	0.030	-2.516817e-01	1.424937e-01	7.773356e-02	7.726961e-02	7.794100e-02
0	cP19	60	0	800	1	2	0.058	-1.778435e+00	8.748448e-02	2.354858e-74	1.400690e-74	5.870333e-53
0	cP26	60	0	800	1	2	0.013	-7.728725e-01	2.249395e-01	6.210860e-04	6.089573e-04	6.699178e-04
0	nP121	60	0	800	2	1	0.004	-2.210259e-01	3.797862e-01	5.607482e-01	5.601346e-01	5.603408e-01
0	nP183	60	0	800	2	1	0.014	-3.785901e-01	2.112859e-01	7.353778e-02	7.308799e-02	7.375524e-02
0	nP199	60	0	800	2	1	0.005	-7.201145e-02	3.555480e-01	8.395489e-01	8.393011e-01	8.393548e-01
0	nP321	60	0	800	2	1	0.009	8.421090e-02	2.608003e-01	7.468600e-01	7.464772e-01	7.465699e-01
0	nP488	60	0	800	2	1	0.004	1.760807e-01	3.798157e-01	6.430643e-01	6.425442e-01	6.426932e-01
0	nP562	60	0	800	2	1	0.017	-2.430028e-01	1.957160e-01	2.147454e-01	2.140282e-01	2.146142e-01
0	nP568	60	0	800	2	1	0.006	-2.225337e-01	3.353418e-01	5.071364e-01	5.064714e-01	5.067220e-01
0	nP711	60	0	800	2	1	0.005	-1.968869e-01	3.554888e-01	5.798378e-01	5.792445e-01	5.794363e-01
0	nP838	60	0	800	2	1	0.039	-7.143725e-02	1.313205e-01	5.865991e-01	5.860131e-01	5.862000e-01
0	nP956	60	0	800	2	1	0.010	-1.208903e-01	2.526601e-01	6.324467e-01	6.319137e-01	6.320694e-01
0	nP999	60	0	800	2	1	0.029	4.530673e-02	1.504339e-01	7.633606e-01	7.630011e-01	7.630862e-01
0	nP1169	60	0	800	2	1	0.005	3.161776e-01	3.553809e-01	3.739024e-01	3.731546e-01	3.735414e-01
0	nP1266	60	0	800	2	1	0.007	2.731020e-02	2.910455e-01	9.252639e-01	9.251472e-01	9.251710e-01
0	cP9	67	0	800	2	1	0.004	9.843696e-01	4.085612e-01	1.620618e-02	1.604002e-02	1.645959e-02
0	cP50	67	0	800	2	1	0.013	-1.282957e+00	2.165673e-01	4.667756e-09	4.416902e-09	9.275055e-09
0	nP51	67	0	800	2	1	0.004	1.020103e-01	4.100287e-01	8.035887e-01	8.032874e-01	8.033553e-01
0	nP152	67	0	800	2	1	0.014	1.573495e-01	2.116373e-01	4.574060e-01	4.567017e-01	4.569987e-01
0	nP158	67	0	800	2	1	0.039	-1.382740e-01	1.322195e-01	2.959741e-01	2.952183e-01	2.957005e-01
0	nP177	67	0	800	2	1	0.006	-4.772671e-01	3.179737e-01	1.337604e-01	1.331527e-01	1.338218e-01
0	nP219	67	0	800	2	1	0.007	5.075780e-01	2.904919e-01	8.096904e-02	8.049456e-02	8.116856e-02
0	nP227	67	0	800	2	1	0.007	8.025012e-02	3.037828e-01	7.917176e-01	7.913989e-01	7.914717e-01
0	nP282	67	0	800	2	1	0.104	2.547349e-03	8.007857e-02	9.746310e-01	9.745913e-01	9.745993e-01
0	nP309	67	0	800	2	1	0.022	9.923250e-02	1.679786e-01	5.548587e-01	5.542391e-01	5.544499e-01
0	nP372	67	0	800	2	1	0.083	-3.335753e-02	9.334659e-02	7.209233e-01	7.205045e-01	7.206099e-01
0	nP453	67	0	800	2	1	0.004	5.684685e-02	3.798615e-01	8.810774e-01	8.808925e-01	8.809312e-01
0	nP473	67	0	800	2	1	0.005	3.950442e-01	3.552820e-01	2.665085e-01	2.657604e-01	2.662804e-01
0	nP515	67	0	800	2	1	0.006	-3.394392e-01	3.181954e-01	2.864013e-01	2.856474e-01	2.861418e-01
0	nP589	67	0	800	2	1	0.004	2.515913e-01	4.099478e-01	5.395783e-01	5.389434e-01	5.391664e-01
0	nP629	67	0	800	2	1	0.013	3.685611e-01	2.208932e-01	9.560807e-02	9.508986e-02	9.577026e-02
0	nP651	67	0	800	2	1	0.004	-2.562618e-01	4.099442e-01	5.320751e-01	5.314330e-01	5.316622e-01
0	nP673	67	0	800	2	1	0.007	5.082979e-02	2.910415e-01	8.614006e-01	8.611857e-01	8.612314e-01
0	nP739	67	0	800	2	1	0.004	1.350060e-02	3.798665e-01	9.716577e-01	9.716134e-01	9.716223e-01
0	nP759	67	0	800	2	1	0.011	7.854188e-02	2.452922e-01	7.489026e-01	7.485227e-01	7.486144e-01
0	nP766	67	0	800	2	1	0.007	-3.770434e-01	3.035027e-01	2.144884e-01	2.137714e-01	2.143577e-01
0	nP781	67	0	800	2	1	0.005	-3.101068e-01	3.553876e-01	3.831504e-01	3.824059e-01	3.827820e-01
0	nP791	67	0	800	2	1	0.010	2.031100e-01	2.525940e-01	4.215806e-01	4.208539e-01	4.211877e-01
0	nP799	67	0	800	2	1	0.023	1.531029e-01	1.683561e-01	3.634142e-01	3.626633e-01	3.630623e-01
0	nP803	67	0	800	2	1	0.071	1.720791e-01	1.000001e-01	8.567668e-02	8.518747e-02	8.586443e-02
0	nP807	67	0	800	2	1	0.129	6.514894e-02	7.394157e-02	3.785361e-01	3.777899e-01	3.781714e-01
0	nP904	67	0	800	2	1	0.013	5.515235e-02	2.265888e-01	8.077560e-01	8.074608e-01	8.075269e-01
0	nP994	67	0	800	2	1	0.028	1.190123e-01	1.499938e-01	4.277525e-01	4.270293e-01	4.273565e-01
0	nP1080	67	0	800	2	1	0.048	-5.967154e-02	1.189182e-01	6.159560e-01	6.154035e-01	6.155699e-01
0	nP1094	67	0	800	2	1	0.008	-5.322359e-02	2.798002e-01	8.491852e-01	8.489518e-01	8.490019e-01
0	nP1110	67	0	800	2	1	0.007	2.872621e-02	3.037943e-01	9.246896e-01	9.245720e-01	9.245960e-01
0	nP1117	67	0	800	2	1	0.014	1.881752e-01	2.116057e-01	3.741244e-01	3.733767e-01	3.737632e-01
0	nP1156	67	0	800	2	1	0.018	-3.140087e-02	1.924961e-01	8.704616e-01	8.702605e-01	8.703029e-01
0	nP1164	67	0	800	2	1	0.007	-2.495082e-01	2.909130e-01	3.913307e-01	3.905893e-01	3.909562e-01
0	nP1175	67	0	800	2	1	0.013	-4.979884e-02	2.212711e-01	8.219918e-01	8.217177e-01	8.217781e-01
0	nP1179	67	0	800	2	1	0.004	-5.270795e-01	3.794083e-01	1.651551e-01	1.644942e-01	1.651366e-01
0	nP1192	67	0	800	2	1	0.021	2.717032e-02	1.702196e-01	8.732214e-01	8.730246e-01	8.730660e-01
0	nP1228	67	0	800	2	1	0.013	-1.557701e-01	2.111192e-01	4.608346e-01	4.601328e-01	4.604264e-01
0	nP1261	67	0	800	2	1	0.019	-1.758861e-01	1.831986e-01	3.373036e-01	3.365476e-01	3.369780e-01
0	nP1276	67	0	800	2	1	0.013	-1.540967e-03	2.265973e-01	9.945758e-01	9.945673e-01	9.945690e-01
0	nP1296	67	0	800	2	1	0.112	1.109465e-01	7.828898e-02	1.568319e-01	1.561836e-01	1.568341e-01
0	nP879	71	0	800	2	1	0.004	3.048367e-02	4.100432e-01	9.407564e-01	9.406638e-01	9.406826e-01
0	cP32	75	0	800	1	2	0.030	-3.283972e-01	1.453061e-01	2.408773e-02	2.386726e-02	2.436197e-02
0	nP171	75	0	800	2	1	0.004	7.572945e-01	3.789197e-01	4.599458e-02	4.565514e-02	4.626509e-02
0	nP205	75	0	800	2	1	0.027	1.658274e-02	1.568671e-01	9.158374e-01	9.157060e-01	9.157329e-01
0	nP213	75	0	800	2	1	0.004	-7.021978e-01	3.790526e-01	6.432207e-02	6.390561e-02	6.456023e-02
0	nP274	75	0	800	2	1	0.012	-9.115546e-02	2.207155e-01	6.797177e-01	6.792440e-01	6.793713e-01
0	nP303	75	0	800	2	1	0.042	-3.205751e-01	1.195861e-01	7.498331e-03	7.405243e-03	7.692533e-03
0	nP367	75	0	800	2	1	0.004	-8.259005e-02	4.100342e-01	8.404197e-01	8.401731e-01	8.402265e-01
0	nP602	75	0	800	2	1	0.025	2.330620e-01	1.621132e-01	1.509256e-01	1.502869e-01	1.509426e-01
0	nP917	75	0	800	2	1	0.008	3.013094e-01	2.796032e-01	2.815235e-01	2.807707e-01	2.812714e-01
0	nP951	75	0	800	2	1	0.022	-3.092916e-01	1.726157e-01	7.354493e-02	7.309512e-02	7.376237e-02
0	nP1042	75	0	800	2	1	0.032	1.067842e-02	1.390979e-01	9.388265e-01	9.387309e-01	9.387502e-01
0	nP1244	75	0	800	2	1	0.007	-3.402732e-01	3.035571e-01	2.626452e-01	2.618985e-01	2.624235e-01
0	nP1308	75	0	800	2	1	0.074	5.472960e-02	9.569194e-02	5.675269e-01	5.669204e-01	5.671214e-01
0	cP46	80	0	800	2	1	0.014	-1.086109e+00	2.128855e-01	4.206190e-07	4.034972e-07	6.157080e-07
0	nP31	80	0	800	2	1	0.016	3.982380e-01	1.990091e-01	4.571931e-02	4.538115e-02	4.599017e-02
0	nP122	80	0	800	2	1	0.009	-1.463805e-01	2.607659e-01	5.747178e-01	5.741189e-01	5.743145e-01
0	nP184	80	0	800	2	1	0.007	-3.502594e-01	3.035429e-01	2.488850e-01	2.481446e-01	2.486873e-01
0	nP336	80	0	800	2	1	0.020	1.391671e-01	1.804677e-01	4.408482e-01	4.401330e-01	4.404466e-01
0	nP524	80	0	800	2	1	0.026	1.370371e-01	1.603635e-01	3.930619e-01	3.923213e-01	3.926862e-01
0	nP704	80	0	800	2	1	0.086	-4.842501e-02	9.001018e-02	5.907306e-01	5.901492e-01	5.903331e-01
0	nP813	80	0	800	2	1	0.007	-1.847846e-01	2.909735e-01	5.255737e-01	5.249255e-01	5.251601e-01
0	nP839	80	0	800	2	1	0.012	-7.071947e-02	2.323215e-01	7.608999e-01	7.605369e-01	7.606231e-01
0	nP957	80	0	800	2	1	0.009	-2.918940e-01	2.445021e-01	2.328991e-01	2.321682e-01	2.327313e-01
0	nP1000	80	0	800	2	1	0.015	-7.830573e-02	2.073680e-01	7.058153e-01	7.053761e-01	7.054892e-01
0	nP1025	80	0	800	2	1	0.013	1.565385e-01	2.212088e-01	4.793689e-01	4.786809e-01	4.789568e-01
0	nP159	83	0	800	2	1	0.014	3.911017e-02	2.068715e-01	8.500975e-01	8.498655e-01	8.499153e-01
0	nP178	83	0	800	2	1	0.008	-9.276080e-02	2.797873e-01	7.403234e-01	7.399314e-01	7.400272e-01
0	nP424	83	0	800	2	1	0.019	1.229405e-01	1.832527e-01	5.024915e-01	5.018226e-01	5.020772e-01
0	nP642	83	0	800	2	1	0.004	-5.496433e-01	3.793682e-01	1.477754e-01	1.471420e-01	1.478005e-01
0	nP1034	83	0	800	2	1	0.004	-2.892623e-02	3.798654e-01	9.393199e-01	9.392251e-01	9.392443e-01
0	nP1157	83	0	800	2	1	0.013	-3.518980e-01	2.209273e-01	1.115959e-01	1.110363e-01	1.117159e-01
0	nP1222	83	0	800	2	1	0.037	-1.490893e-02	1.353563e-01	9.123215e-01	9.121847e-01	9.122128e-01
0	nP22	86	0	800	2	1	0.008	5.712181e-02	2.797993e-01	8.382861e-01	8.380364e-01	8.380906e-01
0	nP828	86	0	800	2	1	0.015	-5.236823e-02	2.073782e-01	8.007002e-01	8.003946e-01	8.004636e-01
0	nP1188	88	0	800	2	1	0.028	-2.491474e-02	1.535430e-01	8.711378e-01	8.709378e-01	8.709800e-01
0	cP2	100	0	800	2	1	0.016	1.427897e+00	1.887682e-01	1.074540e-13	9.840551e-14	6.229737e-13
0	cP10	100	0	800	2	1	0.010	-6.284144e-01	2.517152e-01	1.274218e-02	1.260298e-02	1.297857e-02
0	cP13	100	0	800	2	1	0.004	3.270751e-01	4.098811e-01	4.251220e-01	4.243973e-01	4.247273e-01
0	cP15	100	0	800	2	1	0.011	-1.790778e+00	2.299715e-01	2.131355e-14	1.942189e-14	1.514221e-13
0	cP38	100	0	800	2	1	0.009	1.076661e+00	2.580176e-01	3.338950e-05	3.245487e-05	3.955862e-05
0	cP41	100	0	800	2	1	0.014	9.459563e-01	2.000422e-01	2.670215e-06	2.575863e-06	3.537709e-06
0	cP51	100	0	800	2	1	0.004	-1.269504e+00	4.075745e-01	1.906644e-03	1.875551e-03	2.003900e-03
0	cP53	100	0	800	2	1	0.026	8.167879e-01	1.520535e-01	1.023963e-07	9.780829e-08	1.634150e-07
0	cP61	100	0	800	2	1	0.006	1.589242e+00	3.134130e-01	4.929450e-07	4.731062e-07	7.150047e-07
0	nP2	100	0	800	2	1	0.030	-3.523112e-01	1.422261e-01	1.345086e-02	1.330595e-02	1.369126e-02
0	nP11	100	0	800	2	1	0.030	-8.124363e-02	1.489383e-01	5.855724e-01	5.849853e-01	5.851729e-01
0	nP15	100	0	800	2	1	0.020	-1.840547e-01	1.804174e-01	3.079615e-01	3.072046e-01	3.076715e-01
0	nP25	100	0	800	2	1	0.006	-5.524194e-01	3.178212e-01	8.257096e-02	8.209139e-02	8.276651e-02
0	nP32	100	0	800	2	1	0.011	-1.230203e-01	2.452693e-01	6.161068e-01	6.155544e-01	6.157208e-01
0	nP43	100	0	800	2	1	0.006	2.348551e-01	3.353312e-01	4.839020e-01	4.832177e-01	4.834892e-01
0	nP60	100	0	800	2	1	0.016	5.915672e-02	1.994968e-01	7.669027e-01	7.665483e-01	7.666318e-01
0	nP62	100	0	800	2	1	0.004	-1.387462e-01	4.100152e-01	7.351562e-01	7.347571e-01	7.348554e-01
0	nP71	100	0	800	2	1	0.037	-1.358015e-01	1.342292e-01	3.119819e-01	3.112247e-01	3.116866e-01
0	nP83	100	0	800	2	1	0.004	-6.273485e-01	4.094427e-01	1.258692e-01	1.252775e-01	1.259513e-01
0	nP87	100	0	800	2	1	0.017	9.704916e-02	1.958748e-01	6.204081e-01	6.198608e-01	6.200243e-01
0	nP89	100	0	800	2	1	0.006	-1.911619e-02	3.184215e-01	9.521434e-01	9.520686e-01	9.520837e-01
0	nP135	100	0	800	2	1	0.013	3.395410e-02	2.212749e-01	8.780841e-01	8.778947e-01	8.779344e-01
0	nP145	100	0	800	2	1	0.018	-1.117729e-01	1.892326e-01	5.549126e-01	5.542930e-01	5.545037e-01
0	nP148	100	0	800	2	1	0.015	-2.406712e-01	2.072114e-01	2.457954e-01	2.450567e-01	2.456034e-01
0	nP153	100	0	800	2	1	0.009	1.745724e-01	2.697290e-01	5.176795e-01	5.170240e-01	5.172653e-01
0	nP163	100	0	800	2	1	0.017	1.014130e-01	1.887675e-01	5.912531e-01	5.906723e-01	5.908558e-01
0	nP167	100	0	800	2	1	0.008	-2.733096e-01	2.796392e-01	3.286847e-01	3.279278e-01	3.283688e-01
0	nP201	100	0	800	2	1	0.021	4.637731e-02	1.676061e-01	7.820789e-01	7.817463e-01	7.818231e-01
0	nP206	100	0	800	2	1	0.055	-1.419240e-01	1.088540e-01	1.926776e-01	1.919818e-01	1.925942e-01
0	nP221	100	0	800	2	1	0.011	2.153077e-01	2.451895e-01	3.801388e-01	3.793931e-01	3.797727e-01
0	nP224	100	0	800	2	1	0.016	1.312247e-01	1.994537e-01	5.107789e-01	5.101172e-01	5.103645e-01
0	nP228	100	0	800	2	1	0.008	5.161330e-02	2.798006e-01	8.536959e-01	8.534694e-01	8.535178e-01
0	nP246	100	0	800	2	1	0.039	8.725716e-03	1.300553e-01	9.465250e-01	9.464414e-01	9.464583e-01
0	nP259	100	0	800	2	1	0.004	-3.026260e-01	4.099046e-01	4.605590e-01	4.598570e-01	4.601509e-01
0	nP262	100	0	800	2	1	0.009	-6.978999e-02	2.608057e-01	7.890811e-01	7.887586e-01	7.888325e-01
0	nP275	100	0	800	2	1	0.023	3.373346e-02	1.638595e-01	8.369463e-01	8.366946e-01	8.367493e-01
0	nP279	100	0	800	2	1	0.004	2.597273e-01	4.099415e-01	5.265419e-01	5.258946e-01	5.261284e-01
0	nP291	100	0	800	2	1	0.004	2.103248e-01	3.797938e-01	5.798799e-01	5.792866e-01	5.794784e-01
0	nP306	100	0	800	2	1	0.053	2.479339e-02	1.105183e-01	8.225522e-01	8.222789e-01	8.223392e-01
0	nP310	100	0	800	2	1	0.019	-1.205323e-01	1.861645e-01	5.175266e-01	5.168710e-01	5.171124e-01
0	nP313	100	0	800	2	1	0.043	-3.647850e-02	1.221947e-01	7.653782e-01	7.650216e-01	7.651057e-01
0	nP317	100	0	800	2	1	0.006	-2.118607e-01	3.183339e-01	5.059040e-01	5.052380e-01	5.054896e-01
0	nP331	100	0	800	2	1	0.026	1.573786e-01	1.563657e-01	3.144909e-01	3.137337e-01	3.141924e-01
0	nP343	100	0	800	2	1	0.006	1.518838e-01	3.183769e-01	6.334525e-01	6.329207e-01	6.330758e-01
0	nP349	100	0	800	2	1	0.009	3.476070e-02	2.697970e-01	8.975166e-01	8.973570e-01	8.973900e-01
0	nP352	100	0	800	2	1	0.007	-9.048036e-02	2.910294e-01	7.559596e-01	7.555896e-01	7.556781e-01
0	nP383	100	0	800	2	1	0.009	-1.356692e-01	2.697571e-01	6.151516e-01	6.145981e-01	6.147651e-01
0	nP387	100	0	800	2	1	0.004	-1.952164e-01	4.099863e-01	6.340954e-01	6.335644e-01	6.337190e-01
0	nP399	100	0	800	2	1	0.012	-2.256529e-03	2.323350e-01	9.922532e-01	9.922410e-01	9.922435e-01
0	nP416	100	0	800	2	1	0.070	6.988225e-02	9.889079e-02	4.799835e-01	4.792961e-01	4.795713e-01
0	nP418	100	0	800	2	1	0.012	1.476355e-01	2.322762e-01	5.252174e-01	5.245688e-01	5.248037e-01
0	nP439	100	0	800	2	1	0.023	-3.069952e-01	1.635030e-01	6.079882e-02	6.039597e-02	6.104428e-02
0	nP454	100	0	800	2	1	0.028	3.233973e-02	1.535413e-01	8.332332e-01	8.329759e-01	8.330320e-01
0	nP460	100	0	800	2	1	0.011	2.008805e-01	2.384428e-01	3.997784e-01	3.990407e-01	3.993981e-01
0	nP469	100	0	800	2	1	0.004	1.378141e-01	4.100156e-01	7.368692e-01	7.364725e-01	7.365699e-01
0	nP478	100	0	800	2	1	0.072	-2.867501e-02	9.607168e-02	7.654182e-01	7.650617e-01	7.651458e-01
0	nP497	100	0	800	2	1	0.070	3.486397e-02	9.703521e-02	7.194717e-01	7.190510e-01	7.191571e-01
0	nP503	100	0	800	2	1	0.056	1.353596e-01	1.110096e-01	2.230716e-01	2.223477e-01	2.229233e-01
0	nP507	100	0	800	2	1	0.035	3.544814e-02	1.360615e-01	7.945219e-01	7.942074e-01	7.942789e-01
0	nP525	100	0	800	2	1	0.004	2.001524e-01	4.099834e-01	6.255449e-01	6.250036e-01	6.251638e-01
0	nP528	100	0	800	2	1	0.005	-1.416732e-01	3.555217e-01	6.903729e-01	6.899131e-01	6.900345e-01
0	nP533	100	0	800	2	1	0.012	-1.243430e-01	2.206952e-01	5.733105e-01	5.727102e-01	5.729068e-01
0	nP535	100	0	800	2	1	0.019	-2.256105e-01	1.772665e-01	2.034883e-01	2.027814e-01	2.033810e-01
0	nP553	100	0	800	2	1	0.014	-7.275705e-02	2.163142e-01	7.366962e-01	7.362992e-01	7.363967e-01
0	nP558	100	0	800	2	1	0.009	3.098695e-02	2.697976e-01	9.085909e-01	9.084483e-01	9.084776e-01
0	nP570	100	0	800	2	1	0.006	-5.191246e-01	3.349305e-01	1.215507e-01	1.209683e-01	1.216443e-01
0	nP573	100	0	800	2	1	0.019	3.249394e-01	1.770731e-01	6.686913e-02	6.644314e-02	6.710178e-02
0	nP579	100	0	800	2	1	0.034	-9.309995e-02	1.397773e-01	5.055659e-01	5.048996e-01	5.051515e-01
0	nP586	100	0	800	2	1	0.006	4.170451e-01	3.180798e-01	1.901898e-01	1.894968e-01	1.901121e-01
0	nP590	100	0	800	2	1	0.005	1.386541e-01	3.555232e-01	6.966405e-01	6.961891e-01	6.963071e-01
0	nP598	100	0	800	2	1	0.019	-3.974843e-02	1.862081e-01	8.310208e-01	8.307602e-01	8.308172e-01
0	nP603	100	0	800	2	1	0.004	1.876615e-01	3.798087e-01	6.213753e-01	6.208291e-01	6.209919e-01
0	nP626	100	0	800	2	1	0.006	1.558193e-02	3.184218e-01	9.609834e-01	9.609224e-01	9.609347e-01
0	nP634	100	0	800	2	1	0.024	1.204862e-01	1.642275e-01	4.633751e-01	4.626751e-01	4.629663e-01
0	nP636	100	0	800	2	1	0.004	-2.369480e-01	4.099588e-01	5.634407e-01	5.628299e-01	5.630340e-01
0	nP652	100	0	800	2	1	0.004	-3.999984e-01	4.098000e-01	3.293197e-01	3.285628e-01	3.290031e-01
0	nP679	100	0	800	2	1	0.007	-1.378042e-03	3.037960e-01	9.963819e-01	9.963762e-01	9.963774e-01
0	nP685	100	0	800	2	1	0.014	-1.909673e-01	2.116026e-01	3.670739e-01	3.663240e-01	3.667188e-01
0	nP699	100	0	800	2	1	0.004	2.711020e-02	4.100435e-01	9.473025e-01	9.472201e-01	9.472367e-01
0	nP717	100	0	800	2	1	0.008	1.002754e-01	2.797841e-01	7.201365e-01	7.197167e-01	7.198224e-01
0	nP729	100	0	800	2	1	0.071	-7.687647e-02	9.667840e-02	4.267468e-01	4.260230e-01	4.263513e-01
0	nP731	100	0	800	2	1	0.031	-1.005742e-01	1.430850e-01	4.823244e-01	4.816388e-01	4.819118e-01
0	nP736	100	0	800	2	1	0.008	1.462931e-02	2.798061e-01	9.583157e-01	9.582505e-01	9.582636e-01
0	nP740	100	0	800	2	1	0.004	2.071850e-01	3.797960e-01	5.855508e-01	5.849637e-01	5.851513e-01
0	nP763	100	0	800	2	1	0.012	2.727787e-01	2.321342e-01	2.403090e-01	2.395735e-01	2.401272e-01
0	nP773	100	0	800	2	1	0.011	-5.838010e-01	2.444359e-01	1.715529e-02	1.698212e-02	1.741234e-02
0	nP776	100	0	800	2	1	0.020	6.307807e-02	1.749162e-01	7.184798e-01	7.180577e-01	7.181643e-01
0	nP796	100	0	800	2	1	0.009	-2.629636e-01	2.606512e-01	3.133419e-01	3.125847e-01	3.130449e-01
0	nP808	100	0	800	2	1	0.007	-2.558606e-01	3.036610e-01	3.997123e-01	3.989746e-01	3.993321e-01
0	nP817	100	0	800	2	1	0.018	-2.090251e-01	1.923571e-01	2.775191e-01	2.767674e-01	2.772732e-01
0	nP821	100	0	800	2	1	0.004	2.272814e-01	3.797816e-01	5.497076e-01	5.490828e-01	5.492976e-01
0	nP829	100	0	800	2	1	0.004	-1.346001e-01	3.798369e-01	7.231605e-01	7.227448e-01	7.228490e-01
0	nP834	100	0	800	2	1	0.012	-7.553912e-02	2.323196e-01	7.451515e-01	7.447663e-01	7.448598e-01
0	nP850	100	0	800	2	1	0.004	-6.594087e-01	4.093796e-01	1.076294e-01	1.070795e-01	1.077599e-01
0	nP869	100	0	800	2	1	0.008	1.931166e-01	2.601095e-01	4.580372e-01	4.573334e-01	4.576298e-01
0	nP873	100	0	800	2	1	0.019	-2.154259e-01	1.860572e-01	2.472725e-01	2.465330e-01	2.470778e-01
0	nP889	100	0	800	2	1	0.006	1.833877e-01	3.353715e-01	5.846555e-01	5.840674e-01	5.842557e-01
0	nP892	100	0	800	2	1	0.004	2.450767e-01	4.099528e-01	5.501318e-01	5.495074e-01	5.497219e-01
0	nP900	100	0	800	2	1	0.011	1.717487e-01	2.384714e-01	4.716085e-01	4.709146e-01	4.711977e-01
0	nP907	100	0	800	2	1	0.012	1.192845e-01	2.322966e-01	6.077433e-01	6.071812e-01	6.073532e-01
0	nP913	100	0	800	2	1	0.008	4.547765e-01	2.793431e-01	1.039150e-01	1.033745e-01	1.040554e-01
0	nP923	100	0	800	2	1	0.013	-5.138710e-01	2.258659e-01	2.316347e-02	2.294895e-02	2.343621e-02
0	nP925	100	0	800	2	1	0.028	-1.264903e-01	1.551132e-01	4.150463e-01	4.143161e-01	4.146569e-01
0	nP936	100	0	800	2	1	0.006	3.736549e-01	3.181474e-01	2.405567e-01	2.398210e-01	2.403744e-01
0	nP958	100	0	800	2	1	0.007	1.991653e-01	2.909617e-01	4.938539e-01	4.931776e-01	4.934400e-01
0	nP960	100	0	800	2	1	0.084	-1.246536e-01	9.065079e-02	1.694874e-01	1.688203e-01	1.694583e-01
0	nP968	100	0	800	2	1	0.057	-2.201004e-01	1.097900e-01	4.532833e-02	4.499201e-02	4.559968e-02
0	nP976	100	0	800	2	1	0.006	4.379687e-01	3.350758e-01	1.915642e-01	1.908696e-01	1.914834e-01
0	nP983	100	0	800	2	1	0.013	3.385587e-01	2.209534e-01	1.258539e-01	1.252622e-01	1.259360e-01
0	nP988	100	0	800	2	1	0.048	-7.414217e-02	1.166155e-01	5.251000e-01	5.244514e-01	5.246864e-01
0	nP991	100	0	800	2	1	0.022	1.829654e-01	1.678905e-01	2.761345e-01	2.753832e-01	2.758908e-01
0	nP1001	100	0	800	2	1	0.029	-2.393846e-01	1.483378e-01	1.069704e-01	1.064222e-01	1.071027e-01
0	nP1004	100	0	800	2	1	0.004	3.624495e-02	4.100426e-01	9.295864e-01	9.294764e-01	9.294988e-01
0	nP1007	100	0	800	2	1	0.029	6.344759e-03	1.471528e-01	9.656192e-01	9.655654e-01	9.655762e-01
0	nP1026	100	0	800	2	1	0.006	1.132290e-02	3.184220e-01	9.716426e-01	9.715982e-01	9.716071e-01
0	nP1028	100	0	800	2	1	0.007	2.738373e-01	2.908856e-01	3.467890e-01	3.460344e-01	3.464533e-01
0	nP1035	100	0	800	2	1	0.050	-4.685716e-02	1.179133e-01	6.911887e-01	6.907300e-01	6.908509e-01
0	nP1043	100	0	800	2	1	0.034	-4.111760e-02	1.410027e-01	7.706618e-01	7.703127e-01	7.703945e-01
0	nP1047	100	0	800	2	1	0.004	3.831352e-01	4.098202e-01	3.501298e-01	3.493758e-01	3.497907e-01
0	nP1055	100	0	800	2	1	0.008	-1.187831e-01	2.797750e-01	6.712670e-01	6.707825e-01	6.709145e-01
0	nP1058	100	0	800	2	1	0.036	7.272452e-02	1.349751e-01	5.901754e-01	5.895934e-01	5.897777e-01
0	nP1063	100	0	800	2	1	0.033	-1.013027e-01	1.421938e-01	4.764088e-01	4.757186e-01	4.759972e-01
0	nP1066	100	0	800	2	1	0.049	-1.270333e-02	1.169545e-01	9.135330e-01	9.133981e-01	9.134258e-01
0	nP1074	100	0	800	2	1	0.004	5.436958e-01	3.793789e-01	1.522150e-01	1.515741e-01	1.522287e-01
0	nP1077	100	0	800	2	1	0.013	-5.588202e-01	2.203922e-01	1.141616e-02	1.128793e-02	1.164414e-02
0	nP1090	100	0	800	2	1	0.009	-4.562354e-01	2.693160e-01	9.064551e-02	9.014144e-02	9.082057e-02
0	nP1095	100	0	800	2	1	0.020	-1.951131e-01	1.804028e-01	2.797830e-01	2.790306e-01	2.795335e-01
0	nP1097	100	0	800	2	1	0.008	-2.830537e-02	2.798048e-01	9.194480e-01	9.193222e-01	9.193479e-01
0	nP1114	100	0	800	2	1	0.005	-3.970609e-01	3.552792e-01	2.640732e-01	2.633259e-01	2.638491e-01
0	nP1123	100	0	800	2	1	0.025	-1.162080e-02	1.623225e-01	9.429455e-01	9.428563e-01	9.428744e-01
0	nP1125	100	0	800	2	1	0.005	3.578118e-01	3.553314e-01	3.142494e-01	3.134922e-01	3.139512e-01
0	nP1128	100	0	800	2	1	0.004	2.468545e-01	4.099515e-01	5.472418e-01	5.466145e-01	5.468313e-01
0	nP1141	100	0	800	2	1	0.016	-1.536106e-01	2.032548e-01	4.500197e-01	4.493105e-01	4.496148e-01
0	nP1149	100	0	800	2	1	0.010	-4.461345e-01	2.522023e-01	7.728339e-02	7.682093e-02	7.749192e-02
0	nP1151	100	0	800	2	1	0.004	6.748514e-02	3.798593e-01	8.590365e-01	8.588180e-01	8.588645e-01
0	nP1176	100	0	800	2	1	0.004	-1.424380e-01	3.798333e-01	7.077591e-01	7.073225e-01	7.074346e-01
0	nP1180	100	0	800	2	1	0.014	2.954324e-01	2.114521e-01	1.627539e-01	1.620965e-01	1.627413e-01
0	nP1198	100	0	800	2	1	0.011	5.031288e-01	2.446605e-01	4.006515e-02	3.975442e-02	4.034199e-02
0	nP1207	100	0	800	2	1	0.011	5.274688e-01	2.378169e-01	2.683834e-02	2.660070e-02	2.711592e-02
0	nP1211	100	0	800	2	1	0.007	7.691963e-02	3.037838e-01	8.001749e-01	7.998686e-01	7.999378e-01
0	nP1213	100	0	800	2	1	0.126	-8.026117e-03	7.574827e-02	9.156425e-01	9.155109e-01	9.155378e-01
0	nP1232	100	0	800	2	1	0.011	-2.353168e-01	2.451665e-01	3.374341e-01	3.366781e-01	3.371084e-01
0	nP1237	100	0	800	2	1	0.036	-1.446993e-02	1.349987e-01	9.146686e-01	9.145354e-01	9.145627e-01
0	nP1254	100	0	800	2	1	0.026	-1.086392e-02	1.604364e-01	9.460296e-01	9.459452e-01	9.459623e-01
0	nP1286	100	0	800	2	1	0.047	-3.196851e-02	1.133157e-01	7.779254e-01	7.775868e-01	7.776654e-01
0	nP1293	100	0	800	2	1	0.005	-1.958054e-01	3.554895e-01	5.819215e-01	5.813304e-01	5.815206e-01
0	nP1301	100	0	800	2	1	0.004	6.604537e-01	3.791466e-01	8.190282e-02	8.142536e-02	8.210003e-02
0	nP1304	100	0	800	2	1	0.004	6.482490e-02	4.100382e-01	8.744221e-01	8.742271e-01	8.742681e-01
