chr	rs	ps	n_mis	n_obs	allele1	allele0	af	beta	se	p_wald	p_lrt	p_score
0	cP7	0	0	800	2	1	0.044	-3.563815e-01	1.218705e-01	3.550477e-03	3.498877e-03	3.687104e-03
0	cP13	0	0	800	2	1	0.008	-8.166284e-01	2.783092e-01	3.439430e-03	3.389133e-03	3.573827e-03
0	cP25	0	0	800	2	1	0.022	-2.246863e-01	1.657070e-01	1.755065e-01	1.748313e-01	1.754630e-01
0	cP32	0	0	800	2	1	0.009	-5.159849e-01	2.691808e-01	5.561115e-02	5.522931e-02	5.586656e-02
0	cP34	0	0	800	2	1	0.005	-7.248829e-02	3.555479e-01	8.385010e-01	8.382516e-01	8.383057e-01
0	cP45	0	0	800	2	1	0.026	-2.684384e-01	1.601552e-01	9.410747e-02	9.359346e-02	9.427357e-02
0	cP53	0	0	800	2	1	0.013	2.336151e-01	2.211236e-01	2.910637e-01	2.903088e-01	2.907972e-01
0	cP59	0	0	800	2	1	0.004	-1.295843e-01	3.798391e-01	7.330762e-01	7.326741e-01	7.327734e-01
0	cP62	0	0	800	2	1	0.026	-1.271379e+00	1.539949e-01	6.222229e-16	5.608612e-16	7.147344e-15
0	cP69	0	0	800	2	1	0.004	-6.339382e-01	3.792034e-01	9.496305e-02	9.444664e-02	9.512692e-02
0	cP78	0	0	800	2	1	0.004	2.183461e-01	3.797882e-01	5.655104e-01	5.649018e-01	5.651044e-01
0	nP1	0	0	800	2	1	0.026	-3.832863e-02	1.564590e-01	8.065384e-01	8.062414e-01	8.063080e-01
0	nP3	0	0	800	2	1	0.027	-2.091366e-01	1.566934e-01	1.823594e-01	1.816755e-01	1.822997e-01
0	nP4	0	0	800	2	1	0.010	4.942109e-01	2.520900e-01	5.029025e-02	4.993128e-02	5.055464e-02
0	nP6	0	0	800	2	1	0.028	-1.793848e-02	1.535442e-01	9.070246e-01	9.068797e-01	9.069095e-01
0	nP11	0	0	800	2	1	0.010	-3.440383e-01	2.524027e-01	1.732501e-01	1.725779e-01	1.732120e-01
0	nP16	0	0	800	2	1	0.005	-2.242658e-01	3.554685e-01	5.282852e-01	5.276395e-01	5.278718e-01
0	nP23	0	0	800	2	1	0.017	1.692530e-01	1.958133e-01	3.876503e-01	3.869075e-01	3.872785e-01
0	nP30	0	0	800	2	1	0.015	-2.504531e-03	2.073865e-01	9.903675e-01	9.903524e-01	9.903554e-01
0	nP37	0	0	800	2	1	0.006	-1.030243e-01	3.184014e-01	7.463504e-01	7.459669e-01	7.460598e-01
0	nP43	0	0	800	2	1	0.006	4.603920e-02	3.354303e-01	8.908645e-01	8.906947e-01	8.907300e-01
0	nP47	0	0	800	2	1	0.051	3.629307e-02	1.127156e-01	7.475461e-01	7.471643e-01	7.472567e-01
0	nP48	0	0	800	2	1	0.016	2.658899e-02	2.033253e-01	8.959897e-01	8.958277e-01	8.958613e-01
0	nP51	0	0	800	2	1	0.015	-4.870278e-02	1.990064e-01	8.067287e-01	8.064320e-01	8.064985e-01
0	nP69	0	0	800	2	1	0.004	3.968928e-01	3.796069e-01	2.960918e-01	2.953361e-01	2.958181e-01
0	nP74	0	0	800	2	1	0.043	-1.564884e-01	1.258965e-01	2.142357e-01	2.135189e-01	2.141055e-01
0	nP86	0	0	800	2	1	0.006	2.459445e-01	3.353213e-01	4.634937e-01	4.627939e-01	4.630849e-01
0	nP91	0	0	800	2	1	0.011	-2.547169e-01	2.383784e-01	2.855999e-01	2.848461e-01	2.853415e-01
0	nP95	0	0	800	2	1	0.051	-2.447082e-01	1.153730e-01	3.422805e-02	3.394786e-02	3.450800e-02
0	nP104	0	0	800	2	1	0.016	2.391906e-01	1.993280e-01	2.305014e-01	2.297721e-01	2.303383e-01
0	nP117	0	0	800	2	1	0.021	5.163426e-02	1.778850e-01	7.716869e-01	7.713393e-01	7.714207e-01
0	nP126	0	0	800	2	1	0.009	-3.118176e-01	2.695739e-01	2.477389e-01	2.469992e-01	2.475434e-01
0	nP130	0	0	800	2	1	0.009	-1.662442e-01	2.697356e-01	5.378574e-01	5.372208e-01	5.374452e-01
0	nP133	0	0	800	2	1	0.004	-2.754022e-01	3.797417e-01	4.685200e-01	4.678238e-01	4.681100e-01
0	nP135	0	0	800	2	1	0.007	-9.794639e-02	3.037763e-01	7.472119e-01	7.468295e-01	7.469221e-01
0	nP139	0	0	800	2	1	0.032	-3.198355e-02	1.448030e-01	8.252453e-01	8.249761e-01	8.250353e-01
0	nP148	0	0	800	2	1	0.028	-1.997281e-01	1.533827e-01	1.932389e-01	1.925425e-01	1.931543e-01
0	nP152	0	0	800	2	1	0.043	1.027039e-01	1.240126e-01	4.078202e-01	4.070863e-01	4.074349e-01
0	nP202	0	0	800	2	1	0.005	1.071082e-01	3.555369e-01	7.632965e-01	7.629369e-01	7.630220e-01
0	nP209	0	0	800	2	1	0.004	-3.355221e-01	3.796811e-01	3.771273e-01	3.763806e-01	3.767636e-01
0	nP219	0	0	800	2	1	0.011	1.849614e-01	2.452206e-01	4.509122e-01	4.502036e-01	4.505070e-01
0	nP221	0	0	800	2	1	0.004	1.523999e-01	3.798285e-01	6.883557e-01	6.878933e-01	6.880158e-01
0	nP231	0	0	800	2	1	0.036	-9.852613e-02	1.363826e-01	4.702453e-01	4.695503e-01	4.698348e-01
0	nP252	0	0	800	2	1	0.006	-2.553514e-01	3.182939e-01	4.226471e-01	4.219210e-01	4.222536e-01
0	nP260	0	0	800	2	1	0.007	-2.042573e-01	2.909572e-01	4.828724e-01	4.821872e-01	4.824598e-01
0	nP270	0	0	800	2	1	0.008	-1.613251e-01	2.797483e-01	5.643187e-01	5.637089e-01	5.639123e-01
0	nP274	0	0	800	2	1	0.023	-1.042444e-01	1.638223e-01	5.247463e-01	5.240973e-01	5.243326e-01
0	nP280	0	0	800	2	1	0.011	-8.656447e-02	2.385292e-01	7.167687e-01	7.163443e-01	7.164517e-01
0	nP282	0	0	800	2	1	0.011	-3.084358e-01	2.450648e-01	2.085470e-01	2.078353e-01	2.084288e-01
0	nP289	0	0	800	2	1	0.015	3.280172e-01	2.070612e-01	1.135544e-01	1.129902e-01	1.136692e-01
0	nP293	0	0	800	2	1	0.004	2.383598e-01	4.099578e-01	5.611180e-01	5.605048e-01	5.607107e-01
0	nP318	0	0	800	2	1	0.005	5.505885e-01	3.550225e-01	1.213329e-01	1.207509e-01	1.214270e-01
0	nP322	0	0	800	2	1	0.004	4.878084e-01	3.794741e-01	1.989956e-01	1.982931e-01	1.988982e-01
0	nP323	0	0	800	2	1	0.012	1.556733e-01	2.322696e-01	5.029073e-01	5.022387e-01	5.024929e-01
0	nP325	0	0	800	2	1	0.014	-2.114698e-01	2.162000e-01	3.283107e-01	3.275538e-01	3.279953e-01
0	nP327	0	0	800	2	1	0.028	2.186697e-01	1.498531e-01	1.448963e-01	1.442679e-01	1.449287e-01
0	nP337	0	0	800	2	1	0.009	2.920790e-01	2.606123e-01	2.627353e-01	2.619886e-01	2.625134e-01
0	nP358	0	0	800	2	1	0.004	4.950368e-01	3.794624e-01	1.924140e-01	1.917185e-01	1.923312e-01
0	nP369	0	0	800	2	1	0.013	-7.104302e-02	2.265833e-01	7.539521e-01	7.535792e-01	7.536686e-01
0	nP371	0	0	800	2	1	0.013	-1.626490e-01	2.212033e-01	4.623776e-01	4.616769e-01	4.619690e-01
0	nP373	0	0	800	2	1	0.011	-1.572061e-01	2.384839e-01	5.099643e-01	5.093018e-01	5.095499e-01
0	nP384	0	0	800	2	1	0.035	2.813807e-02	1.360636e-01	8.362182e-01	8.359653e-01	8.360203e-01
0	nP388	0	0	800	2	1	0.013	-5.942311e-02	2.265875e-01	7.931946e-01	7.928781e-01	7.929502e-01
0	nP394	0	0	800	2	1	0.069	1.155923e-01	9.954365e-02	2.458986e-01	2.451598e-01	2.457064e-01
0	nP396	0	0	800	2	1	0.018	-1.825955e-01	1.923908e-01	3.428640e-01	3.421087e-01	3.425324e-01
0	nP407	0	0	800	2	1	0.006	-2.191284e-02	3.184213e-01	9.451524e-01	9.450667e-01	9.450840e-01
0	nP417	0	0	800	2	1	0.034	2.229448e-02	1.346546e-01	8.685389e-01	8.683349e-01	8.683781e-01
0	nP427	0	0	800	2	1	0.014	-1.678659e-01	2.116272e-01	4.278883e-01	4.271651e-01	4.274922e-01
0	nP432	0	0	800	2	1	0.007	-2.476042e-02	3.037948e-01	9.350618e-01	9.349603e-01	9.349809e-01
0	nP437	0	0	800	2	1	0.007	-2.937634e-01	2.908612e-01	3.128120e-01	3.120548e-01	3.125157e-01
0	nP446	0	0	800	2	1	0.034	1.146897e-03	1.346569e-01	9.932065e-01	9.931958e-01	9.931980e-01
0	nP456	0	0	800	2	1	0.007	-6.890562e-01	3.028152e-01	2.314024e-02	2.292588e-02	2.341294e-02
0	nP461	0	0	800	2	1	0.009	-3.252928e-01	2.695540e-01	2.278738e-01	2.271464e-01	2.277159e-01
0	nP479	0	0	800	2	1	0.011	4.214826e-02	2.385442e-01	8.597971e-01	8.595798e-01	8.596261e-01
0	nP485	0	0	800	2	1	0.016	-6.460496e-04	1.995078e-01	9.974171e-01	9.974130e-01	9.974139e-01
0	nP496	0	0	800	2	1	0.004	-1.463409e-01	4.100119e-01	7.212471e-01	7.208288e-01	7.209339e-01
0	nP512	0	0	800	2	1	0.009	-8.098317e-01	2.682725e-01	2.619499e-03	2.579160e-03	2.735724e-03
0	nP516	0	0	800	2	1	0.016	-1.998846e-01	1.952905e-01	3.063701e-01	3.056133e-01	3.060823e-01
0	nP531	0	0	800	2	1	0.006	-1.184554e-01	3.183946e-01	7.099623e-01	7.095287e-01	7.096396e-01
0	nP551	0	0	800	2	1	0.004	-1.862004e-01	4.099916e-01	6.498396e-01	6.493280e-01	6.494727e-01
0	nP552	0	0	800	2	1	0.011	-3.304403e-02	2.260443e-01	8.838132e-01	8.836325e-01	8.836702e-01
0	nP559	0	0	800	2	1	0.011	-1.608976e-03	2.453079e-01	9.947683e-01	9.947602e-01	9.947618e-01
0	nP563	0	0	800	2	1	0.005	6.869238e-02	3.555488e-01	8.468507e-01	8.466139e-01	8.466648e-01
0	nP574	0	0	800	2	1	0.025	-2.037955e-02	1.623214e-01	9.001193e-01	8.999637e-01	8.999958e-01
0	nP585	0	0	800	2	1	0.011	-1.346826e-01	2.452616e-01	5.830641e-01	5.824743e-01	5.826637e-01
0	nP594	0	0	800	2	1	0.029	-2.425132e-01	1.517254e-01	1.103567e-01	1.098002e-01	1.104800e-01
0	nP609	0	0	800	2	1	0.025	-7.116165e-02	1.623035e-01	6.611802e-01	6.606828e-01	6.608207e-01
0	nP611	0	0	800	2	1	0.005	-4.733047e-01	3.551621e-01	1.830290e-01	1.823443e-01	1.829678e-01
0	nP622	0	0	800	2	1	0.016	-1.476616e-01	1.953487e-01	4.499398e-01	4.492304e-01	4.495348e-01
0	nP624	0	0	800	2	1	0.004	-4.063752e-02	4.100421e-01	9.210792e-01	9.209560e-01	9.209812e-01
0	nP626	0	0	800	2	1	0.007	1.806847e-01	2.909768e-01	5.348039e-01	5.341644e-01	5.343913e-01
0	nP631	0	0	800	2	1	0.006	9.456176e-01	3.166578e-01	2.910655e-03	2.866707e-03	3.033710e-03
0	nP640	0	0	800	2	1	0.024	-2.282291e-01	1.617064e-01	1.585226e-01	1.578716e-01	1.585205e-01
0	nP649	0	0	800	2	1	0.006	6.974086e-01	3.345245e-01	3.740705e-02	3.710993e-02	3.768576e-02
0	nP650	0	0	800	2	1	0.006	1.838959e-01	3.183557e-01	5.636682e-01	5.630577e-01	5.632616e-01
0	nP654	0	0	800	2	1	0.018	2.679771e-01	1.890360e-01	1.566985e-01	1.560504e-01	1.567010e-01
0	nP657	0	0	800	2	1	0.016	-2.199207e-01	2.031784e-01	2.794010e-01	2.786487e-01	2.791521e-01
0	nP670	0	0	800	2	1	0.044	-1.835607e-01	1.231140e-01	1.363616e-01	1.357488e-01	1.364161e-01
0	nP675	0	0	800	2	1	0.019	-1.586813e-01	1.773574e-01	3.712183e-01	3.704696e-01	3.708595e-01
0	nP681	0	0	800	2	1	0.007	1.361989e-01	2.910071e-01	6.398938e-01	6.393699e-01	6.395208e-01
0	nP693	0	0	800	2	1	0.008	-2.941317e-01	2.796128e-01	2.931523e-01	2.923971e-01	2.928828e-01
0	nP695	0	0	800	2	1	0.009	1.352217e-01	2.697574e-01	6.163183e-01	6.157662e-01	6.159324e-01
0	nP699	0	0	800	2	1	0.017	3.105136e-01	1.955963e-01	1.127904e-01	1.122280e-01	1.129072e-01
0	nP703	0	0	800	2	1	0.011	-4.088250e-01	2.448807e-01	9.541317e-02	9.489550e-02	9.557587e-02
0	nP713	0	0	800	2	1	0.014	3.025134e-01	2.160643e-01	1.618697e-01	1.612136e-01	1.618593e-01
0	nP717	0	0	800	2	1	0.034	7.212172e-02	1.382671e-01	6.020855e-01	6.015169e-01	6.016928e-01
0	nP730	0	0	800	2	1	0.012	-4.404481e-04	2.207391e-01	9.984085e-01	9.984060e-01	9.984065e-01
0	nP740	0	0	800	2	1	0.007	-8.370166e-04	2.910471e-01	9.977061e-01	9.977025e-01	9.977032e-01
0	nP742	0	0	800	2	1	0.049	-1.647086e-01	1.137357e-01	1.479625e-01	1.473288e-01	1.479871e-01
0	nP750	0	0	800	2	1	0.007	3.246465e-01	2.908201e-01	2.646237e-01	2.638763e-01	2.643987e-01
0	nP754	0	0	800	2	1	0.006	-8.466556e-02	3.354209e-01	8.007846e-01	8.004792e-01	8.005482e-01
0	nP771	0	0	800	2	1	0.007	-5.514128e-01	2.903918e-01	5.794354e-02	5.755210e-02	5.819460e-02
0	nP778	0	0	800	2	1	0.005	1.137504e-01	3.555343e-01	7.490960e-01	7.487163e-01	7.488080e-01
0	nP788	0	0	800	2	1	0.006	-7.255888e-01	3.173846e-01	2.250673e-02	2.229651e-02	2.277828e-02
0	nP803	0	0	800	2	1	0.006	-8.389247e-02	3.354212e-01	8.025660e-01	8.022632e-01	8.023315e-01
0	nP806	0	0	800	2	1	0.007	3.617655e-01	3.035260e-01	2.336640e-01	2.329326e-01	2.334948e-01
0	nP811	0	0	800	2	1	0.008	3.319009e-01	2.795598e-01	2.354914e-01	2.347588e-01	2.353187e-01
0	nP818	0	0	800	2	1	0.022	-2.885160e-02	1.658947e-01	8.619762e-01	8.617623e-01	8.618077e-01
0	nP835	0	0	800	2	1	0.007	2.936338e-01	2.908614e-01	3.130257e-01	3.122685e-01	3.127291e-01
0	nP837	0	0	800	2	1	0.007	1.214869e-01	2.691302e-01	6.518199e-01	6.513107e-01	6.514543e-01
0	nP842	0	0	800	2	1	0.010	-1.089007e-01	2.526669e-01	6.665811e-01	6.660905e-01	6.662253e-01
0	nP844	0	0	800	2	1	0.009	4.919840e-01	2.602352e-01	5.904841e-02	5.865252e-02	5.929735e-02
0	nP847	0	0	800	2	1	0.007	5.189009e-01	2.904668e-01	7.440795e-02	7.395517e-02	7.462335e-02
0	nP892	0	0	800	2	1	0.022	2.868464e-02	1.706520e-01	8.665562e-01	8.663492e-01	8.663930e-01
0	nP898	0	0	800	2	1	0.024	1.078440e-01	1.560370e-01	4.896761e-01	4.889964e-01	4.892626e-01
0	nP910	0	0	800	2	1	0.013	2.075099e-01	2.211562e-01	3.483764e-01	3.476221e-01	3.480391e-01
0	nP916	0	0	800	2	1	0.008	-5.695718e-01	2.790792e-01	4.158968e-02	4.127136e-02	4.186516e-02
0	nP951	0	0	800	2	1	0.024	-3.016431e-03	1.663212e-01	9.855347e-01	9.855121e-01	9.855166e-01
0	nP960	0	0	800	2	1	0.041	-2.048918e-01	1.292808e-01	1.133948e-01	1.128310e-01	1.135100e-01
0	nP979	0	0	800	2	1	0.041	-4.171669e-02	1.265061e-01	7.416676e-01	7.412775e-01	7.413726e-01
0	nP982	0	0	800	2	1	0.004	-5.262229e-01	3.794098e-01	1.658439e-01	1.651820e-01	1.658237e-01
0	nP993	0	0	800	2	1	0.008	-1.909241e-01	2.797249e-01	4.950942e-01	4.944189e-01	4.946802e-01
0	nP999	0	0	800	2	1	0.005	6.551107e-01	3.548000e-01	6.520103e-02	6.478125e-02	6.543730e-02
0	nP1001	0	0	800	2	1	0.020	1.378830e-01	1.804690e-01	4.450775e-01	4.443649e-01	4.446742e-01
0	nP1008	0	0	800	2	1	0.006	2.405368e-01	3.183084e-01	4.500687e-01	4.493595e-01	4.496638e-01
0	nP1031	0	0	800	2	1	0.025	-1.344363e-01	1.581413e-01	3.955231e-01	3.947836e-01	3.951458e-01
0	nP1038	0	0	800	2	1	0.052	-1.321440e-01	1.096143e-01	2.283538e-01	2.276261e-01	2.281950e-01
0	nP1049	0	0	800	2	1	0.006	4.073856e-01	3.351241e-01	2.244870e-01	2.237620e-01	2.243358e-01
0	nP1058	0	0	800	2	1	0.004	6.579598e-01	4.093825e-01	1.084060e-01	1.078542e-01	1.085344e-01
0	nP1062	0	0	800	2	1	0.019	-5.099809e-02	1.800722e-01	7.770900e-01	7.767501e-01	7.768291e-01
0	nP1066	0	0	800	2	1	0.005	6.823203e-01	3.547358e-01	5.477769e-02	5.439935e-02	5.503460e-02
0	nP1072	0	0	800	2	1	0.004	-6.762158e-02	3.798593e-01	8.587545e-01	8.585356e-01	8.585822e-01
0	nP1083	0	0	800	2	1	0.014	1.767087e-01	2.116181e-01	4.039475e-01	4.032117e-01	4.035646e-01
0	nP1096	0	0	800	2	1	0.017	2.904836e-01	1.956349e-01	1.379850e-01	1.373692e-01	1.380353e-01
0	nP1104	0	0	800	2	1	0.007	1.395791e-01	2.910051e-01	6.316114e-01	6.310774e-01	6.312336e-01
0	nP1108	0	0	800	2	1	0.007	1.580070e-01	3.037446e-01	6.030706e-01	6.025031e-01	6.026783e-01
0	nP1114	0	0	800	2	1	0.006	-4.207051e-01	3.180738e-01	1.863257e-01	1.856371e-01	1.862568e-01
0	nP1127	0	0	800	2	1	0.011	1.670776e-01	2.384755e-01	4.837526e-01	4.830681e-01	4.833398e-01
0	nP1141	0	0	800	2	1	0.011	2.170364e-01	2.384251e-01	3.629436e-01	3.621926e-01	3.625922e-01
0	nP1143	0	0	800	2	1	0.016	3.431527e-01	1.991376e-01	8.524088e-02	8.475300e-02	8.542973e-02
0	nP1145	0	0	800	2	1	0.004	6.815140e-02	4.100375e-01	8.680356e-01	8.678308e-01	8.678741e-01
0	nP1151	0	0	800	2	1	0.005	-1.223850e-02	3.555569e-01	9.725503e-01	9.725073e-01	9.725160e-01
0	nP1160	0	0	800	2	1	0.024	-1.157236e-01	1.618563e-01	4.748321e-01	4.741406e-01	4.744207e-01
0	nP1162	0	0	800	2	1	0.007	2.591145e-01	3.036575e-01	3.937426e-01	3.930023e-01	3.933665e-01
0	nP1166	0	0	800	2	1	0.008	3.727077e-01	2.794953e-01	1.827476e-01	1.820632e-01	1.826870e-01
0	nP1171	0	0	800	2	1	0.006	1.640332e-01	3.183693e-01	6.065356e-01	6.059721e-01	6.061449e-01
0	nP1181	0	0	800	2	1	0.006	-6.818312e-01	3.175062e-01	3.205741e-02	3.178923e-02	3.233751e-02
0	nP1185	0	0	800	2	1	0.006	5.791704e-01	3.348071e-01	8.404144e-02	8.355726e-02	8.423330e-02
0	nP1189	0	0	800	2	1	0.019	5.046506e-02	1.862048e-01	7.864465e-01	7.861202e-01	7.861951e-01
0	nP1199	0	0	800	2	1	0.016	2.514465e-02	1.995058e-01	8.997362e-01	8.995800e-01	8.996123e-01
0	nP1202	0	0	800	2	1	0.018	1.234656e-01	1.924497e-01	5.213513e-01	5.206992e-01	5.209374e-01
0	nP1205	0	0	800	2	1	0.004	8.104684e-01	4.090396e-01	4.789000e-02	4.754181e-02	4.815795e-02
0	nP1239	0	0	800	2	1	0.051	1.339025e-02	1.121567e-01	9.049974e-01	9.048493e-01	9.048798e-01
0	nP1242	0	0	800	2	1	0.081	-1.079345e-01	9.438923e-02	2.531721e-01	2.524296e-01	2.529668e-01
0	nP1248	0	0	800	2	1	0.004	-3.510333e-01	3.796635e-01	3.554584e-01	3.547055e-01	3.551140e-01
0	nP1254	0	0	800	2	1	0.019	8.224447e-03	1.833042e-01	9.642239e-01	9.641680e-01	9.641792e-01
0	nP1259	0	0	800	2	1	0.015	7.626679e-02	2.073689e-01	7.131325e-01	7.127032e-01	7.128125e-01
0	nP1261	0	0	800	2	1	0.005	3.612283e-01	3.553271e-01	3.096482e-01	3.088912e-01	3.093560e-01
0	nP1272	0	0	800	2	1	0.032	1.272147e-01	1.417953e-01	3.698981e-01	3.691490e-01	3.695405e-01
0	nP1279	0	0	800	2	1	0.011	-1.839047e-02	2.453071e-01	9.402580e-01	9.401647e-01	9.401836e-01
0	nP1285	0	0	800	2	1	0.007	2.448813e-01	3.036723e-01	4.202526e-01	4.195252e-01	4.198604e-01
0	nP1300	0	0	800	2	1	0.006	-3.105764e-01	3.182324e-01	3.293889e-01	3.286320e-01	3.290722e-01
0	nP1304	0	0	800	2	1	0.012	1.728672e-01	2.206543e-01	4.336070e-01	4.328873e-01	4.332084e-01
0	nP1312	0	0	800	2	1	0.005	-4.653197e-01	3.551754e-01	1.905347e-01	1.898413e-01	1.904562e-01
0	nP1316	0	0	800	2	1	0.014	1.140578e-01	2.162919e-01	5.981089e-01	5.975358e-01	5.977145e-01
0	nP1323	0	0	800	2	1	0.011	-4.075895e-01	2.255864e-01	7.116999e-02	7.072847e-02	7.139296e-02
0	nP1334	0	0	800	2	1	0.004	8.199036e-01	4.090161e-01	4.534586e-02	4.500945e-02	4.561719e-02
0	nP1342	0	0	800	2	1	0.020	-1.347767e-01	1.804719e-01	4.554035e-01	4.546979e-01	4.549969e-01
0	nP343	10	0	800	2	1	0.023	8.421395e-02	1.684170e-01	6.171901e-01	6.166389e-01	6.168046e-01
0	nP1325	11	0	800	2	1	0.013	8.090598e-01	2.247800e-01	3.387120e-04	3.315051e-04	3.713612e-04
0	nP118	12	0	800	2	1	0.008	-1.964836e-01	2.601064e-01	4.502337e-01	4.495246e-01	4.498287e-01
0	nP595	12	0	800	2	1	0.016	-9.604162e-02	1.919902e-01	6.170423e-01	6.164911e-01	6.166568e-01
0	nP240	14	0	800	2	1	0.024	-1.804302e-01	1.661985e-01	2.779703e-01	2.772184e-01	2.777236e-01
0	nP821	14	0	800	2	1	0.006	1.868503e-01	3.353691e-01	5.775824e-01	5.769866e-01	5.771801e-01
0	cP38	17	0	800	2	1	0.087	-9.070933e-01	8.136884e-02	6.342394e-27	5.286988e-27	8.962723e-24
0	nP253	17	0	800	2	1	0.007	1.141419e-01	3.037692e-01	7.072010e-01	7.067637e-01	7.068761e-01
0	nP401	17	0	800	2	1	0.026	-1.312727e-02	1.586192e-01	9.340634e-01	9.339604e-01	9.339813e-01
0	nP472	17	0	800	2	1	0.007	-1.482728e-01	2.909997e-01	6.105223e-01	6.099634e-01	6.101335e-01
0	nP612	17	0	800	2	1	0.007	-2.632359e-02	2.910456e-01	9.279564e-01	9.278439e-01	9.278668e-01
0	nP704	17	0	800	2	1	0.006	-1.198606e-01	2.903413e-01	6.798446e-01	6.793711e-01	6.794983e-01
0	nP763	17	0	800	2	1	0.007	-7.838899e-02	3.037834e-01	7.964407e-01	7.961290e-01	7.961997e-01
0	nP1043	17	0	800	2	1	0.014	6.900192e-01	2.149461e-01	1.379516e-03	1.355741e-03	1.459941e-03
0	nP1317	17	0	800	2	1	0.013	-6.582910e-01	2.253958e-01	3.592051e-03	3.539966e-03	3.729500e-03
0	cP2	20	0	800	2	1	0.017	-2.127311e-01	1.957601e-01	2.775007e-01	2.767489e-01	2.772548e-01
0	cP8	20	0	800	2	1	0.010	-6.773131e-01	2.515563e-01	7.240717e-03	7.150113e-03	7.432083e-03
0	cP54	20	0	800	2	1	0.011	-3.669696e-01	2.381949e-01	1.238039e-01	1.232166e-01	1.238915e-01
0	nP77	20	0	800	2	1	0.036	2.601919e-01	1.372173e-01	5.829419e-02	5.790134e-02	5.854458e-02
0	nP112	20	0	800	2	1	0.009	4.822856e-01	2.602580e-01	6.423613e-02	6.382000e-02	6.447448e-02
0	nP143	20	0	800	2	1	0.075	4.210082e-02	9.717800e-02	6.649618e-01	6.644692e-01	6.646049e-01
0	nP171	20	0	800	2	1	0.019	1.937221e-01	1.773137e-01	2.749261e-01	2.741751e-01	2.746842e-01
0	nP183	20	0	800	2	1	0.004	-2.144775e-01	4.099743e-01	6.010161e-01	6.004463e-01	6.006229e-01
0	nP224	20	0	800	2	1	0.029	5.255948e-02	1.485680e-01	7.236018e-01	7.231867e-01	7.232907e-01
0	nP275	20	0	800	2	1	0.061	1.583050e-01	1.034756e-01	1.264432e-01	1.258503e-01	1.265238e-01
0	nP659	20	0	800	2	1	0.013	-2.309477e-01	2.211271e-01	2.966113e-01	2.958555e-01	2.963368e-01
0	nP792	20	0	800	2	1	0.019	9.954513e-02	1.861801e-01	5.930262e-01	5.924473e-01	5.926296e-01
0	nP798	20	0	800	2	1	0.006	1.780133e-01	3.183599e-01	5.762113e-01	5.756140e-01	5.758085e-01
0	nP969	20	0	800	2	1	0.006	-7.652448e-02	3.184107e-01	8.101342e-01	8.098425e-01	8.099077e-01
0	nP994	20	0	800	2	1	0.026	-4.086079e-02	1.604303e-01	7.990244e-01	7.987164e-01	7.987861e-01
0	nP1146	20	0	800	2	1	0.004	-2.868474e-01	4.099188e-01	4.842771e-01	4.835931e-01	4.838643e-01
0	cP49	25	0	800	1	2	0.007	4.478395e-01	2.906150e-01	1.237117e-01	1.231246e-01	1.237996e-01
0	cP82	25	0	800	2	1	0.019	-1.560176e-01	1.861315e-01	4.021628e-01	4.014262e-01	4.017810e-01
0	nP7	25	0	800	2	1	0.006	-5.416541e-01	3.348858e-01	1.061809e-01	1.056346e-01	1.063152e-01
0	nP19	25	0	800	2	1	0.014	7.195740e-01	2.148246e-01	8.473091e-04	8.315202e-04	9.068823e-04
0	nP52	25	0	800	2	1	0.004	2.807936e-02	3.798655e-01	9.410932e-01	9.410011e-01	9.410197e-01
0	nP87	25	0	800	2	1	0.026	-3.037395e-01	1.600762e-01	5.812682e-02	5.773464e-02	5.837753e-02
0	nP119	25	0	800	2	1	0.006	4.109961e-02	3.354311e-01	9.025119e-01	9.023600e-01	9.023914e-01
0	nP314	25	0	800	2	1	0.033	2.237466e-02	1.406384e-01	8.736355e-01	8.734393e-01	8.734806e-01
0	nP359	25	0	800	2	1	0.006	1.247473e-01	3.354052e-01	7.100437e-01	7.096102e-01	7.097210e-01
0	nP428	25	0	800	2	1	0.006	2.620685e-01	3.029564e-01	3.872784e-01	3.865354e-01	3.869069e-01
0	nP521	25	0	800	2	1	0.006	-3.822694e-01	3.351612e-01	2.543978e-01	2.536548e-01	2.541904e-01
0	nP596	25	0	800	2	1	0.029	-6.446915e-02	1.485621e-01	6.644391e-01	6.639458e-01	6.640818e-01
0	nP641	25	0	800	2	1	0.045	1.311408e-01	1.216858e-01	2.814935e-01	2.807407e-01	2.812414e-01
0	nP807	25	0	800	2	1	0.047	7.914212e-02	1.179173e-01	5.023087e-01	5.016396e-01	5.018944e-01
0	nP928	25	0	800	2	1	0.006	-1.710948e-01	3.183646e-01	5.911288e-01	5.905479e-01	5.907315e-01
0	nP1097	25	0	800	2	1	0.008	-2.755785e-01	2.796365e-01	3.246829e-01	3.239257e-01	3.243717e-01
0	nP1123	25	0	800	2	1	0.035	2.235372e-01	1.333844e-01	9.415207e-02	9.363794e-02	9.431806e-02
0	nP1133	25	0	800	2	1	0.035	-3.880722e-02	1.336119e-01	7.715494e-01	7.712016e-01	7.712830e-01
0	nP1155	25	0	800	2	1	0.043	2.697128e-02	1.229601e-01	8.264336e-01	8.261662e-01	8.262249e-01
0	nP1177	25	0	800	2	1	0.014	-2.112628e-01	2.115784e-01	3.183357e-01	3.175785e-01	3.180324e-01
0	nP1225	25	0	800	2	1	0.025	1.225907e-01	1.622650e-01	4.501740e-01	4.494649e-01	4.497690e-01
0	nP1230	25	0	800	2	1	0.016	-7.229666e-02	1.994914e-01	7.171454e-01	7.167215e-01	7.168287e-01
0	nP1275	25	0	800	2	1	0.004	3.325273e-01	3.796844e-01	3.814028e-01	3.806576e-01	3.810357e-01
0	nP1281	25	0	800	2	1	0.006	-5.778071e-01	3.177646e-01	6.938553e-02	6.895037e-02	6.961257e-02
0	nP1346	25	0	800	2	1	0.007	-3.241570e-01	3.035793e-01	2.859410e-01	2.851871e-01	2.856821e-01
0	nP744	29	0	800	2	1	0.013	2.171492e-01	2.264668e-01	3.379214e-01	3.371654e-01	3.375951e-01
0	nP756	29	0	800	2	1	0.034	-2.166250e-01	1.369493e-01	1.140938e-01	1.135283e-01	1.142071e-01
0	nP851	29	0	800	2	1	0.004	-7.347470e-01	4.092188e-01	7.295442e-02	7.250666e-02	7.317325e-02
0	nP882	29	0	800	2	1	0.007	5.969592e-01	3.030602e-01	4.921007e-02	4.885591e-02	4.947610e-02
0	nP1090	29	0	800	2	1	0.009	-5.128037e-01	2.601849e-01	4.907817e-02	4.872461e-02	4.934440e-02
0	nP345	30	0	800	2	1	0.010	-1.638261e-01	2.526298e-01	5.168592e-01	5.162029e-01	5.164449e-01
0	cP18	33	0	800	1	2	0.133	4.707553e-01	7.273499e-02	1.685070e-10	1.578411e-10	4.437685e-10
0	cP22	33	0	800	2	1	0.009	-4.026861e-01	2.516908e-01	1.100113e-01	1.094555e-01	1.101355e-01
0	cP39	33	0	800	2	1	0.016	-1.314777e-01	1.994535e-01	5.099641e-01	5.093016e-01	5.095496e-01
0	nP57	33	0	800	2	1	0.009	3.832668e-01	2.517288e-01	1.282703e-01	1.276737e-01	1.283461e-01
0	nP83	33	0	800	2	1	0.028	1.460164e-01	1.534585e-01	3.416368e-01	3.408813e-01	3.413065e-01
0	nP96	33	0	800	2	1	0.016	2.945982e-01	1.992350e-01	1.396294e-01	1.390105e-01	1.396754e-01
0	nP189	33	0	800	2	1	0.062	-2.846474e-02	1.062114e-01	7.887680e-01	7.884451e-01	7.885191e-01
0	nP236	33	0	800	2	1	0.010	3.027879e-01	2.524689e-01	2.307642e-01	2.300348e-01	2.306007e-01
0	nP248	33	0	800	2	1	0.043	-1.740790e-01	1.258676e-01	1.670417e-01	1.663780e-01	1.670185e-01
0	nP271	33	0	800	2	1	0.009	-3.529267e-01	2.605180e-01	1.758929e-01	1.752172e-01	1.758485e-01
0	nP319	33	0	800	2	1	0.013	1.094174e-02	2.158003e-01	9.595748e-01	9.595116e-01	9.595243e-01
0	nP331	33	0	800	2	1	0.012	4.130990e-01	2.318743e-01	7.520059e-02	7.474512e-02	7.541412e-02
0	nP381	33	0	800	2	1	0.007	5.593835e-01	3.031500e-01	6.537343e-02	6.495300e-02	6.560934e-02
0	nP389	33	0	800	2	1	0.007	5.250608e-01	2.904530e-01	7.102481e-02	7.058380e-02	7.124811e-02
0	nP397	33	0	800	2	1	0.005	1.612897e-01	3.555113e-01	6.501797e-01	6.496685e-01	6.498131e-01
0	nP402	33	0	800	2	1	0.026	-1.063966e-01	1.547324e-01	4.918937e-01	4.912159e-01	4.914800e-01
0	nP408	33	0	800	2	1	0.005	-5.748571e-01	3.549743e-01	1.057492e-01	1.052041e-01	1.058847e-01
0	nP414	33	0	800	2	1	0.006	-5.615883e-01	3.178011e-01	7.759261e-02	7.712913e-02	7.780039e-02
0	nP438	33	0	800	2	1	0.007	9.826249e-02	3.037761e-01	7.464240e-01	7.460406e-01	7.461335e-01
0	nP447	33	0	800	2	1	0.005	-4.735129e-02	3.555532e-01	8.940874e-01	8.939226e-01	8.939568e-01
0	nP473	33	0	800	2	1	0.013	4.095379e-01	2.208028e-01	6.399799e-02	6.358276e-02	6.423684e-02
0	nP513	33	0	800	2	1	0.019	-1.398143e-01	1.861476e-01	4.528178e-01	4.521104e-01	4.524120e-01
0	nP517	33	0	800	2	1	0.019	-1.358682e-01	1.832413e-01	4.586257e-01	4.579224e-01	4.582182e-01
0	nP533	33	0	800	2	1	0.008	1.944578e-01	2.601083e-01	4.549198e-01	4.542139e-01	4.545133e-01
0	nP548	33	0	800	2	1	0.004	4.974768e-01	4.096662e-01	2.249746e-01	2.242493e-01	2.248225e-01
0	nP553	33	0	800	2	1	0.071	-3.350335e-02	9.856898e-02	7.340231e-01	7.336224e-01	7.337212e-01
0	nP560	33	0	800	2	1	0.019	1.857705e-01	1.831864e-01	3.108395e-01	3.100824e-01	3.105457e-01
0	nP637	33	0	800	2	1	0.006	3.815633e-01	3.181356e-01	2.307390e-01	2.300096e-01	2.305754e-01
0	nP651	33	0	800	2	1	0.013	-1.879716e-01	2.156980e-01	3.837667e-01	3.830223e-01	3.833978e-01
0	nP686	33	0	800	2	1	0.004	6.193504e-01	4.094580e-01	1.307746e-01	1.301729e-01	1.308438e-01
0	nP690	33	0	800	2	1	0.011	-5.114403e-02	2.385420e-01	8.302879e-01	8.300261e-01	8.300834e-01
0	nP696	33	0	800	2	1	0.024	3.301690e-01	1.638666e-01	4.425381e-02	4.392257e-02	4.452646e-02
0	nP700	33	0	800	2	1	0.009	3.960441e-02	2.608136e-01	8.793440e-01	8.791565e-01	8.791958e-01
0	nP737	33	0	800	2	1	0.004	-2.923773e-01	3.797258e-01	4.415457e-01	4.408309e-01	4.411438e-01
0	nP781	33	0	800	2	1	0.053	1.083573e-01	1.104552e-01	3.268867e-01	3.261296e-01	3.265729e-01
0	nP785	33	0	800	2	1	0.004	2.133890e-01	3.797917e-01	5.743706e-01	5.737714e-01	5.739672e-01
0	nP839	33	0	800	2	1	0.023	-3.037024e-01	1.680999e-01	7.118902e-02	7.074743e-02	7.141194e-02
0	nP903	33	0	800	2	1	0.005	1.444740e-02	3.555568e-01	9.675985e-01	9.675478e-01	9.675580e-01
0	nP987	33	0	800	2	1	0.035	-1.761360e-01	1.359243e-01	1.954058e-01	1.947071e-01	1.953163e-01
0	nP1002	33	0	800	2	1	0.004	7.452369e-02	4.100361e-01	8.558258e-01	8.556025e-01	8.556502e-01
0	nP1039	33	0	800	2	1	0.036	-1.165465e-01	1.363648e-01	3.929921e-01	3.922514e-01	3.926165e-01
0	nP1052	33	0	800	2	1	0.006	-2.010199e-02	3.184215e-01	9.496787e-01	9.496000e-01	9.496159e-01
0	nP1059	33	0	800	2	1	0.009	4.670006e-02	2.608121e-01	8.579389e-01	8.577188e-01	8.577658e-01
0	nP1063	33	0	800	2	1	0.009	-1.651433e-01	2.607518e-01	5.266962e-01	5.260491e-01	5.262827e-01
0	nP1105	33	0	800	2	1	0.006	3.485912e-01	3.181831e-01	2.735984e-01	2.728478e-01	2.733587e-01
0	nP1182	33	0	800	2	1	0.069	1.185283e-01	9.637339e-02	2.191022e-01	2.183814e-01	2.189620e-01
0	nP1190	33	0	800	2	1	0.016	-1.264683e-01	1.994575e-01	5.262225e-01	5.255748e-01	5.258089e-01
0	nP1194	33	0	800	2	1	0.004	-5.726162e-01	4.095433e-01	1.624467e-01	1.617898e-01	1.624349e-01
0	nP1217	33	0	800	2	1	0.004	2.090866e-01	4.099778e-01	6.101960e-01	6.096367e-01	6.098070e-01
0	nP1265	33	0	800	2	1	0.006	1.279181e-01	3.183901e-01	6.879643e-01	6.875014e-01	6.876241e-01
0	nP1269	33	0	800	2	1	0.014	-8.820673e-02	2.163070e-01	6.835410e-01	6.830723e-01	6.831974e-01
0	nP1301	33	0	800	2	1	0.024	4.816739e-02	1.663125e-01	7.721823e-01	7.718354e-01	7.719166e-01
0	nP1313	33	0	800	2	1	0.008	4.104758e-01	2.794290e-01	1.422322e-01	1.416086e-01	1.422715e-01
0	cP72	38	0	800	1	2	0.319	2.320738e-02	5.356560e-02	6.649491e-01	6.644564e-01	6.645922e-01
0	nP597	38	0	800	2	1	0.009	-2.130093e-01	2.696944e-01	4.298691e-01	4.291471e-01	4.294721e-01
0	cP3	40	0	800	2	1	0.009	-5.361654e-01	2.691314e-01	4.668870e-02	4.634604e-02	4.695830e-02
0	cP9	40	0	800	1	2	0.278	3.954630e-02	5.578157e-02	4.785630e-01	4.778744e-01	4.781510e-01
0	nP78	40	0	800	2	1	0.016	-3.774234e-01	2.028881e-01	6.321726e-02	6.280501e-02	6.345775e-02
0	nP225	40	0	800	2	1	0.010	-1.253685e-01	2.526574e-01	6.198901e-01	6.193422e-01	6.195060e-01
0	nP346	40	0	800	2	1	0.021	-5.257772e-02	1.753633e-01	7.643912e-01	7.640332e-01	7.641178e-01
0	nP543	40	0	800	2	1	0.022	-2.699157e-01	1.703873e-01	1.135602e-01	1.129960e-01	1.136750e-01
0	nP605	40	0	800	2	1	0.018	3.856894e-02	1.924945e-01	8.412471e-01	8.410018e-01	8.410549e-01
0	nP799	40	0	800	2	1	0.004	4.231801e-01	3.795713e-01	2.652334e-01	2.644857e-01	2.650074e-01
0	nP995	40	0	800	2	1	0.007	1.186639e-01	3.037670e-01	6.961667e-01	6.957146e-01	6.958328e-01
0	nP1027	40	0	800	2	1	0.056	-2.312443e-01	1.089515e-01	3.410726e-02	3.382773e-02	3.438724e-02
0	nP1068	40	0	800	2	1	0.004	2.288761e-01	4.099645e-01	5.768081e-01	5.762114e-01	5.764055e-01
0	nP242	43	0	800	2	1	0.012	1.500391e-01	2.322743e-01	5.184933e-01	5.178385e-01	5.180791e-01
0	nP745	43	0	800	2	1	0.011	-1.217067e-01	2.452701e-01	6.198794e-01	6.193314e-01	6.194953e-01
0	nP757	43	0	800	2	1	0.016	-3.050802e-02	1.995048e-01	8.785011e-01	8.783123e-01	8.783519e-01
0	nP852	43	0	800	2	1	0.018	-3.646318e-03	1.770292e-01	9.835721e-01	9.835463e-01	9.835515e-01
0	nP921	43	0	800	2	1	0.007	7.025736e-01	3.027763e-01	2.056849e-02	2.037123e-02	2.083583e-02
0	nP1091	43	0	800	2	1	0.016	-1.728415e-01	1.994139e-01	3.863409e-01	3.855976e-01	3.859701e-01
0	nP1328	44	0	800	2	1	0.004	-1.051169e+00	4.083527e-01	1.022737e-02	1.010934e-02	1.044668e-02
0	cP35	50	0	800	1	2	0.009	2.710812e-01	2.696291e-01	3.150161e-01	3.142588e-01	3.147169e-01
0	cP40	50	0	800	2	1	0.005	2.882784e-02	3.555557e-01	9.354000e-01	9.352991e-01	9.353196e-01
0	cP60	50	0	800	2	1	0.006	-4.405318e-01	3.350716e-01	1.889753e-01	1.882836e-01	1.889003e-01
0	cP67	50	0	800	2	1	0.004	4.088624e-02	4.100420e-01	9.205978e-01	9.204738e-01	9.204991e-01
0	cP73	50	0	800	2	1	0.271	-2.855088e-02	5.640972e-02	6.129024e-01	6.123463e-01	6.125148e-01
0	cP79	50	0	800	1	2	0.024	1.066643e-01	1.642395e-01	5.162385e-01	5.155816e-01	5.158242e-01
0	nP8	50	0	800	2	1	0.004	-2.335733e-01	4.099612e-01	5.690112e-01	5.684062e-01	5.686061e-01
0	nP20	50	0	800	2	1	0.011	-1.529368e-01	2.384874e-01	5.215260e-01	5.208740e-01	5.211121e-01
0	nP28	50	0	800	2	1	0.004	-1.794339e-02	4.100441e-01	9.651069e-01	9.650523e-01	9.650633e-01
0	nP38	50	0	800	2	1	0.031	-2.383943e-01	1.459070e-01	1.026788e-01	1.021416e-01	1.028225e-01
0	nP44	50	0	800	2	1	0.034	2.624627e-01	1.395071e-01	6.028725e-02	5.988642e-02	6.053373e-02
0	nP49	50	0	800	2	1	0.007	1.263697e-01	2.910127e-01	6.642306e-01	6.637371e-01	6.638732e-01
0	nP53	50	0	800	2	1	0.028	-2.298985e-02	1.500507e-01	8.782684e-01	8.780792e-01	8.781189e-01
0	nP66	50	0	800	2	1	0.006	-5.050336e-01	3.179200e-01	1.125569e-01	1.119950e-01	1.126743e-01
0	nP71	50	0	800	2	1	0.004	5.414317e-02	4.100401e-01	8.949831e-01	8.948196e-01	8.948535e-01
0	nP107	50	0	800	2	1	0.004	-9.074936e-02	4.100320e-01	8.248979e-01	8.246281e-01	8.246874e-01
0	nP121	50	0	800	2	1	0.018	4.584001e-01	1.918142e-01	1.708809e-02	1.691541e-02	1.734489e-02
0	nP157	50	0	800	2	1	0.014	-3.393352e-01	2.113695e-01	1.087987e-01	1.082460e-01	1.089261e-01
0	nP168	50	0	800	2	1	0.014	6.713854e-02	2.116972e-01	7.512172e-01	7.508405e-01	7.509311e-01
0	nP217	50	0	800	2	1	0.126	4.447835e-02	7.446253e-02	5.504597e-01	5.498356e-01	5.500498e-01
0	nP310	50	0	800	2	1	0.033	-9.730419e-02	1.394066e-01	4.853877e-01	4.847045e-01	4.849747e-01
0	nP315	50	0	800	2	1	0.024	5.236292e-01	1.652851e-01	1.593169e-03	1.566370e-03	1.680777e-03
0	nP332	50	0	800	2	1	0.039	-1.167408e-01	1.278460e-01	3.614467e-01	3.606952e-01	3.610966e-01
0	nP338	50	0	800	2	1	0.038	-8.012346e-02	1.332697e-01	5.478690e-01	5.472423e-01	5.474586e-01
0	nP366	50	0	800	2	1	0.030	7.821338e-02	1.457441e-01	5.916599e-01	5.910796e-01	5.912628e-01
0	nP403	50	0	800	2	1	0.009	6.422125e-03	2.608173e-01	9.803618e-01	9.803310e-01	9.803372e-01
0	nP444	50	0	800	2	1	0.053	-7.517102e-02	1.147725e-01	5.126843e-01	5.120243e-01	5.122700e-01
0	nP451	50	0	800	2	1	0.004	1.129264e+00	4.080913e-01	5.785143e-03	5.709083e-03	5.958496e-03
0	nP468	50	0	800	2	1	0.004	7.025541e-01	3.790518e-01	6.418660e-02	6.377065e-02	6.442505e-02
0	nP480	50	0	800	2	1	0.004	1.310713e+00	3.314511e-01	8.352055e-05	8.140493e-05	9.568848e-05
0	nP483	50	0	800	2	1	0.021	-1.405561e-01	1.753026e-01	4.229122e-01	4.221863e-01	4.225186e-01
0	nP489	50	0	800	2	1	0.006	-5.013068e-01	3.179274e-01	1.152386e-01	1.146705e-01	1.153489e-01
0	nP493	50	0	800	2	1	0.011	3.680413e-01	2.314069e-01	1.121293e-01	1.115685e-01	1.122479e-01
0	nP508	50	0	800	2	1	0.024	5.391877e-01	1.652224e-01	1.147663e-03	1.127278e-03	1.219605e-03
0	nP522	50	0	800	2	1	0.157	-1.299895e-02	6.900739e-02	8.506342e-01	8.504031e-01	8.504527e-01
0	nP527	50	0	800	2	1	0.011	2.648171e-01	2.383646e-01	2.669137e-01	2.661654e-01	2.666849e-01
0	nP534	50	0	800	2	1	0.005	3.372883e-01	3.553566e-01	3.428294e-01	3.420741e-01	3.424978e-01
0	nP557	50	0	800	2	1	0.006	-4.896612e-02	3.184175e-01	8.778224e-01	8.776326e-01	8.776724e-01
0	nP564	50	0	800	2	1	0.023	-8.251640e-02	1.684180e-01	6.243039e-01	6.237612e-01	6.239222e-01
0	nP572	50	0	800	2	1	0.011	-1.852486e-01	2.316806e-01	4.241885e-01	4.234633e-01	4.237943e-01
0	nP592	50	0	800	2	1	0.005	1.288546e-01	3.555279e-01	7.171254e-01	7.167015e-01	7.168087e-01
0	nP598	50	0	800	2	1	0.005	-6.855515e-01	3.547279e-01	5.363756e-02	5.326405e-02	5.389646e-02
0	nP633	50	0	800	2	1	0.004	-4.605780e-03	4.100446e-01	9.910408e-01	9.910268e-01	9.910296e-01
0	nP677	50	0	800	2	1	0.033	-8.364635e-04	1.394491e-01	9.952155e-01	9.952081e-01	9.952096e-01
0	nP706	50	0	800	2	1	0.014	-2.656167e-01	2.161251e-01	2.194360e-01	2.187149e-01	2.192950e-01
0	nP711	50	0	800	2	1	0.051	-2.176866e-01	1.133322e-01	5.511517e-02	5.473541e-02	5.537147e-02
0	nP718	50	0	800	2	1	0.004	1.835392e-01	3.798112e-01	6.290593e-01	6.285223e-01	6.286802e-01
0	nP723	50	0	800	2	1	0.013	2.799516e-01	2.210561e-01	2.057296e-01	2.050205e-01	2.056175e-01
0	nP946	50	0	800	2	1	0.030	-6.528340e-02	1.489482e-01	6.612903e-01	6.607930e-01	6.609309e-01
0	nP980	50	0	800	2	1	0.006	-2.423620e-01	3.353246e-01	4.700340e-01	4.693390e-01	4.696236e-01
0	nP1009	50	0	800	2	1	0.013	2.470602e-01	2.211053e-01	2.641651e-01	2.634179e-01	2.639409e-01
0	nP1045	50	0	800	2	1	0.008	-4.453828e-01	2.793620e-01	1.112681e-01	1.107093e-01	1.113890e-01
0	nP1073	50	0	800	2	1	0.042	-1.618193e-01	1.255493e-01	1.978097e-01	1.971084e-01	1.977149e-01
0	nP1077	50	0	800	2	1	0.005	-9.501919e-02	3.555412e-01	7.893440e-01	7.890219e-01	7.890956e-01
0	nP1081	50	0	800	2	1	0.006	-3.532144e-02	3.184198e-01	9.117019e-01	9.115642e-01	9.115925e-01
0	nP1124	50	0	800	2	1	0.007	3.124541e-01	3.035946e-01	3.037060e-01	3.029494e-01	3.034217e-01
0	nP1134	50	0	800	2	1	0.004	-4.122045e-01	3.795864e-01	2.778376e-01	2.770858e-01	2.775912e-01
0	nP1173	50	0	800	2	1	0.038	6.376423e-03	1.309952e-01	9.611891e-01	9.611284e-01	9.611406e-01
0	nP1187	50	0	800	2	1	0.005	-1.707456e-01	3.555057e-01	6.311533e-01	6.306188e-01	6.307753e-01
0	nP1200	50	0	800	2	1	0.014	1.203725e-01	2.068323e-01	5.607438e-01	5.601302e-01	5.603364e-01
0	nP1203	50	0	800	2	1	0.004	-1.814079e-01	3.798125e-01	6.330481e-01	6.325159e-01	6.326711e-01
0	nP1214	50	0	800	2	1	0.018	-2.239936e-01	1.891078e-01	2.365773e-01	2.358440e-01	2.364025e-01
0	nP1252	50	0	800	2	1	0.007	-6.847122e-01	3.028276e-01	2.402385e-02	2.380379e-02	2.429800e-02
0	nP1347	50	0	800	2	1	0.007	2.500195e-01	3.036671e-01	4.105639e-01	4.098314e-01	4.101770e-01
0	nP243	57	0	800	2	1	0.031	-1.365288e-01	1.474571e-01	3.547841e-01	3.540310e-01	3.544404e-01
0	nP746	57	0	800	2	1	0.015	-9.388596e-02	2.073599e-01	6.508387e-01	6.503283e-01	6.504725e-01
0	nP884	57	0	800	2	1	0.031	2.638863e-01	1.472403e-01	7.347717e-02	7.302760e-02	7.369478e-02
0	nP922	57	0	800	2	1	0.028	-5.416123e-02	1.535336e-01	7.243580e-01	7.239440e-01	7.240476e-01
0	nP1092	57	0	800	2	1	0.004	-7.920970e-02	3.798565e-01	8.348720e-01	8.346171e-01	8.346726e-01
0	cP10	60	0	800	2	1	0.221	1.557285e-01	6.073253e-02	1.052425e-02	1.040364e-02	1.074583e-02
0	nP79	60	0	800	2	1	0.012	4.084736e-01	2.202650e-01	6.404147e-02	6.362607e-02	6.428022e-02
0	nP173	60	0	800	2	1	0.033	1.290760e-01	1.421656e-01	3.641908e-01	3.634401e-01	3.638383e-01
0	nP179	60	0	800	2	1	0.008	-2.373508e-02	2.798053e-01	9.324201e-01	9.323145e-01	9.323360e-01
0	nP185	60	0	800	2	1	0.059	5.688716e-02	1.044629e-01	5.862029e-01	5.856165e-01	5.858036e-01
0	nP277	60	0	800	2	1	0.009	1.400354e-01	2.446701e-01	5.672503e-01	5.666435e-01	5.668447e-01
0	nP348	60	0	800	2	1	0.013	1.916029e-01	2.211742e-01	3.865867e-01	3.858434e-01	3.862157e-01
0	nP588	60	0	800	2	1	0.015	3.602517e-01	2.069940e-01	8.217491e-02	8.169659e-02	8.237144e-02
0	nP661	60	0	800	2	1	0.112	-4.753012e-02	8.036793e-02	5.544156e-01	5.537955e-01	5.540066e-01
0	nP794	60	0	800	2	1	0.007	-6.398036e-01	2.901645e-01	2.774084e-02	2.749774e-02	2.801918e-02
0	nP895	60	0	800	2	1	0.009	1.141044e-01	2.607861e-01	6.618379e-01	6.613414e-01	6.614789e-01
0	nP971	60	0	800	2	1	0.007	5.817801e-01	2.903175e-01	4.541359e-02	4.507687e-02	4.568484e-02
0	nP1022	60	0	800	2	1	0.012	4.219739e-01	2.318543e-01	6.913409e-02	6.869984e-02	6.936170e-02
0	nP122	62	0	800	2	1	0.006	1.007568e-01	3.354153e-01	7.639548e-01	7.635961e-01	7.636809e-01
0	nP599	62	0	800	2	1	0.008	-3.444927e-01	2.795407e-01	2.181804e-01	2.174604e-01	2.180420e-01
0	cP15	67	0	800	1	2	0.011	-7.254394e-01	2.371626e-01	2.296324e-03	2.260098e-03	2.404390e-03
0	cP19	67	0	800	2	1	0.012	-2.591172e-01	2.321539e-01	2.646963e-01	2.639489e-01	2.644712e-01
0	cP23	67	0	800	2	1	0.006	1.568949e-01	3.183738e-01	6.222889e-01	6.217438e-01	6.219061e-01
0	cP41	67	0	800	1	2	0.136	-6.395731e-01	6.845547e-02	9.142492e-20	8.019538e-20	4.309501e-18
0	cP64	67	0	800	1	2	0.036	-9.105608e-01	1.325646e-01	1.303086e-11	1.211070e-11	4.402034e-11
0	nP62	67	0	800	2	1	0.022	-2.430692e-01	1.704379e-01	1.542176e-01	1.535735e-01	1.542263e-01
0	nP93	67	0	800	2	1	0.006	-2.982514e-01	3.352681e-01	3.739538e-01	3.732060e-01	3.735927e-01
0	nP97	67	0	800	2	1	0.004	4.770443e-01	3.794913e-01	2.090988e-01	2.083865e-01	2.089794e-01
0	nP150	67	0	800	2	1	0.011	6.152605e-02	2.385389e-01	7.965284e-01	7.962167e-01	7.962875e-01
0	nP165	67	0	800	2	1	0.004	-3.200683e-01	4.098880e-01	4.351120e-01	4.343931e-01	4.347127e-01
0	nP237	67	0	800	2	1	0.009	-1.400877e-01	2.697543e-01	6.036843e-01	6.031176e-01	6.032924e-01
0	nP249	67	0	800	2	1	0.006	-2.045419e-01	3.353561e-01	5.420855e-01	5.414531e-01	5.416741e-01
0	nP320	67	0	800	2	1	0.029	1.572923e-01	1.484753e-01	2.897457e-01	2.889911e-01	2.894812e-01
0	nP333	67	0	800	2	1	0.028	-7.587216e-02	1.515515e-01	6.167652e-01	6.162136e-01	6.163795e-01
0	nP382	67	0	800	2	1	0.004	3.847246e-01	3.796226e-01	3.111573e-01	3.104002e-01	3.108631e-01
0	nP409	67	0	800	2	1	0.007	3.604200e-01	2.907673e-01	2.155070e-01	2.147891e-01	2.153741e-01
0	nP439	67	0	800	2	1	0.006	3.009043e-01	3.352651e-01	3.697167e-01	3.689676e-01	3.693593e-01
0	nP448	67	0	800	2	1	0.004	3.068338e-03	4.100446e-01	9.940314e-01	9.940221e-01	9.940239e-01
0	nP509	67	0	800	2	1	0.006	2.378440e-01	3.183109e-01	4.551589e-01	4.544531e-01	4.547524e-01
0	nP683	67	0	800	2	1	0.004	-2.854177e-01	4.099201e-01	4.864585e-01	4.857762e-01	4.860453e-01
0	nP701	67	0	800	2	1	0.010	1.812934e-01	2.526148e-01	4.731725e-01	4.724798e-01	4.727615e-01
0	nP707	67	0	800	2	1	0.012	-8.323440e-02	2.323163e-01	7.202282e-01	7.198085e-01	7.199142e-01
0	nP715	67	0	800	2	1	0.011	1.351779e-01	2.385009e-01	5.710220e-01	5.704192e-01	5.706175e-01
0	nP766	67	0	800	2	1	0.004	7.150280e-01	4.092626e-01	8.100242e-02	8.052783e-02	8.120186e-02
0	nP775	67	0	800	2	1	0.014	-3.846338e-01	2.159006e-01	7.520583e-02	7.475035e-02	7.541935e-02
0	nP782	67	0	800	2	1	0.004	-3.772030e-01	4.098271e-01	3.576443e-01	3.568919e-01	3.572978e-01
0	nP786	67	0	800	2	1	0.012	-1.861091e-01	2.322416e-01	4.231619e-01	4.224361e-01	4.227682e-01
0	nP833	67	0	800	2	1	0.025	5.447281e-01	1.611736e-01	7.607208e-04	7.463095e-04	8.163562e-04
0	nP904	67	0	800	2	1	0.068	1.174637e-01	9.796119e-02	2.308511e-01	2.301216e-01	2.306874e-01
0	nP976	67	0	800	2	1	0.046	-1.447545e-01	1.209341e-01	2.316737e-01	2.309436e-01	2.315083e-01
0	nP984	67	0	800	2	1	0.018	7.398202e-02	1.924815e-01	7.008148e-01	7.003689e-01	7.004846e-01
0	nP1060	67	0	800	2	1	0.009	4.052603e-01	2.694181e-01	1.329241e-01	1.323180e-01	1.329876e-01
0	nP1064	67	0	800	2	1	0.013	-9.609070e-02	2.212520e-01	6.641849e-01	6.636913e-01	6.638275e-01
0	nP1106	67	0	800	2	1	0.037	1.192591e-01	1.318912e-01	3.661499e-01	3.653998e-01	3.657956e-01
0	nP1183	67	0	800	2	1	0.016	5.651968e-02	2.033176e-01	7.810943e-01	7.807602e-01	7.808375e-01
0	nP1191	67	0	800	2	1	0.022	-4.107579e-02	1.706488e-01	8.098467e-01	8.095546e-01	8.096199e-01
0	nP1195	67	0	800	2	1	0.089	-2.775109e-02	8.597499e-02	7.469457e-01	7.465630e-01	7.466556e-01
0	nP1222	67	0	800	2	1	0.004	5.829121e-01	4.095251e-01	1.550152e-01	1.543698e-01	1.550219e-01
0	nP1270	67	0	800	2	1	0.110	1.653635e-03	8.029973e-02	9.835752e-01	9.835495e-01	9.835547e-01
0	nP1306	67	0	800	2	1	0.024	1.125034e-02	1.663207e-01	9.460872e-01	9.460029e-01	9.460200e-01
0	nP1320	67	0	800	2	1	0.006	-8.227866e-02	3.354217e-01	8.062878e-01	8.059905e-01	8.060573e-01
0	nP1352	67	0	800	2	1	0.028	1.061696e-02	1.500525e-01	9.436105e-01	9.435223e-01	9.435401e-01
0	nP759	71	0	800	2	1	0.006	4.226061e-01	3.180706e-01	1.843417e-01	1.836554e-01	1.842774e-01
0	nP825	71	0	800	2	1	0.004	-4.467675e-01	4.097395e-01	2.758795e-01	2.751282e-01	2.756361e-01
0	cP75	75	0	800	2	1	0.004	2.966896e-01	4.099101e-01	4.694056e-01	4.687100e-01	4.689953e-01
0	cP84	75	0	800	1	2	0.029	2.178617e-01	1.517723e-01	1.515504e-01	1.509106e-01	1.515659e-01
0	nP9	75	0	800	2	1	0.012	2.893015e-01	2.321092e-01	2.129824e-01	2.122667e-01	2.128548e-01
0	nP33	75	0	800	2	1	0.036	2.701775e-02	1.316180e-01	8.374104e-01	8.371594e-01	8.372139e-01
0	nP67	75	0	800	2	1	0.006	-6.420841e-01	3.176100e-01	4.354979e-02	4.322193e-02	4.382325e-02
0	nP123	75	0	800	2	1	0.009	-3.341150e-01	2.695405e-01	2.154979e-01	2.147801e-01	2.153651e-01
0	nP195	75	0	800	2	1	0.006	3.054495e-02	3.354326e-01	9.274667e-01	9.273534e-01	9.273765e-01
0	nP205	75	0	800	2	1	0.009	-2.113831e-01	2.607100e-01	4.177235e-01	4.169947e-01	4.173326e-01
0	nP212	75	0	800	2	1	0.012	-1.233109e-01	2.322940e-01	5.956774e-01	5.951016e-01	5.952820e-01
0	nP311	75	0	800	2	1	0.011	7.065152e-02	2.385357e-01	7.671633e-01	7.668092e-01	7.668926e-01
0	nP459	75	0	800	2	1	0.006	1.245644e-01	3.183917e-01	6.957316e-01	6.952789e-01	6.953974e-01
0	nP528	75	0	800	2	1	0.009	-8.051471e-02	2.697848e-01	7.654446e-01	7.650881e-01	7.651723e-01
0	nP643	75	0	800	2	1	0.004	-4.785364e-01	4.096945e-01	2.431426e-01	2.424054e-01	2.429555e-01
0	nP964	75	0	800	2	1	0.007	7.421962e-01	2.898588e-01	1.063379e-02	1.051223e-02	1.085619e-02
0	nP1078	75	0	800	2	1	0.004	-3.754510e-01	4.098291e-01	3.598829e-01	3.591311e-01	3.595343e-01
0	nP1125	75	0	800	2	1	0.024	-4.420831e-02	1.642754e-01	7.879139e-01	7.875897e-01	7.876641e-01
0	nP1135	75	0	800	2	1	0.006	8.038524e-02	3.354222e-01	8.106601e-01	8.103692e-01	8.104342e-01
0	nP1157	75	0	800	2	1	0.024	7.561683e-02	1.642611e-01	6.453937e-01	6.448766e-01	6.450241e-01
0	nP1169	75	0	800	2	1	0.014	-2.342441e-01	2.115481e-01	2.685044e-01	2.677555e-01	2.682729e-01
0	nP1179	75	0	800	2	1	0.011	-3.509730e-01	2.314401e-01	1.297955e-01	1.291957e-01	1.298672e-01
0	nP1257	75	0	800	2	1	0.016	3.620970e-02	1.920160e-01	8.504727e-01	8.502413e-01	8.502909e-01
0	nP1283	75	0	800	2	1	0.004	8.536586e-01	3.786629e-01	2.444128e-02	2.421856e-02	2.471605e-02
0	cP57	80	0	800	2	1	0.004	8.727701e-01	3.786083e-01	2.141076e-02	2.120782e-02	2.168006e-02
0	nP146	80	0	800	2	1	0.006	-3.653884e-01	3.181594e-01	2.511293e-01	2.503878e-01	2.509277e-01
0	nP174	80	0	800	2	1	0.054	3.107765e-02	1.121920e-01	7.818486e-01	7.815156e-01	7.815925e-01
0	nP180	80	0	800	2	1	0.004	3.938453e-01	4.098075e-01	3.368183e-01	3.360622e-01	3.364932e-01
0	nP186	80	0	800	2	1	0.007	-5.401107e-02	3.037900e-01	8.589324e-01	8.587138e-01	8.587604e-01
0	nP545	80	0	800	2	1	0.033	1.697974e-01	1.393195e-01	2.232947e-01	2.225706e-01	2.231459e-01
0	nP589	80	0	800	2	1	0.011	1.671929e-01	2.384754e-01	4.834508e-01	4.827661e-01	4.830381e-01
0	nP607	80	0	800	2	1	0.018	-3.070159e-01	1.921923e-01	1.105633e-01	1.100062e-01	1.106860e-01
0	nP795	80	0	800	2	1	0.012	3.662127e-02	2.323314e-01	8.747921e-01	8.745976e-01	8.746385e-01
0	nP972	80	0	800	2	1	0.006	4.100369e-01	3.351201e-01	2.214824e-01	2.207597e-01	2.213373e-01
0	nP1023	80	0	800	2	1	0.018	1.018797e-01	1.924656e-01	5.967171e-01	5.961424e-01	5.963221e-01
0	nP1070	80	0	800	2	1	0.011	-1.619988e-01	2.452409e-01	5.090787e-01	5.084155e-01	5.086643e-01
0	cP42	83	0	800	2	1	0.005	3.699477e-01	3.553159e-01	2.981074e-01	2.973514e-01	2.978309e-01
0	nP334	83	0	800	2	1	0.006	-7.634956e-01	3.343437e-01	2.265910e-02	2.244787e-02	2.293093e-02
0	nP405	83	0	800	2	1	0.030	-3.322105e-02	1.489614e-01	8.235788e-01	8.233070e-01	8.233669e-01
0	nP510	83	0	800	2	1	0.020	-2.902399e-01	1.802424e-01	1.077332e-01	1.071830e-01	1.078634e-01
0	nP536	83	0	800	2	1	0.009	-5.590919e-02	2.697926e-01	8.358829e-01	8.356295e-01	8.356846e-01
0	nP616	83	0	800	2	1	0.027	3.362938e-01	1.564158e-01	3.185517e-02	3.158813e-02	3.213525e-02
0	nP767	83	0	800	2	1	0.008	2.682995e-01	2.796453e-01	3.376339e-01	3.368779e-01	3.373079e-01
0	nP776	83	0	800	2	1	0.029	-7.297460e-02	1.485572e-01	6.234043e-01	6.228606e-01	6.230221e-01
0	nP1036	83	0	800	2	1	0.081	6.363152e-02	9.174784e-02	4.881676e-01	4.874866e-01	4.877543e-01
0	nP1047	83	0	800	2	1	0.073	2.645101e-02	9.544968e-02	7.817597e-01	7.814266e-01	7.815036e-01
0	nP245	86	0	800	2	1	0.013	2.950193e-01	2.263565e-01	1.928349e-01	1.921389e-01	1.927511e-01
0	nP855	86	0	800	2	1	0.007	2.844577e-02	3.037944e-01	9.254226e-01	9.253062e-01	9.253299e-01
0	nP886	86	0	800	2	1	0.018	-1.973004e-01	1.891450e-01	2.972100e-01	2.964541e-01	2.969347e-01
0	nP924	86	0	800	2	1	0.005	3.958245e-01	3.552809e-01	2.655645e-01	2.648167e-01	2.653379e-01
0	nP1094	86	0	800	2	1	0.034	-2.152452e-01	1.380806e-01	1.194314e-01	1.188537e-01	1.195306e-01
0	cP76	88	0	800	2	1	0.007	8.622050e-01	3.022589e-01	4.449301e-03	4.387492e-03	4.602371e-03
0	nP1332	89	0	800	2	1	0.016	-4.077236e-01	2.028146e-01	4.473265e-02	4.439914e-02	4.500473e-02
0	nP351	90	0	800	2	1	0.006	1.212535e-01	3.183933e-01	7.034312e-01	7.029888e-01	7.031031e-01
0	cP6	100	0	800	2	1	0.008	3.354930e-01	2.795544e-01	2.304570e-01	2.297277e-01	2.302940e-01
0	cP20	100	0	800	2	1	0.105	7.054409e-01	7.758555e-02	7.545468e-19	6.661943e-19	2.470064e-17
0	cP24	100	0	800	1	2	0.025	-5.069921e-01	1.571917e-01	1.309601e-03	1.286835e-03	1.387550e-03
0	cP27	100	0	800	1	2	0.448	-4.880130e-01	4.635227e-02	2.319295e-24	1.968967e-24	8.692127e-22
0	cP31	100	0	800	2	1	0.004	1.022897e-01	3.798495e-01	7.877761e-01	7.874517e-01	7.875261e-01
0	cP33	100	0	800	1	2	0.009	-5.159849e-01	2.691808e-01	5.561115e-02	5.522931e-02	5.586656e-02
0	cP36	100	0	800	2	1	0.004	7.225573e-01	4.092460e-01	7.784844e-02	7.738411e-02	7.805561e-02
0	cP43	100	0	800	2	1	0.022	-8.454377e-02	1.706288e-01	6.203951e-01	6.198478e-01	6.200113e-01
0	cP47	100	0	800	2	1	0.331	8.182354e-01	4.434669e-02	1.392710e-63	8.942544e-64	2.150413e-47
0	cP58	100	0	800	2	1	0.129	6.562184e-01	7.023566e-02	9.127909e-20	8.006707e-20	4.303841e-18
0	cP65	100	0	800	2	1	0.009	1.797953e-01	2.697247e-01	5.052280e-01	5.045614e-01	5.048136e-01
0	cP77	100	0	800	2	1	0.014	1.092616e+00	2.128438e-01	3.577082e-07	3.429790e-07	5.285958e-07
0	cP80	100	0	800	2	1	0.020	7.949425e-02	1.805130e-01	6.597815e-01	6.592823e-01	6.594211e-01
0	cP85	100	0	800	2	1	0.008	1.304434e+00	2.759700e-01	2.696704e-06	2.601494e-06	3.571046e-06
0	nP5	100	0	800	2	1	0.044	1.520388e-01	1.213362e-01	2.105590e-01	2.098454e-01	2.104365e-01
0	nP10	100	0	800	2	1	0.099	-4.805783e-02	8.313890e-02	5.633984e-01	5.627876e-01	5.629917e-01
0	nP34	100	0	800	2	1	0.004	1.963323e-01	4.099857e-01	6.321580e-01	6.316247e-01	6.317806e-01
0	nP41	100	0	800	2	1	0.011	-1.588326e-01	2.452435e-01	5.173959e-01	5.167401e-01	5.169817e-01
0	nP81	100	0	800	2	1	0.004	-9.913347e-01	3.782424e-01	8.936720e-03	8.830194e-03	9.145174e-03
0	nP98	100	0	800	2	1	0.004	-2.921830e-02	3.346813e-01	9.304535e-01	9.303448e-01	9.303669e-01
0	nP103	100	0	800	2	1	0.029	1.936971e-01	1.518133e-01	2.023657e-01	2.016598e-01	2.022608e-01
0	nP110	100	0	800	2	1	0.013	2.668127e-01	2.210765e-01	2.278362e-01	2.271088e-01	2.276783e-01
0	nP116	100	0	800	2	1	0.010	-2.114251e-02	2.526952e-01	9.333414e-01	9.332372e-01	9.332584e-01
0	nP151	100	0	800	2	1	0.015	-1.704903e-01	2.072987e-01	4.110733e-01	4.103411e-01	4.106861e-01
0	nP155	100	0	800	2	1	0.024	1.524599e-01	1.662336e-01	3.593450e-01	3.585931e-01	3.589969e-01
0	nP158	100	0	800	2	1	0.005	8.030305e-01	3.544189e-01	2.373283e-02	2.351464e-02	2.400652e-02
0	nP169	100	0	800	2	1	0.022	1.170012e-02	1.658973e-01	9.437925e-01	9.437046e-01	9.437224e-01
0	nP181	100	0	800	2	1	0.009	-1.490149e-01	2.446635e-01	5.426575e-01	5.420257e-01	5.422461e-01
0	nP191	100	0	800	2	1	0.006	4.703033e-01	3.179867e-01	1.395342e-01	1.389155e-01	1.395805e-01
0	nP206	100	0	800	2	1	0.006	2.120034e-01	3.183338e-01	5.056175e-01	5.049512e-01	5.052031e-01
0	nP208	100	0	800	2	1	0.017	-2.157284e-01	1.886471e-01	2.531511e-01	2.524086e-01	2.529458e-01
0	nP213	100	0	800	2	1	0.008	2.552369e-02	2.798051e-01	9.273411e-01	9.272276e-01	9.272507e-01
0	nP220	100	0	800	2	1	0.006	4.276342e-01	3.350925e-01	2.022676e-01	2.015618e-01	2.021629e-01
0	nP222	100	0	800	2	1	0.007	4.887764e-02	2.910419e-01	8.666729e-01	8.664660e-01	8.665098e-01
0	nP230	100	0	800	2	1	0.007	-4.444278e-01	2.906215e-01	1.266032e-01	1.260100e-01	1.266833e-01
0	nP234	100	0	800	2	1	0.012	-1.390993e-01	2.206842e-01	5.286727e-01	5.280273e-01	5.282593e-01
0	nP238	100	0	800	2	1	0.067	-7.286014e-02	1.006922e-01	4.695278e-01	4.688323e-01	4.691175e-01
0	nP246	100	0	800	2	1	0.038	-2.033024e-02	1.332980e-01	8.788175e-01	8.786292e-01	8.786687e-01
0	nP250	100	0	800	2	1	0.014	-2.697173e-03	2.117105e-01	9.898385e-01	9.898226e-01	9.898258e-01
0	nP258	100	0	800	2	1	0.021	-2.431228e-01	1.673931e-01	1.467816e-01	1.461499e-01	1.468092e-01
0	nP279	100	0	800	2	1	0.009	5.216975e-01	2.601627e-01	4.527103e-02	4.493498e-02	4.554245e-02
0	nP281	100	0	800	2	1	0.005	5.153192e-02	3.555524e-01	8.847990e-01	8.846198e-01	8.846572e-01
0	nP288	100	0	800	2	1	0.017	-1.984650e-01	1.957789e-01	3.110235e-01	3.102664e-01	3.107295e-01
0	nP317	100	0	800	2	1	0.056	1.059950e-01	1.110496e-01	3.401281e-01	3.393724e-01	3.397994e-01
0	nP321	100	0	800	2	1	0.005	-2.470627e-01	3.554495e-01	4.872130e-01	4.865313e-01	4.867998e-01
0	nP324	100	0	800	2	1	0.006	-1.067901e-01	2.903477e-01	7.131194e-01	7.126901e-01	7.127994e-01
0	nP326	100	0	800	2	1	0.011	2.408000e-01	2.451598e-01	3.262908e-01	3.255338e-01	3.259778e-01
0	nP341	100	0	800	2	1	0.009	5.755478e-02	2.608094e-01	8.254000e-01	8.251309e-01	8.251901e-01
0	nP352	100	0	800	2	1	0.004	-2.613326e-01	4.099402e-01	5.239889e-01	5.233392e-01	5.235752e-01
0	nP362	100	0	800	2	1	0.022	-9.186850e-02	1.706240e-01	5.904328e-01	5.898511e-01	5.900352e-01
0	nP368	100	0	800	2	1	0.009	-1.066853e-02	2.697996e-01	9.684678e-01	9.684185e-01	9.684284e-01
0	nP370	100	0	800	2	1	0.006	1.056101e-02	3.184220e-01	9.735499e-01	9.735085e-01	9.735168e-01
0	nP377	100	0	800	2	1	0.006	-2.142724e-01	3.183319e-01	5.010721e-01	5.004020e-01	5.006578e-01
0	nP391	100	0	800	2	1	0.006	2.905927e-01	3.182561e-01	3.614771e-01	3.607257e-01	3.611270e-01
0	nP393	100	0	800	2	1	0.011	-1.626849e-01	2.384793e-01	4.953256e-01	4.946506e-01	4.949117e-01
0	nP399	100	0	800	2	1	0.029	-1.390593e-01	1.470706e-01	3.446758e-01	3.439208e-01	3.443422e-01
0	nP406	100	0	800	2	1	0.004	2.296135e-03	4.100446e-01	9.955335e-01	9.955265e-01	9.955279e-01
0	nP410	100	0	800	2	1	0.045	1.665926e-01	1.216314e-01	1.711811e-01	1.705117e-01	1.711480e-01
0	nP420	100	0	800	2	1	0.016	1.487519e-01	1.994383e-01	4.559750e-01	4.552698e-01	4.555682e-01
0	nP426	100	0	800	2	1	0.018	-1.150377e-01	1.924563e-01	5.501869e-01	5.495626e-01	5.497770e-01
0	nP431	100	0	800	2	1	0.004	2.063431e-01	4.099795e-01	6.148916e-01	6.143378e-01	6.145049e-01
0	nP433	100	0	800	2	1	0.005	-1.470519e-01	3.555190e-01	6.792591e-01	6.787849e-01	6.789124e-01
0	nP436	100	0	800	2	1	0.015	-2.049785e-01	2.072595e-01	3.229657e-01	3.222085e-01	3.226567e-01
0	nP445	100	0	800	2	1	0.008	1.533376e-01	2.797539e-01	5.837656e-01	5.831766e-01	5.833655e-01
0	nP455	100	0	800	2	1	0.012	-1.685912e-01	2.322583e-01	4.681265e-01	4.674300e-01	4.677166e-01
0	nP481	100	0	800	2	1	0.009	2.183254e-01	2.696891e-01	4.184433e-01	4.177149e-01	4.180520e-01
0	nP484	100	0	800	2	1	0.019	-1.269224e-02	1.862129e-01	9.456755e-01	9.455905e-01	9.456077e-01
0	nP486	100	0	800	2	1	0.084	9.387518e-02	8.717721e-02	2.818809e-01	2.811280e-01	2.816282e-01
0	nP490	100	0	800	2	1	0.014	-1.418131e-01	2.027635e-01	4.845050e-01	4.838211e-01	4.840921e-01
0	nP495	100	0	800	2	1	0.004	3.577532e-01	4.098490e-01	3.829854e-01	3.822408e-01	3.826171e-01
0	nP502	100	0	800	2	1	0.013	-1.681301e-01	2.265191e-01	4.581642e-01	4.574605e-01	4.577568e-01
0	nP504	100	0	800	2	1	0.018	-1.277888e-01	1.769714e-01	4.704526e-01	4.697578e-01	4.700421e-01
0	nP511	100	0	800	2	1	0.019	-1.389599e-01	1.773781e-01	4.336183e-01	4.328986e-01	4.332197e-01
0	nP515	100	0	800	2	1	0.005	7.471117e-02	3.555473e-01	8.336198e-01	8.333631e-01	8.334190e-01
0	nP529	100	0	800	2	1	0.015	-1.137224e-01	2.073474e-01	5.835275e-01	5.829382e-01	5.831273e-01
0	nP537	100	0	800	2	1	0.009	-9.187496e-02	2.607971e-01	7.247174e-01	7.243038e-01	7.244073e-01
0	nP540	100	0	800	2	1	0.067	3.768235e-02	1.017529e-01	7.112334e-01	7.108015e-01	7.109117e-01
0	nP550	100	0	800	2	1	0.022	5.631663e-02	1.729511e-01	7.447960e-01	7.444103e-01	7.445039e-01
0	nP570	100	0	800	2	1	0.009	2.614570e-01	2.606531e-01	3.161242e-01	3.153669e-01	3.158236e-01
0	nP576	100	0	800	2	1	0.007	2.843179e-01	3.036293e-01	3.493516e-01	3.485974e-01	3.490132e-01
0	nP581	100	0	800	2	1	0.040	-6.420279e-02	1.242064e-01	6.053662e-01	6.048014e-01	6.049750e-01
0	nP602	100	0	800	2	1	0.037	9.005467e-02	1.353198e-01	5.059262e-01	5.052602e-01	5.055118e-01
0	nP617	100	0	800	2	1	0.008	-2.352778e-01	2.796826e-01	4.004702e-01	3.997329e-01	4.000895e-01
0	nP635	100	0	800	2	1	0.113	-3.311422e-02	8.114004e-02	6.833009e-01	6.828319e-01	6.829572e-01
0	nP639	100	0	800	2	1	0.028	1.075635e-01	1.500046e-01	4.735419e-01	4.728494e-01	4.731308e-01
0	nP646	100	0	800	2	1	0.004	1.520549e-02	3.798664e-01	9.680804e-01	9.680304e-01	9.680405e-01
0	nP648	100	0	800	2	1	0.006	9.991914e-02	3.354156e-01	7.658597e-01	7.655038e-01	7.655877e-01
0	nP653	100	0	800	2	1	0.022	-7.848307e-02	1.706324e-01	6.456744e-01	6.451576e-01	6.453050e-01
0	nP663	100	0	800	2	1	0.016	-4.273019e-01	1.914236e-01	2.587637e-02	2.564464e-02	2.615296e-02
0	nP669	100	0	800	2	1	0.005	-4.517914e-01	3.551972e-01	2.037631e-01	2.030559e-01	2.036552e-01
0	nP671	100	0	800	2	1	0.017	5.079131e-04	1.959049e-01	9.979320e-01	9.979288e-01	9.979294e-01
0	nP679	100	0	800	2	1	0.011	-4.481698e-01	2.380207e-01	6.007708e-02	5.967708e-02	6.032398e-02
0	nP684	100	0	800	2	1	0.013	2.581115e-01	2.210895e-01	2.433763e-01	2.426390e-01	2.431888e-01
0	nP688	100	0	800	2	1	0.022	-1.614698e-01	1.679181e-01	3.365426e-01	3.357864e-01	3.362178e-01
0	nP692	100	0	800	2	1	0.007	-2.715574e-02	2.910455e-01	9.256854e-01	9.255693e-01	9.255930e-01
0	nP698	100	0	800	2	1	0.018	5.932226e-02	1.892623e-01	7.540287e-01	7.536560e-01	7.537453e-01
0	nP709	100	0	800	2	1	0.005	-6.745495e-02	3.555491e-01	8.495764e-01	8.493436e-01	8.493936e-01
0	nP719	100	0	800	2	1	0.013	2.748084e-02	2.212760e-01	9.011941e-01	9.010401e-01	9.010719e-01
0	nP729	100	0	800	2	1	0.015	-9.308338e-02	2.073603e-01	6.536280e-01	6.531211e-01	6.532636e-01
0	nP731	100	0	800	2	1	0.015	-4.393323e-01	2.068025e-01	3.394315e-02	3.366452e-02	3.422316e-02
0	nP735	100	0	800	2	1	0.004	-1.299967e-01	4.100188e-01	7.512881e-01	7.509115e-01	7.510021e-01
0	nP749	100	0	800	2	1	0.051	2.160573e-02	1.156952e-01	8.519065e-01	8.516772e-01	8.517263e-01
0	nP753	100	0	800	2	1	0.031	-1.617270e-01	1.430148e-01	2.584618e-01	2.577169e-01	2.582472e-01
0	nP761	100	0	800	2	1	0.016	9.300596e-02	1.994806e-01	6.411705e-01	6.406482e-01	6.407983e-01
0	nP777	100	0	800	2	1	0.004	4.060132e-01	4.097926e-01	3.220946e-01	3.213374e-01	3.217866e-01
0	nP779	100	0	800	2	1	0.004	-4.168130e-01	4.097790e-01	3.093831e-01	3.086260e-01	3.090912e-01
0	nP787	100	0	800	2	1	0.005	-4.202317e-01	3.552458e-01	2.371882e-01	2.364546e-01	2.370123e-01
0	nP790	100	0	800	2	1	0.006	2.450939e-01	3.353221e-01	4.650421e-01	4.643433e-01	4.646328e-01
0	nP796	100	0	800	2	1	0.004	4.780246e-01	4.096953e-01	2.436474e-01	2.429099e-01	2.434593e-01
0	nP819	100	0	800	2	1	0.004	9.543914e-02	3.798518e-01	8.016827e-01	8.013786e-01	8.014472e-01
0	nP841	100	0	800	2	1	0.009	3.492454e-01	2.605242e-01	1.804485e-01	1.797669e-01	1.803932e-01
0	nP856	100	0	800	2	1	0.004	3.489430e-01	3.796659e-01	3.583319e-01	3.575797e-01	3.579848e-01
0	nP859	100	0	800	2	1	0.022	3.486905e-01	1.725216e-01	4.359859e-02	4.327049e-02	4.387198e-02
0	nP865	100	0	800	2	1	0.024	-3.744192e-01	1.637473e-01	2.248228e-02	2.227222e-02	2.275378e-02
0	nP872	100	0	800	2	1	0.020	-1.549814e-01	1.804516e-01	3.906795e-01	3.899379e-01	3.903055e-01
0	nP877	100	0	800	2	1	0.020	2.290065e-01	1.803529e-01	2.045371e-01	2.038292e-01	2.044276e-01
0	nP879	100	0	800	2	1	0.018	-1.768235e-01	1.923976e-01	3.583457e-01	3.575935e-01	3.579985e-01
0	nP887	100	0	800	2	1	0.051	-2.295200e-01	1.147996e-01	4.591346e-02	4.557440e-02	4.618408e-02
0	nP891	100	0	800	2	1	0.025	3.748102e-02	1.582074e-01	8.127869e-01	8.124991e-01	8.125632e-01
0	nP901	100	0	800	2	1	0.062	2.123463e-01	1.025229e-01	3.866024e-02	3.835664e-02	3.893816e-02
0	nP905	100	0	800	2	1	0.091	1.578933e-01	8.477396e-02	6.289701e-02	6.248599e-02	6.313817e-02
0	nP925	100	0	800	2	1	0.006	1.689164e-01	3.183661e-01	5.958624e-01	5.952868e-01	5.954670e-01
0	nP931	100	0	800	2	1	0.015	-1.004475e-01	2.073560e-01	6.282203e-01	6.276823e-01	6.278407e-01
0	nP933	100	0	800	2	1	0.019	1.063498e-02	1.774459e-01	9.522235e-01	9.521488e-01	9.521638e-01
0	nP937	100	0	800	2	1	0.013	-1.042162e-02	2.212779e-01	9.624474e-01	9.623886e-01	9.624004e-01
0	nP943	100	0	800	2	1	0.004	-2.434373e-01	3.797690e-01	5.216976e-01	5.210458e-01	5.212837e-01
0	nP955	100	0	800	2	1	0.008	3.855011e-01	2.794736e-01	1.681631e-01	1.674979e-01	1.681373e-01
0	nP965	100	0	800	2	1	0.019	-2.258632e-01	1.860417e-01	2.250893e-01	2.243639e-01	2.249369e-01
0	nP973	100	0	800	2	1	0.004	-2.741870e-01	3.797428e-01	4.704854e-01	4.697906e-01	4.700749e-01
0	nP977	100	0	800	2	1	0.021	-8.125462e-03	1.725248e-01	9.624474e-01	9.623886e-01	9.624005e-01
0	nP992	100	0	800	2	1	0.013	-1.381687e-01	2.265445e-01	5.421039e-01	5.414715e-01	5.416924e-01
0	nP1000	100	0	800	2	1	0.009	-6.055639e-01	2.599349e-01	2.007194e-02	1.987809e-02	2.033803e-02
0	nP1007	100	0	800	2	1	0.028	-6.112493e-02	1.551628e-01	6.937300e-01	6.932747e-01	6.933943e-01
0	nP1010	100	0	800	2	1	0.046	-4.047159e-02	1.210342e-01	7.381796e-01	7.377846e-01	7.378814e-01
0	nP1013	100	0	800	2	1	0.017	4.662875e-01	1.952083e-01	1.714111e-02	1.696804e-02	1.739811e-02
0	nP1024	100	0	800	2	1	0.006	-2.752906e-01	3.352927e-01	4.118655e-01	4.111337e-01	4.114778e-01
0	nP1030	100	0	800	2	1	0.007	6.767143e-01	2.900595e-01	1.989480e-02	1.970217e-02	2.016043e-02
0	nP1037	100	0	800	2	1	0.051	-4.641116e-02	1.069008e-01	6.642957e-01	6.638022e-01	6.639384e-01
0	nP1041	100	0	800	2	1	0.009	-6.700576e-04	2.697998e-01	9.980190e-01	9.980159e-01	9.980166e-01
0	nP1054	100	0	800	2	1	0.007	1.887489e-01	2.909704e-01	5.167268e-01	5.160704e-01	5.163126e-01
0	nP1086	100	0	800	2	1	0.004	-1.477859e-01	3.798308e-01	6.973182e-01	6.968677e-01	6.969853e-01
0	nP1095	100	0	800	2	1	0.009	-3.035088e-01	2.695858e-01	2.605744e-01	2.598286e-01	2.603563e-01
0	nP1130	100	0	800	2	1	0.021	-1.150645e-01	1.778478e-01	5.178288e-01	5.171734e-01	5.174146e-01
0	nP1144	100	0	800	2	1	0.004	-1.478254e-01	4.100112e-01	7.185388e-01	7.181168e-01	7.182233e-01
0	nP1161	100	0	800	2	1	0.009	-2.341135e-01	2.696725e-01	3.855786e-01	3.848350e-01	3.852084e-01
0	nP1170	100	0	800	2	1	0.041	-6.097672e-02	1.273506e-01	6.322051e-01	6.316719e-01	6.318277e-01
0	nP1174	100	0	800	2	1	0.013	1.663367e-02	2.212774e-01	9.400974e-01	9.400038e-01	9.400227e-01
0	nP1188	100	0	800	2	1	0.014	1.791736e-01	2.116155e-01	3.974197e-01	3.966809e-01	3.970410e-01
0	nP1198	100	0	800	2	1	0.007	-4.572276e-01	2.905967e-01	1.160204e-01	1.154504e-01	1.161286e-01
0	nP1206	100	0	800	2	1	0.035	-1.813976e-02	1.386538e-01	8.959446e-01	8.957826e-01	8.958161e-01
0	nP1212	100	0	800	2	1	0.004	5.626290e-01	3.793443e-01	1.384263e-01	1.378097e-01	1.384755e-01
0	nP1228	100	0	800	2	1	0.021	1.850191e-01	1.724006e-01	2.835092e-01	2.827559e-01	2.832540e-01
0	nP1233	100	0	800	2	1	0.029	-2.663113e-01	1.501468e-01	7.649865e-02	7.603881e-02	7.670908e-02
0	nP1236	100	0	800	2	1	0.011	2.184872e-01	2.384234e-01	3.597429e-01	3.589910e-01	3.593944e-01
0	nP1238	100	0	800	2	1	0.008	-1.032912e-01	2.797827e-01	7.120888e-01	7.116580e-01	7.117678e-01
0	nP1241	100	0	800	2	1	0.051	-1.319484e-01	1.120604e-01	2.393566e-01	2.386216e-01	2.391765e-01
0	nP1243	100	0	800	2	1	0.075	-4.408526e-02	9.539322e-02	6.441051e-01	6.435864e-01	6.437347e-01
0	nP1258	100	0	800	2	1	0.025	1.538193e-01	1.581192e-01	3.309446e-01	3.301879e-01	3.306261e-01
0	nP1260	100	0	800	2	1	0.014	-2.055396e-01	2.162071e-01	3.420646e-01	3.413092e-01	3.417338e-01
0	nP1271	100	0	800	2	1	0.006	3.197267e-01	3.352433e-01	3.405165e-01	3.397608e-01	3.401873e-01
0	nP1273	100	0	800	2	1	0.007	-1.327957e-01	2.910091e-01	6.482780e-01	6.477645e-01	6.479102e-01
0	nP1278	100	0	800	2	1	0.006	1.646675e-01	3.183689e-01	6.051443e-01	6.045792e-01	6.047529e-01
0	nP1284	100	0	800	2	1	0.008	1.770107e-01	2.797364e-01	5.270607e-01	5.264138e-01	5.266472e-01
0	nP1290	100	0	800	2	1	0.016	2.058279e-01	2.031969e-01	3.113919e-01	3.106348e-01	3.110974e-01
0	nP1299	100	0	800	2	1	0.006	-3.624669e-01	3.181636e-01	2.549420e-01	2.541987e-01	2.547336e-01
0	nP1315	100	0	800	2	1	0.005	4.737514e-01	3.551614e-01	1.826157e-01	1.819315e-01	1.825554e-01
0	nP1322	100	0	800	2	1	0.012	-1.615265e-01	2.322646e-01	4.869810e-01	4.862991e-01	4.865678e-01
