chr	rs	ps	n_mis	n_obs	allele1	allele0	af	beta	se	p_wald	p_lrt	p_score
0	cP19	0	0	800	2	1	0.003	-4.800602e-01	4.485769e-01	2.848597e-01	2.841061e-01	2.846025e-01
0	cP59	0	0	800	2	1	0.002	-7.405681e-01	5.782041e-01	2.006334e-01	1.999293e-01	2.005324e-01
0	cP88	0	0	800	2	1	0.021	3.801621e-01	1.719993e-01	2.737063e-02	2.712976e-02	2.764868e-02
0	cP124	0	0	800	2	1	0.003	2.232425e-01	5.015064e-01	6.563365e-01	6.558330e-01	6.559738e-01
0	cP142	0	0	800	2	1	0.001	-1.195011e+00	7.071716e-01	9.144815e-02	9.094175e-02	9.162114e-02
0	cP163	0	0	800	2	1	0.011	-2.044402e-01	1.976530e-01	3.012910e-01	3.005346e-01	3.010100e-01
0	cP189	0	0	800	2	1	0.001	-6.217063e-01	7.080938e-01	3.802081e-01	3.794624e-01	3.798420e-01
0	nP1	0	0	800	2	1	0.003	3.731588e-01	4.487043e-01	4.058630e-01	4.051281e-01	4.054788e-01
0	nP12	0	0	800	2	1	0.009	-4.349174e-01	2.693602e-01	1.067858e-01	1.062381e-01	1.069186e-01
0	nP24	0	0	800	2	1	0.002	-4.637639e-01	4.476971e-01	3.005684e-01	2.998120e-01	3.002884e-01
0	nP34	0	0	800	2	1	0.016	-2.020451e-01	1.791274e-01	2.596841e-01	2.589387e-01	2.594675e-01
0	nP46	0	0	800	2	1	0.004	-4.543248e-01	3.544093e-01	2.002426e-01	1.995388e-01	2.001424e-01
0	nP57	0	0	800	2	1	0.005	1.418985e-01	3.555216e-01	6.899060e-01	6.894456e-01	6.895672e-01
0	nP67	0	0	800	2	1	0.001	-7.972140e-01	7.078734e-01	2.604153e-01	2.596695e-01	2.601974e-01
0	nP76	0	0	800	2	1	0.002	-1.071085e+00	5.775549e-01	6.403404e-02	6.361867e-02	6.427281e-02
0	nP103	0	0	800	2	1	0.004	3.181433e-01	3.796998e-01	4.023483e-01	4.016118e-01	4.019664e-01
0	nP119	0	0	800	2	1	0.019	-2.427398e-01	1.692215e-01	1.518357e-01	1.511955e-01	1.518505e-01
0	nP134	0	0	800	2	1	0.001	8.528055e-01	7.077922e-01	2.286064e-01	2.278784e-01	2.284470e-01
0	nP143	0	0	800	2	1	0.002	-5.527043e-01	5.784673e-01	3.396328e-01	3.388770e-01	3.393046e-01
0	nP171	0	0	800	2	1	0.001	-4.607713e-01	7.082479e-01	5.155055e-01	5.148480e-01	5.150912e-01
0	nP191	0	0	800	2	1	0.001	1.160331e+00	7.072440e-01	1.012668e-01	1.007332e-01	1.014141e-01
0	nP201	0	0	800	2	1	0.012	-2.691109e-01	2.205334e-01	2.227221e-01	2.219984e-01	2.225744e-01
0	nP209	0	0	800	2	1	0.004	2.381296e-01	3.797732e-01	5.308182e-01	5.301749e-01	5.304051e-01
0	nP219	0	0	800	2	1	0.001	5.846561e-01	7.081334e-01	4.092608e-01	4.085276e-01	4.088746e-01
0	nP231	0	0	800	2	1	0.002	7.588918e-01	5.781744e-01	1.897067e-01	1.890142e-01	1.896301e-01
0	nP247	0	0	800	2	1	0.005	4.089622e-01	3.552622e-01	2.500129e-01	2.492720e-01	2.498133e-01
0	nP257	0	0	800	2	1	0.001	-6.584777e-01	7.080522e-01	3.526602e-01	3.519067e-01	3.523186e-01
0	nP269	0	0	800	2	1	0.005	6.568481e-01	3.168471e-01	3.848564e-02	3.818294e-02	3.876368e-02
0	nP286	0	0	800	2	1	0.003	1.152475e-01	5.015521e-01	8.183203e-01	8.180407e-01	8.181027e-01
0	nP298	0	0	800	2	1	0.003	-9.169024e-02	4.488870e-01	8.382014e-01	8.379515e-01	8.380057e-01
0	nP372	0	0	800	2	1	0.013	1.956915e-01	1.980324e-01	3.233645e-01	3.226073e-01	3.230549e-01
0	nP386	0	0	800	2	1	0.003	7.171033e-01	5.009258e-01	1.526625e-01	1.520209e-01	1.526752e-01
0	nP408	0	0	800	2	1	0.020	2.992261e-01	1.564498e-01	5.615671e-02	5.577261e-02	5.641112e-02
0	nP417	0	0	800	2	1	0.002	9.460758e-01	5.778284e-01	1.019630e-01	1.014276e-01	1.021085e-01
0	nP429	0	0	800	2	1	0.009	-3.200439e-01	2.309999e-01	1.662953e-01	1.656327e-01	1.662740e-01
0	nP443	0	0	800	2	1	0.003	-6.478015e-02	5.015634e-01	8.972664e-01	8.971064e-01	8.971395e-01
0	nP459	0	0	800	2	1	0.003	2.528612e-01	4.488094e-01	5.733179e-01	5.727175e-01	5.729141e-01
0	nP495	0	0	800	2	1	0.001	4.045990e-01	7.082909e-01	5.680028e-01	5.673968e-01	5.675974e-01
0	nP504	0	0	800	2	1	0.009	-2.108954e-01	2.097997e-01	3.150944e-01	3.143372e-01	3.147951e-01
0	nP532	0	0	800	2	1	0.004	9.993727e-02	3.798503e-01	7.925441e-01	7.922267e-01	7.922991e-01
0	nP565	0	0	800	2	1	0.006	4.441827e-02	3.354306e-01	8.946842e-01	8.945202e-01	8.945542e-01
0	nP579	0	0	800	2	1	0.004	-2.532124e-01	4.099466e-01	5.369679e-01	5.363305e-01	5.365556e-01
0	nP589	0	0	800	2	1	0.025	1.499537e-01	1.360645e-01	2.707599e-01	2.700103e-01	2.705248e-01
0	nP605	0	0	800	2	1	0.003	1.088259e+00	4.472426e-01	1.518204e-02	1.502362e-02	1.543106e-02
0	nP619	0	0	800	2	1	0.006	5.588415e-01	3.024521e-01	6.501524e-02	6.459616e-02	6.525192e-02
0	nP626	0	0	800	2	1	0.001	-1.208638e+00	7.071426e-01	8.780533e-02	8.730966e-02	8.798767e-02
0	nP640	0	0	800	2	1	0.003	7.773331e-01	4.480545e-01	8.314328e-02	8.266191e-02	8.333740e-02
0	nP652	0	0	800	2	1	0.006	-7.267820e-01	3.020045e-01	1.633131e-02	1.616421e-02	1.658521e-02
0	nP673	0	0	800	2	1	0.026	-2.007776e-01	1.362419e-01	1.409609e-01	1.403396e-01	1.410035e-01
0	nP689	0	0	800	2	1	0.014	1.802374e-01	1.984602e-01	3.640578e-01	3.633071e-01	3.637054e-01
0	nP705	0	0	800	2	1	0.001	5.711649e-01	7.081472e-01	4.201589e-01	4.194314e-01	4.197667e-01
0	nP714	0	0	800	2	1	0.007	-7.930656e-02	2.370214e-01	7.380173e-01	7.376222e-01	7.377191e-01
0	nP722	0	0	800	2	1	0.018	3.461672e-01	1.686438e-01	4.043187e-02	4.011930e-02	4.070841e-02
0	nP731	0	0	800	2	1	0.002	-2.756570e-02	5.787973e-01	9.620264e-01	9.619669e-01	9.619789e-01
0	nP754	0	0	800	2	1	0.004	3.721157e-01	3.796383e-01	3.272920e-01	3.265350e-01	3.269777e-01
0	nP775	0	0	800	2	1	0.006	3.987235e-02	3.184191e-01	9.003811e-01	9.002259e-01	9.002580e-01
0	nP822	0	0	800	2	1	0.001	2.575940e-01	7.083771e-01	7.162234e-01	7.157983e-01	7.159060e-01
0	nP853	0	0	800	2	1	0.009	2.083992e-01	2.098028e-01	3.208601e-01	3.201028e-01	3.205536e-01
0	nP863	0	0	800	2	1	0.004	-1.307041e-01	3.798386e-01	7.308585e-01	7.304534e-01	7.305538e-01
0	nP875	0	0	800	2	1	0.007	-3.299133e-01	2.513045e-01	1.896267e-01	1.889343e-01	1.895502e-01
0	nP888	0	0	800	2	1	0.001	6.444446e-01	7.080683e-01	3.630210e-01	3.622700e-01	3.626695e-01
0	nP913	0	0	800	2	1	0.003	5.435477e-01	4.087339e-01	1.839534e-01	1.832676e-01	1.838900e-01
0	nP925	0	0	800	2	1	0.016	2.964154e-01	1.789628e-01	9.805503e-02	9.753009e-02	9.821082e-02
0	nP950	0	0	800	2	1	0.014	4.709138e-04	1.879670e-01	9.980017e-01	9.979986e-01	9.979992e-01
0	nP962	0	0	800	2	1	0.014	5.088532e-01	1.977440e-01	1.025311e-02	1.013485e-02	1.047261e-02
0	nP976	0	0	800	2	1	0.002	3.035218e-01	5.786984e-01	6.000831e-01	5.995123e-01	5.996895e-01
0	nP990	0	0	800	2	1	0.003	3.846788e-01	4.486921e-01	3.915179e-01	3.907766e-01	3.911433e-01
0	nP1006	0	0	800	2	1	0.001	-8.996261e-01	7.077196e-01	2.040415e-01	2.033340e-01	2.039330e-01
0	nP1022	0	0	800	2	1	0.002	-8.789721e-01	5.779612e-01	1.287023e-01	1.281048e-01	1.287770e-01
0	nP1033	0	0	800	2	1	0.010	3.907958e-01	2.251340e-01	8.297868e-02	8.249782e-02	8.317320e-02
0	nP1048	0	0	800	2	1	0.004	9.053518e-01	4.087901e-01	2.706173e-02	2.682273e-02	2.733952e-02
0	nP1057	0	0	800	2	1	0.011	2.727695e-01	2.200455e-01	2.154860e-01	2.147682e-01	2.153532e-01
0	nP1067	0	0	800	2	1	0.001	3.668201e-01	7.083167e-01	6.046885e-01	6.041229e-01	6.042970e-01
0	nP1093	0	0	800	2	1	0.001	-2.555955e-01	7.083780e-01	7.183310e-01	7.179088e-01	7.180154e-01
0	nP1104	0	0	800	2	1	0.004	-6.075550e-01	4.094801e-01	1.382773e-01	1.376610e-01	1.383269e-01
0	nP1117	0	0	800	2	1	0.003	-1.258498e-01	4.488766e-01	7.792693e-01	7.789326e-01	7.790107e-01
0	nP1134	0	0	800	2	1	0.027	4.416442e-01	1.234244e-01	3.667640e-04	3.590445e-04	4.012185e-04
0	nP1142	0	0	800	2	1	0.009	-1.136226e-01	2.446873e-01	6.425176e-01	6.419969e-01	6.421462e-01
0	nP1169	0	0	800	2	1	0.015	2.049038e-01	1.847787e-01	2.678012e-01	2.670526e-01	2.675709e-01
0	nP1181	0	0	800	2	1	0.015	2.508977e-01	1.847076e-01	1.747364e-01	1.740622e-01	1.746947e-01
0	nP1193	0	0	800	2	1	0.002	-1.896388e-01	5.787592e-01	7.432513e-01	7.428635e-01	7.429579e-01
0	nP1207	0	0	800	2	1	0.004	5.625608e-01	4.095607e-01	1.699606e-01	1.692928e-01	1.699304e-01
0	nP1223	0	0	800	2	1	0.002	-3.120672e-01	5.786927e-01	5.898562e-01	5.892738e-01	5.894584e-01
0	cP60	4	0	800	2	1	0.008	-6.964625e-01	2.590287e-01	7.321687e-03	7.230300e-03	7.513954e-03
0	cP164	4	0	800	2	1	0.003	-7.667683e-01	5.008337e-01	1.261696e-01	1.255773e-01	1.262510e-01
0	cP103	5	0	800	2	1	0.010	-3.545580e-01	2.376435e-01	1.361011e-01	1.354889e-01	1.361563e-01
0	cP190	5	0	800	2	1	0.009	-2.911759e-01	2.445031e-01	2.340516e-01	2.333200e-01	2.338817e-01
0	cP2	6	0	800	2	1	0.019	-4.330966e-01	1.557576e-01	5.553996e-03	5.480334e-03	5.724132e-03
0	cP125	6	0	800	2	1	0.003	-1.399168e-01	3.790159e-01	7.121078e-01	7.116771e-01	7.117869e-01
0	nP155	6	0	800	2	1	0.007	-2.816637e-01	2.789743e-01	3.129737e-01	3.122165e-01	3.126771e-01
0	nP270	6	0	800	2	1	0.001	-8.218451e-01	7.078381e-01	2.459632e-01	2.452244e-01	2.457709e-01
0	nP505	6	0	800	2	1	0.001	3.090379e-01	7.083513e-01	6.627532e-01	6.622578e-01	6.623948e-01
0	nP776	6	0	800	2	1	0.007	-3.319530e-01	3.035687e-01	2.745034e-01	2.737525e-01	2.742622e-01
0	nP793	6	0	800	2	1	0.005	-4.758567e-01	3.172523e-01	1.340276e-01	1.334194e-01	1.340883e-01
0	nP1118	6	0	800	2	1	0.018	-7.343292e-03	1.796597e-01	9.674071e-01	9.673561e-01	9.673663e-01
0	nP104	7	0	800	2	1	0.006	-2.015317e-04	2.686306e-01	9.994016e-01	9.994007e-01	9.994009e-01
0	nP232	7	0	800	2	1	0.005	3.419798e-01	3.553509e-01	3.361543e-01	3.353981e-01	3.358299e-01
0	nP333	7	0	800	2	1	0.004	5.417200e-01	3.341331e-01	1.053547e-01	1.048106e-01	1.054913e-01
0	nP358	7	0	800	2	1	0.001	4.814299e-02	7.084337e-01	9.458369e-01	9.457522e-01	9.457694e-01
0	nP393	7	0	800	2	1	0.001	9.968085e-01	7.075564e-01	1.592825e-01	1.586304e-01	1.592786e-01
0	nP444	7	0	800	2	1	0.001	-6.618421e-01	7.080482e-01	3.502043e-01	3.494503e-01	3.498651e-01
0	nP590	7	0	800	2	1	0.003	-9.323713e-01	4.476837e-01	3.760048e-02	3.730235e-02	3.787907e-02
0	nP674	7	0	800	2	1	0.001	-4.884912e-02	7.084336e-01	9.450438e-01	9.449578e-01	9.449752e-01
0	nP823	7	0	800	2	1	0.012	1.305069e-02	2.207386e-01	9.528691e-01	9.527954e-01	9.528102e-01
0	nP991	7	0	800	2	1	0.001	6.369388e-01	7.080768e-01	3.686399e-01	3.678905e-01	3.682834e-01
0	nP1007	7	0	800	2	1	0.003	3.663698e-01	4.487113e-01	4.144617e-01	4.137312e-01	4.140726e-01
0	nP1034	7	0	800	2	1	0.019	3.371196e-01	1.560547e-01	3.104919e-02	3.078672e-02	3.132914e-02
0	cP89	8	0	800	2	1	0.004	-5.991308e-01	4.094957e-01	1.438353e-01	1.432088e-01	1.438705e-01
0	cP165	8	0	800	2	1	0.001	5.985332e-01	5.001776e-01	2.318018e-01	2.310716e-01	2.316362e-01
0	nP460	8	0	800	2	1	0.001	-4.055524e-01	7.082903e-01	5.670908e-01	5.664839e-01	5.666852e-01
0	nP483	8	0	800	2	1	0.003	1.878777e-01	4.488494e-01	6.756385e-01	6.751596e-01	6.752892e-01
0	nP606	8	0	800	2	1	0.002	9.375154e-02	4.479857e-01	8.342881e-01	8.340324e-01	8.340881e-01
0	nP653	8	0	800	2	1	0.011	3.921930e-01	2.313572e-01	9.043064e-02	8.992720e-02	9.060626e-02
0	nP876	8	0	800	2	1	0.001	3.941619e-01	7.082983e-01	5.780310e-01	5.774357e-01	5.776288e-01
0	nP900	8	0	800	2	1	0.002	-9.838635e-01	5.777493e-01	8.897159e-02	8.847244e-02	8.915095e-02
0	nP963	8	0	800	2	1	0.001	-7.647717e-01	7.079183e-01	2.803302e-01	2.795777e-01	2.800799e-01
0	nP977	8	0	800	2	1	0.002	-5.281425e-02	5.787951e-01	9.273180e-01	9.272044e-01	9.272276e-01
0	nP1081	8	0	800	2	1	0.003	4.416331e-01	4.088878e-01	2.804311e-01	2.796786e-01	2.801806e-01
0	nP1105	8	0	800	2	1	0.004	1.951610e-01	4.099863e-01	6.341916e-01	6.336607e-01	6.338153e-01
0	nP1194	8	0	800	2	1	0.004	-1.444792e-01	3.798323e-01	7.037674e-01	7.033254e-01	7.034396e-01
0	cP38	9	0	800	2	1	0.009	-2.340387e-01	2.696726e-01	3.857306e-01	3.849870e-01	3.853602e-01
0	nP35	9	0	800	2	1	0.007	4.046304e-01	2.787847e-01	1.470593e-01	1.464271e-01	1.470862e-01
0	nP77	9	0	800	2	1	0.004	2.520935e-01	3.345639e-01	4.513724e-01	4.506641e-01	4.509671e-01
0	nP220	9	0	800	2	1	0.004	2.075474e-01	3.346022e-01	5.352500e-01	5.346109e-01	5.348375e-01
0	nP287	9	0	800	2	1	0.034	3.072614e-01	1.215612e-01	1.167563e-02	1.154523e-02	1.190535e-02
0	nP533	9	0	800	2	1	0.003	-5.167211e-01	4.087775e-01	2.065760e-01	2.058661e-01	2.064620e-01
0	nP641	9	0	800	2	1	0.011	2.829134e-03	2.260473e-01	9.900173e-01	9.900017e-01	9.900048e-01
0	nP864	9	0	800	2	1	0.010	-4.717549e-01	2.142530e-01	2.796075e-02	2.771633e-02	2.823926e-02
0	nP951	9	0	800	2	1	0.015	-7.353817e-02	1.788927e-01	6.811285e-01	6.806566e-01	6.807831e-01
0	nP1170	9	0	800	2	1	0.004	-2.612595e-01	3.797542e-01	4.916715e-01	4.909935e-01	4.912579e-01
0	nP1182	9	0	800	2	1	0.002	1.381486e+00	5.767284e-01	1.683253e-02	1.666173e-02	1.708838e-02
0	cP104	10	0	800	2	1	0.003	1.118723e-02	3.790480e-01	9.764620e-01	9.764252e-01	9.764326e-01
0	cP144	10	0	800	2	1	0.015	4.112266e-01	1.843472e-01	2.597703e-02	2.574468e-02	2.625374e-02
0	nP2	10	0	800	2	1	0.003	-2.672337e-01	5.014794e-01	5.942577e-01	5.936803e-01	5.938616e-01
0	nP47	10	0	800	2	1	0.001	-4.937043e-01	7.082201e-01	4.859397e-01	4.852570e-01	4.855266e-01
0	nP144	10	0	800	2	1	0.004	1.872967e-01	4.099909e-01	6.479166e-01	6.474025e-01	6.475485e-01
0	nP756	10	0	800	2	1	0.001	-6.275840e-01	7.080873e-01	3.757182e-01	3.749710e-01	3.753557e-01
0	nP889	10	0	800	2	1	0.002	4.715239e-01	5.785574e-01	4.153158e-01	4.145858e-01	4.149262e-01
0	nP926	10	0	800	2	1	0.003	-3.940226e-01	4.486819e-01	3.801114e-01	3.793658e-01	3.797454e-01
0	nP1023	10	0	800	2	1	0.015	1.181838e-01	1.848737e-01	5.228322e-01	5.221814e-01	5.224183e-01
0	nP1094	10	0	800	2	1	0.003	-4.424823e-01	4.486253e-01	3.242814e-01	3.235243e-01	3.239708e-01
0	nP1224	10	0	800	2	1	0.003	-7.672433e-01	4.480763e-01	8.722898e-02	8.673504e-02	8.741278e-02
0	cP62	11	0	800	2	1	0.007	-6.695516e-01	3.028700e-01	2.734026e-02	2.709957e-02	2.761829e-02
0	cP191	11	0	800	2	1	0.007	2.268019e-01	2.595490e-01	3.824732e-01	3.817284e-01	3.821053e-01
0	nP25	11	0	800	2	1	0.006	-2.226790e-01	3.183246e-01	4.844220e-01	4.837380e-01	4.840091e-01
0	nP58	11	0	800	2	1	0.001	-8.838867e-01	7.077444e-01	2.120758e-01	2.113609e-01	2.119501e-01
0	nP348	11	0	800	2	1	0.001	9.736341e-02	7.084274e-01	8.907209e-01	8.905508e-01	8.905861e-01
0	nP1235	11	0	800	2	1	0.002	-7.240900e-01	5.782303e-01	2.108449e-01	2.101311e-01	2.107219e-01
0	cP3	12	0	800	2	1	0.019	1.316571e-01	1.585439e-01	4.065530e-01	4.058185e-01	4.061685e-01
0	cP21	12	0	800	2	1	0.017	1.719949e-01	1.765377e-01	3.302190e-01	3.294622e-01	3.299014e-01
0	cP126	12	0	800	2	1	0.002	6.057727e-01	5.784008e-01	2.952675e-01	2.945119e-01	2.949950e-01
0	cP166	12	0	800	2	1	0.001	1.237599e-01	7.084222e-01	8.613613e-01	8.611464e-01	8.611921e-01
0	nP135	12	0	800	2	1	0.001	1.255925e+00	7.070393e-01	7.606189e-02	7.560352e-02	7.627336e-02
0	nP156	12	0	800	2	1	0.003	5.403389e-01	4.484910e-01	2.286403e-01	2.279123e-01	2.284809e-01
0	nP271	12	0	800	2	1	0.005	2.251785e-01	3.554677e-01	5.266077e-01	5.259604e-01	5.261941e-01
0	nP474	12	0	800	2	1	0.021	1.493799e-01	1.448781e-01	3.028190e-01	3.020625e-01	3.025359e-01
0	nP496	12	0	800	2	1	0.001	-1.805784e+00	7.055458e-01	1.066812e-02	1.054626e-02	1.089077e-02
0	nP723	12	0	800	2	1	0.020	-1.790037e-01	1.696991e-01	2.918224e-01	2.910673e-01	2.915548e-01
0	nP777	12	0	800	2	1	0.002	-3.013581e-01	5.786998e-01	6.026852e-01	6.021173e-01	6.022928e-01
0	nP794	12	0	800	2	1	0.011	1.779642e-01	2.201671e-01	4.191506e-01	4.184226e-01	4.187589e-01
0	nP839	12	0	800	2	1	0.004	-1.553641e-01	3.346377e-01	6.425770e-01	6.420563e-01	6.422056e-01
0	nP1049	12	0	800	2	1	0.001	8.494922e-01	7.077972e-01	2.304211e-01	2.296919e-01	2.302582e-01
0	nP105	13	0	800	2	1	0.002	-7.677122e-01	5.781598e-01	1.846057e-01	1.839191e-01	1.845408e-01
0	nP233	13	0	800	2	1	0.004	9.724601e-01	4.085969e-01	1.754670e-02	1.737068e-02	1.780514e-02
0	nP394	13	0	800	2	1	0.009	-3.491191e-01	2.444080e-01	1.535602e-01	1.529171e-01	1.535706e-01
0	nP445	13	0	800	2	1	0.001	8.047599e-01	7.078627e-01	2.559268e-01	2.551830e-01	2.557167e-01
0	nP591	13	0	800	2	1	0.004	3.399147e-01	3.796761e-01	3.709098e-01	3.701611e-01	3.705514e-01
0	nP675	13	0	800	2	1	0.005	-2.559131e-01	3.554416e-01	4.717443e-01	4.710505e-01	4.713336e-01
0	nP824	13	0	800	2	1	0.030	2.357868e-01	1.200669e-01	4.990056e-02	4.954332e-02	5.016555e-02
0	nP1008	13	0	800	2	1	0.010	6.423027e-01	2.368860e-01	6.843172e-03	6.756451e-03	7.029967e-03
0	nP1209	13	0	800	2	1	0.013	3.380499e-01	2.108519e-01	1.092735e-01	1.087196e-01	1.093997e-01
0	cP39	14	0	800	2	1	0.049	1.701109e-01	8.851723e-02	5.498892e-02	5.460969e-02	5.524545e-02
0	cP63	14	0	800	2	1	0.014	1.373555e-01	1.911154e-01	4.725336e-01	4.718404e-01	4.721227e-01
0	cP105	14	0	800	2	1	0.007	7.758844e-01	2.777980e-01	5.347508e-03	5.276010e-03	5.514674e-03
0	nP90	14	0	800	2	1	0.001	1.264580e+00	7.070200e-01	7.405758e-02	7.360601e-02	7.427381e-02
0	nP121	14	0	800	2	1	0.001	-1.275438e+00	7.069955e-01	7.160437e-02	7.116132e-02	7.182634e-02
0	nP202	14	0	800	2	1	0.003	-9.234296e-01	5.005023e-01	6.540706e-02	6.498650e-02	6.564289e-02
0	nP334	14	0	800	2	1	0.016	8.271938e-02	1.792463e-01	6.445768e-01	6.440586e-01	6.442066e-01
0	nP715	14	0	800	2	1	0.006	-2.849677e-01	3.352825e-01	3.956172e-01	3.948776e-01	3.952397e-01
0	nP1135	14	0	800	2	1	0.001	5.334687e-02	7.084332e-01	9.399928e-01	9.398990e-01	9.399180e-01
0	cP90	15	0	800	2	1	0.002	-1.012719e+00	5.776868e-01	7.997596e-02	7.950467e-02	8.017793e-02
0	cP145	15	0	800	2	1	0.060	-6.285559e-02	8.379960e-02	4.534335e-01	4.527265e-01	4.530274e-01
0	nP300	15	0	800	2	1	0.015	1.768562e-01	1.914775e-01	3.559530e-01	3.552003e-01	3.556082e-01
0	nP314	15	0	800	2	1	0.002	3.424883e-01	5.786711e-01	5.541166e-01	5.534963e-01	5.537076e-01
0	nP431	15	0	800	2	1	0.002	1.364598e+00	5.767788e-01	1.822464e-02	1.804374e-02	1.848536e-02
0	nP607	15	0	800	2	1	0.003	2.138920e-02	5.015681e-01	9.659955e-01	9.659422e-01	9.659529e-01
0	nP628	15	0	800	2	1	0.002	-3.616074e-01	5.786566e-01	5.322098e-01	5.315678e-01	5.317969e-01
0	nP654	15	0	800	2	1	0.002	-9.199038e-01	4.468129e-01	3.983631e-02	3.952673e-02	4.011334e-02
0	nP757	15	0	800	2	1	0.010	2.785052e-01	2.253430e-01	2.168531e-01	2.161342e-01	2.167175e-01
0	nP901	15	0	800	2	1	0.001	-3.001900e-01	7.083560e-01	6.718375e-01	6.713537e-01	6.714854e-01
0	nP938	15	0	800	2	1	0.010	-3.569251e-01	2.376390e-01	1.335021e-01	1.328950e-01	1.335642e-01
0	nP964	15	0	800	2	1	0.003	-1.440388e-01	4.091548e-01	7.249013e-01	7.244880e-01	7.245913e-01
0	nP1146	15	0	800	2	1	0.002	-8.670791e-01	5.779837e-01	1.339635e-01	1.333554e-01	1.340243e-01
0	nP1195	15	0	800	2	1	0.003	2.131365e-01	4.488353e-01	6.350126e-01	6.344827e-01	6.346368e-01
0	cP167	16	0	800	2	1	0.003	-3.018910e-01	5.014548e-01	5.473250e-01	5.466978e-01	5.469145e-01
0	cP192	16	0	800	2	1	0.011	-3.726326e-01	2.256621e-01	9.907366e-02	9.854595e-02	9.922678e-02
0	nP173	17	0	800	2	1	0.011	3.857068e-02	2.385449e-01	8.715898e-01	8.713904e-01	8.714324e-01
0	nP667	17	0	800	2	1	0.003	3.258277e-01	5.014360e-01	5.160154e-01	5.153584e-01	5.156011e-01
0	nP877	17	0	800	2	1	0.003	1.225342e-01	4.488777e-01	7.849399e-01	7.846114e-01	7.846870e-01
0	nP1069	17	0	800	2	1	0.002	1.668089e-01	5.787680e-01	7.732580e-01	7.729126e-01	7.729933e-01
0	nP1082	17	0	800	2	1	0.041	-1.642969e-01	1.061732e-01	1.221529e-01	1.215692e-01	1.222449e-01
0	cP4	18	0	800	2	1	0.014	-3.099067e-01	1.982595e-01	1.184168e-01	1.178414e-01	1.185187e-01
0	cP64	18	0	800	2	1	0.005	1.671373e-01	3.555078e-01	6.383859e-01	6.378601e-01	6.380120e-01
0	cP127	18	0	800	2	1	0.003	-5.423557e-02	4.488946e-01	9.038638e-01	9.037140e-01	9.037449e-01
0	nP14	18	0	800	2	1	0.003	-7.167932e-01	4.481810e-01	1.101412e-01	1.095851e-01	1.102651e-01
0	nP221	18	0	800	2	1	0.001	-1.148182e+00	7.072688e-01	1.048982e-01	1.043552e-01	1.050359e-01
0	nP259	18	0	800	2	1	0.003	5.803370e-01	3.784911e-01	1.256005e-01	1.250094e-01	1.256834e-01
0	nP288	18	0	800	2	1	0.004	1.234154e+00	4.077105e-01	2.549069e-03	2.509616e-03	2.663572e-03
0	nP507	18	0	800	2	1	0.004	-2.598302e-01	3.797554e-01	4.940449e-01	4.933688e-01	4.936310e-01
0	nP534	18	0	800	2	1	0.001	6.991454e-01	7.080033e-01	3.237024e-01	3.229452e-01	3.233924e-01
0	nP642	18	0	800	2	1	0.008	-3.983887e-01	2.794509e-01	1.543712e-01	1.537269e-01	1.543796e-01
0	nP812	18	0	800	2	1	0.005	-8.577788e-01	3.542581e-01	1.568550e-02	1.552325e-02	1.593673e-02
0	nP915	18	0	800	2	1	0.003	1.737442e-01	4.091403e-01	6.712015e-01	6.707168e-01	6.708489e-01
0	nP952	18	0	800	2	1	0.002	-9.087411e-01	5.779035e-01	1.162359e-01	1.156654e-01	1.163435e-01
0	nP1171	18	0	800	2	1	0.019	2.314002e-01	1.602766e-01	1.492003e-01	1.485645e-01	1.492218e-01
0	nP1183	18	0	800	2	1	0.019	-5.002124e-02	1.511859e-01	7.408377e-01	7.404465e-01	7.405420e-01
0	cP22	19	0	800	2	1	0.006	3.593404e-01	3.028313e-01	2.357376e-01	2.350048e-01	2.355644e-01
0	cP106	19	0	800	2	1	0.009	-2.898277e-01	2.310499e-01	2.100659e-01	2.093528e-01	2.099444e-01
0	nP157	19	0	800	2	1	0.003	3.562091e-02	5.015671e-01	9.434002e-01	9.433118e-01	9.433297e-01
0	nP778	19	0	800	2	1	0.003	4.228619e-02	5.015664e-01	9.328325e-01	9.327276e-01	9.327489e-01
0	nP1147	19	0	800	2	1	0.002	1.845163e-01	5.787613e-01	7.499522e-01	7.495737e-01	7.496650e-01
0	nP3	20	0	800	2	1	0.004	-6.445171e-01	3.339043e-01	5.393058e-02	5.355581e-02	5.418897e-02
0	nP48	20	0	800	2	1	0.001	-1.443809e-01	7.084173e-01	8.385557e-01	8.383063e-01	8.383604e-01
0	nP106	20	0	800	2	1	0.001	-4.731910e-01	5.003458e-01	3.445737e-01	3.438186e-01	3.442402e-01
0	nP234	20	0	800	2	1	0.003	5.560696e-01	4.484669e-01	2.153640e-01	2.146463e-01	2.152315e-01
0	nP387	20	0	800	2	1	0.006	4.084223e-01	2.782355e-01	1.425251e-01	1.419009e-01	1.425636e-01
0	nP395	20	0	800	2	1	0.005	5.802169e-01	3.170345e-01	6.760217e-02	6.717348e-02	6.783320e-02
0	nP592	20	0	800	2	1	0.004	8.423754e-01	3.786945e-01	2.639928e-02	2.616433e-02	2.667643e-02
0	nP676	20	0	800	2	1	0.002	6.971292e-01	5.782718e-01	2.283526e-01	2.276248e-01	2.281937e-01
0	nP848	20	0	800	2	1	0.001	5.014155e-01	7.082133e-01	4.791516e-01	4.784634e-01	4.787395e-01
0	nP927	20	0	800	2	1	0.001	-2.521604e-01	7.083795e-01	7.219587e-01	7.215413e-01	7.216461e-01
0	nP993	20	0	800	2	1	0.003	7.083317e-01	5.009415e-01	1.577517e-01	1.571019e-01	1.577515e-01
0	nP1009	20	0	800	2	1	0.002	-4.957758e-02	5.787955e-01	9.317610e-01	9.316544e-01	9.316761e-01
0	nP1024	20	0	800	2	1	0.003	-1.950538e-01	3.789853e-01	6.069235e-01	6.063604e-01	6.065330e-01
0	nP1210	20	0	800	2	1	0.001	8.592055e-01	7.077825e-01	2.251298e-01	2.244043e-01	2.249773e-01
0	nP1225	20	0	800	2	1	0.015	1.188377e-01	1.915336e-01	5.351363e-01	5.344971e-01	5.347237e-01
0	cP193	21	0	800	2	1	0.001	-8.996261e-01	7.077196e-01	2.040415e-01	2.033340e-01	2.039330e-01
0	nP122	21	0	800	2	1	0.006	1.225416e+00	3.326175e-01	2.449432e-04	2.395020e-04	2.710915e-04
0	nP335	21	0	800	2	1	0.002	-8.437394e-01	5.780270e-01	1.447692e-01	1.441411e-01	1.448020e-01
0	nP360	21	0	800	2	1	0.017	2.788908e-01	1.763665e-01	1.142026e-01	1.136369e-01	1.143157e-01
0	nP742	21	0	800	2	1	0.005	-4.204539e-01	3.552454e-01	2.369401e-01	2.362066e-01	2.367646e-01
0	nP1036	21	0	800	2	1	0.012	2.664933e-02	2.107203e-01	8.993935e-01	8.992368e-01	8.992692e-01
0	nP26	22	0	800	2	1	0.016	-8.360310e-02	1.762611e-01	6.354057e-01	6.348763e-01	6.350301e-01
0	nP59	22	0	800	2	1	0.001	9.977644e-01	7.075547e-01	1.588825e-01	1.582310e-01	1.588795e-01
0	nP193	22	0	800	2	1	0.001	1.162718e+00	7.072391e-01	1.005650e-01	1.000333e-01	1.007142e-01
0	nP524	22	0	800	2	1	0.001	1.752756e-01	5.005877e-01	7.263263e-01	7.259150e-01	7.260176e-01
0	nP581	22	0	800	2	1	0.002	2.145441e-01	5.787483e-01	7.109567e-01	7.105244e-01	7.106348e-01
0	nP1059	22	0	800	2	1	0.006	9.289844e-02	3.184052e-01	7.705447e-01	7.701955e-01	7.702773e-01
0	nP1236	22	0	800	2	1	0.005	-2.187289e-01	3.176048e-01	4.912231e-01	4.905447e-01	4.908095e-01
0	cP41	23	0	800	2	1	0.006	3.193793e-01	3.352437e-01	3.410416e-01	3.402860e-01	3.407119e-01
0	cP91	23	0	800	2	1	0.007	-4.214520e-01	2.906644e-01	1.474623e-01	1.468294e-01	1.474882e-01
0	nP301	23	0	800	2	1	0.002	-5.695153e-01	5.784469e-01	3.251390e-01	3.243819e-01	3.248273e-01
0	nP432	23	0	800	2	1	0.003	2.416957e-02	4.091856e-01	9.529131e-01	9.528395e-01	9.528543e-01
0	nP462	23	0	800	2	1	0.011	3.083235e-01	2.199867e-01	1.614369e-01	1.607815e-01	1.614276e-01
0	nP554	23	0	800	2	1	0.003	3.556174e-01	4.487221e-01	4.282981e-01	4.275752e-01	4.279018e-01
0	nP655	23	0	800	2	1	0.002	-2.135254e-01	5.787488e-01	7.122680e-01	7.118375e-01	7.119472e-01
0	nP902	23	0	800	2	1	0.001	-9.686030e-01	7.076055e-01	1.714326e-01	1.707628e-01	1.713988e-01
0	nP939	23	0	800	2	1	0.001	-2.078764e-01	7.083975e-01	7.692576e-01	7.689065e-01	7.689890e-01
0	nP965	23	0	800	2	1	0.003	3.079495e-01	4.487663e-01	4.927778e-01	4.921007e-01	4.923641e-01
0	nP1196	23	0	800	2	1	0.002	-3.279716e-01	5.786817e-01	5.710391e-01	5.704363e-01	5.706346e-01
0	cP5	24	0	800	2	1	0.004	-8.237439e-01	3.535736e-01	2.006708e-02	1.987326e-02	2.033316e-02
0	cP107	24	0	800	2	1	0.003	6.315566e-01	4.483416e-01	1.593281e-01	1.586759e-01	1.593240e-01
0	cP128	24	0	800	2	1	0.003	-3.905514e-01	3.787960e-01	3.028375e-01	3.020809e-01	3.025544e-01
0	cP169	24	0	800	2	1	0.002	9.659952e-01	5.777871e-01	9.493848e-02	9.442214e-02	9.510242e-02
0	nP508	24	0	800	2	1	0.003	-6.422925e-01	5.010530e-01	2.002552e-01	1.995514e-01	2.001550e-01
0	nP796	24	0	800	2	1	0.001	6.488802e-01	7.080633e-01	3.597258e-01	3.589739e-01	3.593774e-01
0	cP23	25	0	800	2	1	0.002	1.448184e+00	5.765233e-01	1.220376e-02	1.206897e-02	1.243688e-02
0	cP147	25	0	800	2	1	0.026	4.995116e-02	1.402439e-01	7.218047e-01	7.213872e-01	7.214920e-01
0	nP69	25	0	800	2	1	0.003	5.554580e-01	5.011831e-01	2.680689e-01	2.673202e-01	2.678382e-01
0	nP136	25	0	800	2	1	0.003	5.229303e-01	4.485168e-01	2.439992e-01	2.432615e-01	2.438104e-01
0	nP158	25	0	800	2	1	0.011	3.701674e-01	2.149263e-01	8.540285e-02	8.491447e-02	8.559129e-02
0	nP174	25	0	800	2	1	0.001	-8.685007e-01	7.077683e-01	2.201478e-01	2.194262e-01	2.200054e-01
0	nP410	25	0	800	2	1	0.004	1.671961e-01	3.798207e-01	6.599133e-01	6.594142e-01	6.595529e-01
0	nP485	25	0	800	2	1	0.002	9.538737e-01	5.778123e-01	9.916542e-02	9.863747e-02	9.931830e-02
0	nP707	25	0	800	2	1	0.001	1.403810e-01	7.084183e-01	8.429695e-01	8.427268e-01	8.427792e-01
0	nP724	25	0	800	2	1	0.011	-3.971367e-01	2.055172e-01	5.366662e-02	5.329298e-02	5.392547e-02
0	nP840	25	0	800	2	1	0.015	4.850284e-01	1.908089e-01	1.121133e-02	1.108483e-02	1.143789e-02
0	nP878	25	0	800	2	1	0.003	-2.023676e-01	4.488415e-01	6.522082e-01	6.516995e-01	6.518429e-01
0	nP1083	25	0	800	2	1	0.005	5.735283e-01	3.170498e-01	7.083445e-02	7.039411e-02	7.105819e-02
0	nP1107	25	0	800	2	1	0.003	-4.519019e-01	4.486136e-01	3.140816e-01	3.133243e-01	3.137836e-01
0	nP1121	25	0	800	2	1	0.007	-3.043863e-01	3.036049e-01	3.163704e-01	3.156132e-01	3.160695e-01
0	cP42	27	0	800	2	1	0.001	7.750707e-01	7.079042e-01	2.738993e-01	2.731486e-01	2.736591e-01
0	nP15	27	0	800	2	1	0.007	2.296844e-01	3.036872e-01	4.496811e-01	4.489716e-01	4.492763e-01
0	nP222	27	0	800	2	1	0.018	-4.190068e-01	1.637873e-01	1.070398e-02	1.058182e-02	1.092690e-02
0	nP235	27	0	800	2	1	0.004	5.870788e-01	3.541648e-01	9.778257e-02	9.725836e-02	9.793907e-02
0	nP260	27	0	800	2	1	0.021	8.406391e-02	1.550398e-01	5.878261e-01	5.872415e-01	5.874275e-01
0	nP289	27	0	800	2	1	0.034	-4.980240e-03	1.332924e-01	9.702047e-01	9.701581e-01	9.701674e-01
0	nP420	27	0	800	2	1	0.003	-8.514548e-01	5.006622e-01	8.939698e-02	8.889657e-02	8.957525e-02
0	nP447	27	0	800	2	1	0.009	-2.238867e-01	2.373393e-01	3.458031e-01	3.450483e-01	3.454684e-01
0	nP593	27	0	800	2	1	0.003	5.070302e-02	5.015654e-01	9.195048e-01	9.193791e-01	9.194048e-01
0	nP643	27	0	800	2	1	0.003	1.315941e-01	4.488745e-01	7.694726e-01	7.691219e-01	7.692042e-01
0	nP677	27	0	800	2	1	0.001	8.946913e-01	7.077274e-01	2.065364e-01	2.058265e-01	2.064225e-01
0	nP813	27	0	800	2	1	0.011	5.572410e-01	2.144200e-01	9.526885e-03	9.415038e-03	9.740504e-03
0	nP826	27	0	800	2	1	0.005	5.345501e-01	3.550532e-01	1.325786e-01	1.319732e-01	1.326430e-01
0	nP866	27	0	800	2	1	0.013	3.639529e-01	1.941400e-01	6.120005e-02	6.079563e-02	6.144470e-02
0	nP916	27	0	800	2	1	0.006	1.041884e-01	3.184009e-01	7.435843e-01	7.431969e-01	7.432911e-01
0	nP953	27	0	800	2	1	0.003	-7.251638e-02	4.091785e-01	8.593772e-01	8.591592e-01	8.592056e-01
0	nP994	27	0	800	2	1	0.002	6.064944e-01	5.783998e-01	2.946922e-01	2.939367e-01	2.944205e-01
0	nP1010	27	0	800	2	1	0.019	3.003732e-02	1.528127e-01	8.442195e-01	8.439787e-01	8.440307e-01
0	nP1172	27	0	800	2	1	0.006	-1.231885e+00	3.325875e-01	2.269001e-04	2.218095e-04	2.516976e-04
0	nP1184	27	0	800	2	1	0.002	-8.343424e-01	5.780441e-01	1.493034e-01	1.486673e-01	1.493245e-01
0	nP1211	27	0	800	2	1	0.001	1.911790e-01	7.084034e-01	7.873277e-01	7.870027e-01	7.870773e-01
0	cP170	28	0	800	2	1	0.001	-1.247173e-01	7.084220e-01	8.602998e-01	8.600832e-01	8.601293e-01
0	cP6	29	0	800	2	1	0.007	1.131547e-01	3.037696e-01	7.096183e-01	7.091842e-01	7.092953e-01
0	cP67	29	0	800	2	1	0.048	-6.177705e-02	1.049984e-01	5.564559e-01	5.558379e-01	5.560474e-01
0	cP108	29	0	800	2	1	0.029	2.569083e-01	1.245140e-01	3.940811e-02	3.910070e-02	3.968548e-02
0	cP129	29	0	800	2	1	0.022	-3.804427e-01	1.446081e-01	8.681373e-03	8.577182e-03	8.887477e-03
0	nP92	29	0	800	2	1	0.011	-1.916464e-01	2.014728e-01	3.417771e-01	3.410216e-01	3.414466e-01
0	nP123	29	0	800	2	1	0.005	-1.354497e-01	3.176630e-01	6.699355e-01	6.694492e-01	6.695821e-01
0	nP203	29	0	800	2	1	0.002	2.837477e-01	5.787110e-01	6.240494e-01	6.235064e-01	6.236675e-01
0	nP336	29	0	800	2	1	0.001	9.084025e-01	7.077055e-01	1.996587e-01	1.989555e-01	1.995597e-01
0	nP361	29	0	800	2	1	0.013	-3.918326e-02	1.981487e-01	8.432936e-01	8.430514e-01	8.431037e-01
0	nP509	29	0	800	2	1	0.001	8.692356e-01	7.077672e-01	2.197574e-01	2.190361e-01	2.196158e-01
0	nP716	29	0	800	2	1	0.005	6.940696e-02	3.176897e-01	8.271156e-01	8.268491e-01	8.269076e-01
0	nP743	29	0	800	2	1	0.011	3.782850e-01	2.381727e-01	1.126191e-01	1.120570e-01	1.127363e-01
0	nP797	29	0	800	2	1	0.007	2.168449e-01	2.690551e-01	4.205119e-01	4.197847e-01	4.201195e-01
0	nP1037	29	0	800	2	1	0.002	1.015927e-01	4.479835e-01	8.206547e-01	8.203786e-01	8.204396e-01
0	nP1136	29	0	800	2	1	0.005	4.707688e-01	3.172618e-01	1.382437e-01	1.376274e-01	1.382933e-01
0	cP148	30	0	800	2	1	0.033	4.029790e-01	1.299111e-01	1.990130e-03	1.957921e-03	2.089803e-03
0	nP49	30	0	800	2	1	0.004	-2.448655e-01	4.099529e-01	5.504755e-01	5.498515e-01	5.500657e-01
0	nP760	30	0	800	2	1	0.003	4.173194e-01	5.013510e-01	4.054381e-01	4.047031e-01	4.050543e-01
0	nP1025	30	0	800	2	1	0.007	-2.214527e-01	2.690504e-01	4.107027e-01	4.099703e-01	4.103157e-01
0	nP1096	30	0	800	2	1	0.001	-8.667318e-02	7.084291e-01	9.026561e-01	9.025044e-01	9.025357e-01
0	nP1226	30	0	800	2	1	0.001	-8.912350e-01	7.077329e-01	2.082968e-01	2.075853e-01	2.081792e-01
0	cP24	31	0	800	2	1	0.002	-1.397232e-02	5.787979e-01	9.807468e-01	9.807166e-01	9.807227e-01
0	cP92	31	0	800	2	1	0.062	6.910944e-02	8.616573e-02	4.227614e-01	4.220353e-01	4.223678e-01
0	nP159	31	0	800	2	1	0.002	4.525347e-01	5.785764e-01	4.343573e-01	4.336380e-01	4.339583e-01
0	nP274	31	0	800	2	1	0.004	1.172288e-01	3.547498e-01	7.411429e-01	7.407521e-01	7.408475e-01
0	nP302	31	0	800	2	1	0.003	8.719620e-01	3.777893e-01	2.125047e-02	2.104860e-02	2.151941e-02
0	nP376	31	0	800	2	1	0.013	-1.296229e-01	2.111414e-01	5.394464e-01	5.388114e-01	5.390345e-01
0	nP463	31	0	800	2	1	0.007	-2.266684e-01	2.790371e-01	4.168483e-01	4.161190e-01	4.164578e-01
0	nP569	31	0	800	2	1	0.006	1.130881e-01	3.183971e-01	7.225489e-01	7.221324e-01	7.222369e-01
0	nP609	31	0	800	2	1	0.003	-4.399671e-01	5.013268e-01	3.804220e-01	3.796765e-01	3.800558e-01
0	nP656	31	0	800	2	1	0.022	4.393925e-02	1.592665e-01	7.827078e-01	7.823761e-01	7.824527e-01
0	nP780	31	0	800	2	1	0.003	1.638394e-01	3.790039e-01	6.656477e-01	6.651560e-01	6.652913e-01
0	nP903	31	0	800	2	1	0.003	-7.366196e-01	3.781502e-01	5.177064e-02	5.140517e-02	5.203267e-02
0	nP966	31	0	800	2	1	0.001	7.026672e-01	7.079989e-01	3.212695e-01	3.205123e-01	3.209625e-01
0	nP980	31	0	800	2	1	0.001	1.211628e+00	7.071362e-01	8.702204e-02	8.652873e-02	8.720637e-02
0	nP1197	31	0	800	2	1	0.007	-1.645553e-01	3.037402e-01	5.881328e-01	5.875486e-01	5.877343e-01
0	cP43	32	0	800	2	1	0.001	2.951487e-01	7.083587e-01	6.770350e-01	6.765579e-01	6.766867e-01
0	cP68	32	0	800	2	1	0.045	-3.485050e-03	1.082026e-01	9.743138e-01	9.742736e-01	9.742816e-01
0	cP171	32	0	800	2	1	0.032	-1.692002e-01	1.196631e-01	1.577603e-01	1.571105e-01	1.577601e-01
0	nP27	33	0	800	2	1	0.009	2.009103e-01	2.607203e-01	4.411741e-01	4.404590e-01	4.407723e-01
0	nP60	33	0	800	2	1	0.011	-9.506491e-02	1.977568e-01	6.308500e-01	6.303151e-01	6.304718e-01
0	nP108	33	0	800	2	1	0.001	-2.307744e-01	7.083886e-01	7.446809e-01	7.442951e-01	7.443888e-01
0	nP175	33	0	800	2	1	0.008	3.805668e-01	2.304529e-01	9.905307e-02	9.852542e-02	9.920624e-02
0	nP194	33	0	800	2	1	0.001	1.604892e+00	7.061540e-01	2.330805e-02	2.309259e-02	2.358103e-02
0	nP212	33	0	800	2	1	0.004	1.141906e-01	4.100246e-01	7.807031e-01	7.803684e-01	7.804459e-01
0	nP250	33	0	800	2	1	0.013	1.492521e-01	2.022998e-01	4.608670e-01	4.601652e-01	4.604588e-01
0	nP525	33	0	800	2	1	0.004	-9.281323e-02	4.100314e-01	8.209822e-01	8.207066e-01	8.207675e-01
0	nP546	33	0	800	2	1	0.006	1.463805e-01	3.030541e-01	6.292156e-01	6.286788e-01	6.288365e-01
0	nP582	33	0	800	2	1	0.001	-5.502461e-01	7.081679e-01	4.373893e-01	4.366719e-01	4.369891e-01
0	nP594	33	0	800	2	1	0.003	-4.608042e-01	3.786971e-01	2.240345e-01	2.233099e-01	2.238842e-01
0	nP621	33	0	800	2	1	0.001	-9.530586e-01	7.076319e-01	1.784179e-01	1.777390e-01	1.783675e-01
0	nP668	33	0	800	2	1	0.003	9.963651e-01	4.475109e-01	2.626182e-02	2.602772e-02	2.653884e-02
0	nP678	33	0	800	2	1	0.002	-2.957162e-01	5.787035e-01	6.094939e-01	6.089338e-01	6.091046e-01
0	nP694	33	0	800	2	1	0.003	7.443656e-01	4.083372e-01	6.868974e-02	6.825709e-02	6.891834e-02
0	nP827	33	0	800	2	1	0.001	-6.225382e-01	5.001409e-01	2.135980e-01	2.128818e-01	2.134692e-01
0	nP856	33	0	800	2	1	0.002	-5.857787e-01	5.784266e-01	3.115054e-01	3.107482e-01	3.112107e-01
0	nP879	33	0	800	2	1	0.001	-9.570476e-02	7.084276e-01	8.925711e-01	8.924039e-01	8.924386e-01
0	nP995	33	0	800	2	1	0.005	-3.500693e-01	3.174574e-01	2.704776e-01	2.697280e-01	2.702429e-01
0	nP1011	33	0	800	2	1	0.006	1.419481e-01	3.353966e-01	6.722454e-01	6.717621e-01	6.718936e-01
0	nP1060	33	0	800	2	1	0.006	-1.988342e-01	3.030166e-01	5.118960e-01	5.112352e-01	5.114816e-01
0	nP1071	33	0	800	2	1	0.003	-2.646432e-01	5.014811e-01	5.978382e-01	5.972648e-01	5.974437e-01
0	nP1108	33	0	800	2	1	0.004	-7.393897e-02	3.547644e-01	8.349565e-01	8.347017e-01	8.347572e-01
0	nP1212	33	0	800	2	1	0.002	-5.593974e-01	5.784593e-01	3.338134e-01	3.330570e-01	3.334917e-01
0	nP1237	33	0	800	2	1	0.001	-3.457356e-01	7.083300e-01	6.256134e-01	6.250722e-01	6.252323e-01
0	cP7	35	0	800	2	1	0.030	9.207510e-02	1.203125e-01	4.443195e-01	4.436064e-01	4.439165e-01
0	cP130	35	0	800	2	1	0.021	-7.619471e-01	1.509997e-01	5.589643e-07	5.366727e-07	8.049698e-07
0	nP510	35	0	800	2	1	0.003	4.338559e-01	3.787370e-01	2.523317e-01	2.515896e-01	2.521279e-01
0	nP761	35	0	800	2	1	0.007	-3.446245e-01	2.688880e-01	2.003322e-01	1.996284e-01	2.002318e-01
0	nP798	35	0	800	2	1	0.001	2.560301e-01	7.083778e-01	7.178725e-01	7.174496e-01	7.175565e-01
0	nP1151	35	0	800	2	1	0.003	7.321920e-01	4.481498e-01	1.026930e-01	1.021557e-01	1.028366e-01
0	cP44	36	0	800	2	1	0.002	1.291862e+00	5.769887e-01	2.543248e-02	2.520352e-02	2.570856e-02
0	cP69	36	0	800	2	1	0.001	-5.047539e-01	7.082104e-01	4.762290e-01	4.755386e-01	4.758174e-01
0	cP172	36	0	800	2	1	0.008	-8.899079e-01	2.582853e-01	5.998993e-04	5.881243e-04	6.476423e-04
0	nP16	36	0	800	2	1	0.010	4.521337e-01	2.521889e-01	7.337757e-02	7.292833e-02	7.359540e-02
0	nP38	36	0	800	2	1	0.006	1.852419e-01	2.902982e-01	5.235857e-01	5.229356e-01	5.231719e-01
0	nP80	36	0	800	2	1	0.006	3.334081e-01	2.783608e-01	2.313679e-01	2.306381e-01	2.312032e-01
0	nP93	36	0	800	2	1	0.002	-8.579634e-01	5.780007e-01	1.381073e-01	1.374913e-01	1.381573e-01
0	nP124	36	0	800	2	1	0.013	-1.315866e-01	1.945113e-01	4.989203e-01	4.982483e-01	4.985061e-01
0	nP223	36	0	800	2	1	0.002	9.170302e-01	5.778871e-01	1.129388e-01	1.123760e-01	1.130552e-01
0	nP261	36	0	800	2	1	0.006	-6.179163e-01	3.347203e-01	6.525255e-02	6.483258e-02	6.548872e-02
0	nP290	36	0	800	2	1	0.002	-4.575368e-01	5.785715e-01	4.292932e-01	4.285709e-01	4.288965e-01
0	nP337	36	0	800	2	1	0.004	-1.972489e-01	3.798026e-01	6.036635e-01	6.030968e-01	6.032716e-01
0	nP362	36	0	800	2	1	0.004	-1.171124e-01	3.798441e-01	7.579215e-01	7.575543e-01	7.576418e-01
0	nP421	36	0	800	2	1	0.003	2.520764e-01	5.014893e-01	6.153451e-01	6.147918e-01	6.149587e-01
0	nP536	36	0	800	2	1	0.002	2.657839e-01	5.787217e-01	6.461723e-01	6.456561e-01	6.458031e-01
0	nP644	36	0	800	2	1	0.001	9.539805e-01	7.076304e-01	1.779979e-01	1.773194e-01	1.779484e-01
0	nP814	36	0	800	2	1	0.001	2.629462e-01	7.083746e-01	7.105897e-01	7.101569e-01	7.102675e-01
0	nP867	36	0	800	2	1	0.004	-2.824764e-01	3.797351e-01	4.571696e-01	4.564652e-01	4.567625e-01
0	nP954	36	0	800	2	1	0.002	1.839311e-01	5.787615e-01	7.507189e-01	7.503415e-01	7.504324e-01
0	nP1173	36	0	800	2	1	0.016	-2.504961e-01	1.790507e-01	1.621946e-01	1.615380e-01	1.621834e-01
0	nP1185	36	0	800	2	1	0.001	-1.758491e-01	7.084084e-01	8.040193e-01	8.037187e-01	8.037863e-01
0	cP25	38	0	800	2	1	0.019	-5.044569e-02	1.627448e-01	7.566661e-01	7.562971e-01	7.563853e-01
0	cP93	38	0	800	2	1	0.102	1.236560e-02	6.200937e-02	8.419889e-01	8.417448e-01	8.417976e-01
0	nP160	38	0	800	2	1	0.003	-8.367640e-01	4.479203e-01	6.211317e-02	6.170518e-02	6.235595e-02
0	nP275	38	0	800	2	1	0.009	1.156653e-01	2.697687e-01	6.682155e-01	6.677270e-01	6.678608e-01
0	nP303	38	0	800	2	1	0.006	-4.894148e-02	3.354298e-01	8.840318e-01	8.838515e-01	8.838892e-01
0	nP317	38	0	800	2	1	0.030	-8.430564e-03	1.279909e-01	9.474990e-01	9.474169e-01	9.474335e-01
0	nP434	38	0	800	2	1	0.003	4.484555e-01	5.013174e-01	3.712953e-01	3.705466e-01	3.709365e-01
0	nP464	38	0	800	2	1	0.003	-3.969645e-01	5.013718e-01	4.287377e-01	4.280151e-01	4.283413e-01
0	nP556	38	0	800	2	1	0.007	-6.473321e-01	2.782103e-01	2.022685e-02	2.003193e-02	2.049334e-02
0	nP570	38	0	800	2	1	0.001	8.355263e-01	7.078180e-01	2.381828e-01	2.374486e-01	2.380050e-01
0	nP610	38	0	800	2	1	0.008	-1.823267e-01	2.441243e-01	4.553681e-01	4.546624e-01	4.549614e-01
0	nP657	38	0	800	2	1	0.034	2.274422e-01	1.127546e-01	4.401493e-02	4.368484e-02	4.428786e-02
0	nP708	38	0	800	2	1	0.003	9.039337e-01	5.005469e-01	7.131188e-02	7.086986e-02	7.153453e-02
0	nP725	38	0	800	2	1	0.002	1.117796e+00	5.774440e-01	5.324941e-02	5.287755e-02	5.350897e-02
0	nP841	38	0	800	2	1	0.004	-1.153609e-01	3.547505e-01	7.451234e-01	7.447381e-01	7.448316e-01
0	nP904	38	0	800	2	1	0.004	7.144862e-01	4.092637e-01	8.123327e-02	8.075795e-02	8.143214e-02
0	nP967	38	0	800	2	1	0.008	7.968392e-02	2.601840e-01	7.594867e-01	7.591217e-01	7.592085e-01
0	nP1051	38	0	800	2	1	0.007	1.377780e-02	3.037956e-01	9.638379e-01	9.637813e-01	9.637927e-01
0	nP1123	38	0	800	2	1	0.002	-1.441095e+00	5.765456e-01	1.263547e-02	1.249714e-02	1.287122e-02
0	nP1198	38	0	800	2	1	0.003	4.283593e-01	5.013394e-01	3.931233e-01	3.923827e-01	3.927476e-01
0	cP70	39	0	800	2	1	0.037	1.206854e-02	1.167146e-01	9.176698e-01	9.175413e-01	9.175676e-01
0	cP150	40	0	800	2	1	0.019	5.726415e-02	1.547580e-01	7.114628e-01	7.110312e-01	7.111414e-01
0	cP173	40	0	800	2	1	0.052	-5.003054e-02	9.088119e-02	5.821272e-01	5.815364e-01	5.817265e-01
0	nP50	40	0	800	2	1	0.002	-2.582699e-01	5.787259e-01	6.555209e-01	6.550164e-01	6.551577e-01
0	nP109	40	0	800	2	1	0.001	-1.733960e-01	7.084092e-01	8.066988e-01	8.064021e-01	8.064687e-01
0	nP147	40	0	800	2	1	0.006	9.871648e-02	3.354161e-01	7.685972e-01	7.682451e-01	7.683279e-01
0	nP237	40	0	800	2	1	0.006	2.561873e-02	2.903708e-01	9.297179e-01	9.296081e-01	9.296304e-01
0	nP328	40	0	800	2	1	0.007	2.293211e-01	2.790344e-01	4.114146e-01	4.106826e-01	4.110272e-01
0	nP398	40	0	800	2	1	0.007	-1.535789e-01	3.037474e-01	6.132673e-01	6.127116e-01	6.128799e-01
0	nP449	40	0	800	2	1	0.004	8.798738e-01	3.332304e-01	8.441728e-03	8.339748e-03	8.645559e-03
0	nP595	40	0	800	2	1	0.002	-2.174037e-01	5.787470e-01	7.072803e-01	7.068431e-01	7.069554e-01
0	nP679	40	0	800	2	1	0.004	-1.803152e-01	4.099949e-01	6.602020e-01	6.597033e-01	6.598419e-01
0	nP762	40	0	800	2	1	0.001	1.246662e+00	7.070599e-01	7.825572e-02	7.779004e-02	7.846189e-02
0	nP828	40	0	800	2	1	0.009	-7.516493e-02	2.374566e-01	7.516742e-01	7.512981e-01	7.513885e-01
0	nP849	40	0	800	2	1	0.004	-2.396810e-01	3.797720e-01	5.281440e-01	5.274982e-01	5.277306e-01
0	nP1012	40	0	800	2	1	0.001	-7.765519e-01	7.079022e-01	2.729827e-01	2.722323e-01	2.727440e-01
0	nP1097	40	0	800	2	1	0.001	-5.850571e-01	7.081329e-01	4.089394e-01	4.082061e-01	4.085535e-01
0	cP8	41	0	800	2	1	0.002	2.680435e-01	5.787204e-01	6.433718e-01	6.428521e-01	6.430009e-01
0	cP45	41	0	800	2	1	0.018	2.991488e-01	1.793475e-01	9.571117e-02	9.519267e-02	9.587309e-02
0	cP131	41	0	800	2	1	0.054	-1.000703e-01	9.642653e-02	2.996831e-01	2.989269e-01	2.994043e-01
0	nP511	41	0	800	2	1	0.006	-6.599380e-01	3.021967e-01	2.926726e-02	2.901510e-02	2.954657e-02
0	nP799	41	0	800	2	1	0.007	5.244743e-01	2.904543e-01	7.134138e-02	7.089925e-02	7.156395e-02
0	cP197	42	0	800	2	1	0.003	8.824555e-02	5.015589e-01	8.603837e-01	8.601673e-01	8.602134e-01
0	nP176	42	0	800	2	1	0.003	9.408914e-01	5.004615e-01	6.046568e-02	6.006414e-02	6.071181e-02
0	nP487	42	0	800	2	1	0.003	9.981397e-01	5.003225e-01	4.638336e-02	4.604211e-02	4.665337e-02
0	nP880	42	0	800	2	1	0.003	-1.769171e-01	5.015295e-01	7.243652e-01	7.239512e-01	7.240548e-01
0	nP1072	42	0	800	2	1	0.004	4.234507e-01	4.097705e-01	3.017368e-01	3.009803e-01	3.014552e-01
0	nP1085	42	0	800	2	1	0.006	1.653840e-01	3.353832e-01	6.220637e-01	6.215183e-01	6.216807e-01
0	nP1109	42	0	800	2	1	0.001	2.075484e-01	7.083976e-01	7.696114e-01	7.692608e-01	7.693431e-01
0	nP1153	42	0	800	2	1	0.009	-7.462183e-02	2.520803e-01	7.672887e-01	7.669348e-01	7.670181e-01
0	cP71	43	0	800	2	1	0.099	6.351619e-02	6.751716e-02	3.471220e-01	3.463674e-01	3.467860e-01
0	nP94	43	0	800	2	1	0.004	-1.035335e-01	4.100282e-01	8.007170e-01	8.004115e-01	8.004805e-01
0	nP125	43	0	800	2	1	0.007	5.331827e-02	2.691580e-01	8.430229e-01	8.427802e-01	8.428327e-01
0	nP204	43	0	800	2	1	0.007	1.873697e-01	2.790737e-01	5.021607e-01	5.014915e-01	5.017464e-01
0	nP338	43	0	800	2	1	0.001	1.600697e-01	7.084131e-01	8.212941e-01	8.210189e-01	8.210797e-01
0	nP363	43	0	800	2	1	0.007	-1.309875e-01	2.691246e-01	6.265925e-01	6.260526e-01	6.262120e-01
0	nP734	43	0	800	2	1	0.001	-4.091789e-01	7.082877e-01	5.636285e-01	5.630179e-01	5.632219e-01
0	nP745	43	0	800	2	1	0.004	8.927585e-01	4.088248e-01	2.927345e-02	2.902126e-02	2.955277e-02
0	nP1039	43	0	800	2	1	0.001	4.956962e-01	7.082184e-01	4.841812e-01	4.834971e-01	4.837684e-01
0	nP1137	43	0	800	2	1	0.002	-6.285102e-01	5.783703e-01	2.775012e-01	2.767495e-01	2.772553e-01
0	cP26	44	0	800	2	1	0.004	2.971968e-01	4.099096e-01	4.686460e-01	4.679499e-01	4.682359e-01
0	cP174	44	0	800	2	1	0.003	2.555831e-01	4.090865e-01	5.323036e-01	5.316617e-01	5.318907e-01
0	nP28	44	0	800	2	1	0.002	-1.194113e+00	5.772525e-01	3.890377e-02	3.859893e-02	3.918152e-02
0	nP61	44	0	800	2	1	0.007	1.486175e-01	3.037505e-01	6.247814e-01	6.242393e-01	6.243999e-01
0	nP161	44	0	800	2	1	0.003	-5.644542e-01	4.086984e-01	1.676342e-01	1.669697e-01	1.676096e-01
0	nP195	44	0	800	2	1	0.003	4.749487e-01	5.012868e-01	3.436917e-01	3.429365e-01	3.433592e-01
0	nP276	44	0	800	2	1	0.001	-1.349449e-01	7.084196e-01	8.489758e-01	8.487421e-01	8.487923e-01
0	nP351	44	0	800	2	1	0.002	-5.166120e-01	5.785091e-01	3.721233e-01	3.713750e-01	3.717638e-01
0	nP526	44	0	800	2	1	0.005	5.291754e-01	3.550633e-01	1.365223e-01	1.359093e-01	1.365764e-01
0	nP583	44	0	800	2	1	0.002	8.210627e-01	5.780679e-01	1.558944e-01	1.552476e-01	1.558989e-01
0	nP782	44	0	800	2	1	0.002	1.761686e-01	5.787645e-01	7.609122e-01	7.605492e-01	7.606354e-01
0	nP857	44	0	800	2	1	0.009	4.128396e-02	2.447159e-01	8.660742e-01	8.658664e-01	8.659104e-01
0	nP1061	44	0	800	2	1	0.002	-9.811296e-01	5.777551e-01	8.986450e-02	8.936272e-02	9.004157e-02
0	nP1238	44	0	800	2	1	0.001	9.738411e-01	7.075965e-01	1.691253e-01	1.684587e-01	1.690971e-01
0	cP46	45	0	800	2	1	0.004	-1.223296e+00	4.077515e-01	2.782873e-03	2.740498e-03	2.902986e-03
0	cP151	45	0	800	2	1	0.054	1.204469e-01	9.413670e-02	2.010966e-01	2.003920e-01	2.009946e-01
0	nP17	45	0	800	2	1	0.001	-3.687058e-01	7.083155e-01	6.028324e-01	6.022647e-01	6.024401e-01
0	nP39	45	0	800	2	1	0.006	-1.987738e-01	2.785220e-01	4.756377e-01	4.749469e-01	4.752262e-01
0	nP81	45	0	800	2	1	0.005	-1.361006e-01	3.176626e-01	6.684436e-01	6.679554e-01	6.680892e-01
0	nP291	45	0	800	2	1	0.001	1.507293e+00	7.064235e-01	3.317200e-02	3.289760e-02	3.345210e-02
0	nP868	45	0	800	2	1	0.006	-4.482347e-01	2.681615e-01	9.501305e-02	9.449650e-02	9.517679e-02
0	nP918	45	0	800	2	1	0.003	3.223497e-01	4.090274e-01	4.308791e-01	4.301578e-01	4.304817e-01
0	nP955	45	0	800	2	1	0.002	1.227423e-01	5.787818e-01	8.321065e-01	8.318475e-01	8.319041e-01
0	nP1174	45	0	800	2	1	0.001	-1.016274e+00	7.075217e-01	1.512845e-01	1.506451e-01	1.513006e-01
0	cP72	46	0	800	2	1	0.001	1.993137e-01	7.084006e-01	7.785092e-01	7.781714e-01	7.782498e-01
0	cP94	46	0	800	2	1	0.002	1.505600e+00	5.763390e-01	9.161301e-03	9.052738e-03	9.371763e-03
0	nP304	46	0	800	2	1	0.003	1.596197e+00	4.983757e-01	1.414978e-03	1.390695e-03	1.496634e-03
0	nP318	46	0	800	2	1	0.001	-2.238010e-01	7.083914e-01	7.521394e-01	7.517640e-01	7.518543e-01
0	nP465	46	0	800	2	1	0.002	-2.660974e-03	5.787981e-01	9.963330e-01	9.963272e-01	9.963284e-01
0	nP571	46	0	800	2	1	0.002	-3.212517e-01	5.786864e-01	5.789548e-01	5.783605e-01	5.785530e-01
0	nP611	46	0	800	2	1	0.003	-9.270879e-02	5.015579e-01	8.534002e-01	8.531732e-01	8.532218e-01
0	nP632	46	0	800	2	1	0.002	8.053715e-01	5.780956e-01	1.639636e-01	1.633044e-01	1.639480e-01
0	nP658	46	0	800	2	1	0.004	-5.314557e-01	3.542749e-01	1.339782e-01	1.333700e-01	1.340389e-01
0	nP968	46	0	800	2	1	0.002	2.270899e-01	5.787423e-01	6.948784e-01	6.944246e-01	6.945435e-01
0	nP982	46	0	800	2	1	0.005	2.312126e-01	3.175937e-01	4.668188e-01	4.661213e-01	4.664091e-01
0	nP1154	46	0	800	2	1	0.002	6.367773e-01	5.783590e-01	2.712256e-01	2.704758e-01	2.709897e-01
0	nP1199	46	0	800	2	1	0.001	-4.584820e-01	7.082498e-01	5.175949e-01	5.169393e-01	5.171807e-01
0	cP9	47	0	800	2	1	0.009	2.293356e-01	2.519634e-01	3.629948e-01	3.622438e-01	3.626434e-01
0	cP198	47	0	800	2	1	0.003	-1.069916e+00	5.001366e-01	3.271849e-02	3.244661e-02	3.299861e-02
0	nP110	47	0	800	2	1	0.009	-4.305483e-01	2.516330e-01	8.746656e-02	8.697191e-02	8.764976e-02
0	nP238	47	0	800	2	1	0.001	5.892607e-01	7.081286e-01	4.055800e-01	4.048451e-01	4.051961e-01
0	nP399	47	0	800	2	1	0.001	-5.108802e-01	7.082049e-01	4.708911e-01	4.701966e-01	4.704805e-01
0	nP450	47	0	800	2	1	0.003	-1.292945e+00	4.994760e-01	9.812025e-03	9.697644e-03	1.002801e-02
0	nP680	47	0	800	2	1	0.001	1.470255e+00	7.065213e-01	3.775438e-02	3.745545e-02	3.803288e-02
0	nP696	47	0	800	2	1	0.001	1.558272e+00	7.062849e-01	2.764764e-02	2.740510e-02	2.792591e-02
0	nP800	47	0	800	2	1	0.008	1.124447e-01	2.601689e-01	6.657135e-01	6.652219e-01	6.653572e-01
0	nP829	47	0	800	2	1	0.007	8.339386e-01	2.579896e-01	1.277729e-03	1.255427e-03	1.354527e-03
0	nP997	47	0	800	2	1	0.004	9.802613e-02	3.346649e-01	7.696684e-01	7.693179e-01	7.694002e-01
0	nP1214	47	0	800	2	1	0.007	6.140139e-02	2.515663e-01	8.072344e-01	8.069385e-01	8.070048e-01
0	cP112	48	0	800	2	1	0.086	5.606202e-02	7.304091e-02	4.429859e-01	4.422720e-01	4.425835e-01
0	cP175	48	0	800	2	1	0.051	1.039011e-01	9.675541e-02	2.832131e-01	2.824598e-01	2.829583e-01
0	cP27	50	0	800	2	1	0.027	6.426315e-02	1.305956e-01	6.228000e-01	6.222555e-01	6.224174e-01
0	cP47	50	0	800	2	1	0.040	2.002617e-01	1.059007e-01	5.898202e-02	5.858639e-02	5.923108e-02
0	cP73	50	0	800	2	1	0.009	5.373652e-01	2.691284e-01	4.619841e-02	4.585801e-02	4.646865e-02
0	nP6	50	0	800	2	1	0.010	-2.762385e-01	2.525070e-01	2.742923e-01	2.735415e-01	2.740515e-01
0	nP95	50	0	800	2	1	0.002	5.979624e-02	5.787943e-01	9.177415e-01	9.176132e-01	9.176394e-01
0	nP126	50	0	800	2	1	0.009	7.704798e-01	2.684176e-01	4.207285e-03	4.148170e-03	4.356186e-03
0	nP138	50	0	800	2	1	0.004	-1.607451e-01	3.547284e-01	6.505641e-01	6.500534e-01	6.501977e-01
0	nP148	50	0	800	2	1	0.006	1.215513e-01	3.183931e-01	7.027375e-01	7.022941e-01	7.024089e-01
0	nP177	50	0	800	2	1	0.002	-2.104452e-01	5.787502e-01	7.162381e-01	7.158130e-01	7.159206e-01
0	nP187	50	0	800	2	1	0.001	9.823093e-01	7.075818e-01	1.654445e-01	1.647832e-01	1.654253e-01
0	nP339	50	0	800	2	1	0.010	-1.221291e-01	2.379354e-01	6.078927e-01	6.073308e-01	6.075027e-01
0	nP412	50	0	800	2	1	0.003	7.556035e-01	5.008549e-01	1.317898e-01	1.311860e-01	1.318563e-01
0	nP477	50	0	800	2	1	0.013	7.721391e-02	2.023504e-01	7.028706e-01	7.024275e-01	7.025421e-01
0	nP488	50	0	800	2	1	0.002	2.291202e-01	5.787413e-01	6.922891e-01	6.918319e-01	6.919522e-01
0	nP669	50	0	800	2	1	0.001	2.592291e-01	7.083763e-01	7.145007e-01	7.140732e-01	7.141818e-01
0	nP726	50	0	800	2	1	0.001	1.784085e-01	7.084076e-01	8.012261e-01	8.009214e-01	8.009902e-01
0	nP746	50	0	800	2	1	0.002	1.298235e-01	5.787799e-01	8.225770e-01	8.223038e-01	8.223640e-01
0	nP764	50	0	800	2	1	0.001	6.164602e-01	7.080996e-01	3.842431e-01	3.834990e-01	3.838739e-01
0	nP842	50	0	800	2	1	0.001	6.832652e-01	7.080227e-01	3.348207e-01	3.340644e-01	3.344979e-01
0	nP893	50	0	800	2	1	0.001	9.271604e-01	7.076751e-01	1.905221e-01	1.898287e-01	1.904436e-01
0	nP1040	50	0	800	2	1	0.013	-1.276369e-01	1.945146e-01	5.118964e-01	5.112357e-01	5.114820e-01
0	nP1086	50	0	800	2	1	0.013	-2.074862e-01	1.874594e-01	2.686998e-01	2.679508e-01	2.684680e-01
0	nP1098	50	0	800	2	1	0.009	-3.243047e-01	2.518326e-01	1.981962e-01	1.974945e-01	1.981005e-01
0	nP1110	50	0	800	2	1	0.004	-3.908897e-01	4.098110e-01	3.404590e-01	3.397033e-01	3.401299e-01
0	nP1155	50	0	800	2	1	0.010	3.573796e-01	2.376382e-01	1.330076e-01	1.324014e-01	1.330709e-01
0	nP1228	50	0	800	2	1	0.003	-4.189595e-01	5.013493e-01	4.035941e-01	4.028582e-01	4.032114e-01
0	cP113	52	0	800	2	1	0.007	3.505005e-01	2.788766e-01	2.091829e-01	2.084706e-01	2.090633e-01
0	cP176	52	0	800	2	1	0.051	9.311669e-03	9.306785e-02	9.203278e-01	9.202034e-01	9.202288e-01
0	cP10	53	0	800	2	1	0.016	3.168923e-01	1.734166e-01	6.802095e-02	6.759073e-02	6.825105e-02
0	cP133	53	0	800	2	1	0.031	2.013335e-01	1.311966e-01	1.252802e-01	1.246898e-01	1.253639e-01
0	cP199	53	0	800	2	1	0.007	-2.326792e-01	2.790309e-01	4.045963e-01	4.038609e-01	4.042130e-01
0	nP111	53	0	800	2	1	0.001	-9.122030e-03	7.084357e-01	9.897297e-01	9.897136e-01	9.897168e-01
0	nP400	53	0	800	2	1	0.002	-7.492393e-01	5.781901e-01	1.954068e-01	1.947081e-01	1.953173e-01
0	nP451	53	0	800	2	1	0.002	-5.851041e-01	5.784274e-01	3.120633e-01	3.113061e-01	3.117679e-01
0	nP513	53	0	800	2	1	0.004	-8.277912e-01	3.787348e-01	2.912938e-02	2.887803e-02	2.940862e-02
0	nP681	53	0	800	2	1	0.002	2.486835e-01	4.479115e-01	5.789088e-01	5.783145e-01	5.785069e-01
0	nP697	53	0	800	2	1	0.001	4.933103e-01	7.082205e-01	4.862879e-01	4.856055e-01	4.858748e-01
0	nP801	53	0	800	2	1	0.009	-2.917123e-01	2.696021e-01	2.795748e-01	2.788225e-01	2.793256e-01
0	nP830	53	0	800	2	1	0.004	4.848707e-01	4.096851e-01	2.369554e-01	2.362219e-01	2.367799e-01
0	nP998	53	0	800	2	1	0.003	5.085008e-01	4.087904e-01	2.138958e-01	2.131793e-01	2.137663e-01
0	nP1014	53	0	800	2	1	0.003	3.436261e-01	4.487339e-01	4.440407e-01	4.433275e-01	4.436379e-01
0	nP1215	53	0	800	2	1	0.003	-4.613129e-01	4.486016e-01	3.041037e-01	3.033470e-01	3.038188e-01
0	cP74	54	0	800	2	1	0.007	-3.269787e-01	2.689156e-01	2.243766e-01	2.236517e-01	2.242256e-01
0	cP95	54	0	800	2	1	0.005	-4.138262e-01	3.173612e-01	1.926234e-01	1.919276e-01	1.925402e-01
0	nP305	54	0	800	2	1	0.003	-9.597711e-01	5.004166e-01	5.547471e-02	5.509344e-02	5.573036e-02
0	nP379	54	0	800	2	1	0.005	2.227750e-01	3.554696e-01	5.310311e-01	5.303880e-01	5.306180e-01
0	nP558	54	0	800	2	1	0.003	2.591143e-01	3.789372e-01	4.943049e-01	4.936290e-01	4.938910e-01
0	nP612	54	0	800	2	1	0.001	8.886016e-02	7.084288e-01	9.002126e-01	9.000571e-01	9.000892e-01
0	nP659	54	0	800	2	1	0.001	3.090379e-01	7.083513e-01	6.627532e-01	6.622578e-01	6.623948e-01
0	nP906	54	0	800	2	1	0.002	8.679917e-02	5.787900e-01	8.808289e-01	8.806436e-01	8.806824e-01
0	nP943	54	0	800	2	1	0.001	3.256165e-01	7.083420e-01	6.458651e-01	6.453486e-01	6.454958e-01
0	nP969	54	0	800	2	1	0.001	-9.456491e-01	7.076444e-01	1.818211e-01	1.811379e-01	1.817627e-01
0	nP1156	54	0	800	2	1	0.002	-2.114074e-01	5.787498e-01	7.149970e-01	7.145702e-01	7.146785e-01
0	nP1200	54	0	800	2	1	0.006	-4.112297e-01	3.027486e-01	1.747458e-01	1.740716e-01	1.747041e-01
0	cP48	55	0	800	2	1	0.007	6.822989e-01	2.680787e-01	1.111043e-02	1.098479e-02	1.133629e-02
0	cP153	55	0	800	2	1	0.048	-9.334702e-02	9.301227e-02	3.158761e-01	3.151189e-01	3.155759e-01
0	nP40	55	0	800	2	1	0.008	-2.924777e-01	2.439900e-01	2.309895e-01	2.302599e-01	2.308255e-01
0	nP82	55	0	800	2	1	0.002	1.021726e+00	5.776669e-01	7.732401e-02	7.686141e-02	7.753244e-02
0	nP263	55	0	800	2	1	0.001	2.387709e-01	7.083853e-01	7.361576e-01	7.357598e-01	7.358576e-01
0	nP423	55	0	800	2	1	0.003	1.202724e-01	5.015506e-01	8.105461e-01	8.102550e-01	8.103200e-01
0	nP765	55	0	800	2	1	0.004	4.112872e-01	3.544752e-01	2.462856e-01	2.455466e-01	2.460926e-01
0	nP816	55	0	800	2	1	0.001	5.989008e-01	7.081184e-01	3.979382e-01	3.971997e-01	3.975592e-01
0	nP919	55	0	800	2	1	0.005	2.527685e-01	3.554445e-01	4.772093e-01	4.765197e-01	4.767975e-01
0	nP956	55	0	800	2	1	0.006	-1.717895e-01	3.353791e-01	6.086353e-01	6.080743e-01	6.082456e-01
0	nP1175	55	0	800	2	1	0.022	6.847655e-02	1.501833e-01	6.485478e-01	6.480345e-01	6.481801e-01
0	nP1187	55	0	800	2	1	0.004	-1.834009e-01	3.547146e-01	6.052731e-01	6.047081e-01	6.048818e-01
0	cP28	56	0	800	2	1	0.032	-1.809519e-01	1.147913e-01	1.153404e-01	1.147720e-01	1.154504e-01
0	cP177	56	0	800	2	1	0.069	5.191707e-02	7.886962e-02	5.105581e-01	5.098962e-01	5.101437e-01
0	nP29	56	0	800	2	1	0.001	-1.323126e-01	7.084203e-01	8.518874e-01	8.516582e-01	8.517073e-01
0	nP62	56	0	800	2	1	0.005	-1.274610e-01	3.176671e-01	6.883503e-01	6.878879e-01	6.880104e-01
0	nP163	56	0	800	2	1	0.001	-2.033599e+00	7.047686e-01	4.013490e-03	3.956560e-03	4.158922e-03
0	nP196	56	0	800	2	1	0.003	-1.296726e-01	5.015476e-01	7.960530e-01	7.957407e-01	7.958116e-01
0	nP214	56	0	800	2	1	0.003	-7.435362e-01	5.008775e-01	1.380800e-01	1.374640e-01	1.381300e-01
0	nP252	56	0	800	2	1	0.011	1.270438e-02	2.153250e-01	9.529661e-01	9.528925e-01	9.529074e-01
0	nP278	56	0	800	2	1	0.004	5.217881e-01	3.542929e-01	1.412103e-01	1.405885e-01	1.412522e-01
0	nP527	56	0	800	2	1	0.009	4.283083e-01	2.307800e-01	6.383407e-02	6.341946e-02	6.407326e-02
0	nP584	56	0	800	2	1	0.007	2.945644e-01	3.036170e-01	3.322487e-01	3.314921e-01	3.319288e-01
0	nP784	56	0	800	2	1	0.009	2.593788e-02	2.374698e-01	9.130507e-01	9.129150e-01	9.129429e-01
0	nP858	56	0	800	2	1	0.004	8.956709e-01	3.533544e-01	1.144223e-02	1.131378e-02	1.167038e-02
0	nP1062	56	0	800	2	1	0.003	-3.082989e-02	5.015675e-01	9.510026e-01	9.509260e-01	9.509414e-01
0	nP1126	56	0	800	2	1	0.001	-6.220275e-01	5.001417e-01	2.139742e-01	2.132577e-01	2.138446e-01
0	cP75	57	0	800	2	1	0.003	1.098010e+00	3.770501e-01	3.690123e-03	3.636899e-03	3.829488e-03
0	cP114	57	0	800	2	1	0.014	8.024007e-02	2.028057e-01	6.924690e-01	6.920121e-01	6.921323e-01
0	nP127	57	0	800	2	1	0.004	-5.825364e-01	4.095257e-01	1.552818e-01	1.546359e-01	1.552878e-01
0	nP340	57	0	800	2	1	0.016	5.222475e-01	1.945422e-01	7.414600e-03	7.322316e-03	7.607890e-03
0	nP365	57	0	800	2	1	0.003	8.044307e-01	5.007596e-01	1.085771e-01	1.080249e-01	1.087051e-01
0	nP718	57	0	800	2	1	0.002	3.083436e-01	5.786952e-01	5.943026e-01	5.937253e-01	5.939066e-01
0	nP735	57	0	800	2	1	0.009	-6.390428e-01	2.598344e-01	1.412719e-02	1.397693e-02	1.437115e-02
0	nP747	57	0	800	2	1	0.001	-1.089266e+00	7.073856e-01	1.239940e-01	1.234063e-01	1.240811e-01
0	nP1041	57	0	800	2	1	0.003	6.498877e-01	3.783494e-01	8.624080e-02	8.574986e-02	8.642712e-02
0	nP1138	57	0	800	2	1	0.015	-1.731561e-01	1.848194e-01	3.490970e-01	3.483428e-01	3.487589e-01
0	cP200	58	0	800	2	1	0.001	-5.774436e-02	7.084328e-01	9.350568e-01	9.349553e-01	9.349759e-01
0	nP178	58	0	800	2	1	0.003	3.912480e-01	5.013774e-01	4.354185e-01	4.346998e-01	4.350190e-01
0	nP489	58	0	800	2	1	0.001	-6.647223e-01	7.080448e-01	3.481104e-01	3.473560e-01	3.477733e-01
0	nP1074	58	0	800	2	1	0.028	2.991579e-02	1.381366e-01	8.286014e-01	8.283372e-01	8.283951e-01
0	nP1087	58	0	800	2	1	0.036	2.742770e-01	1.167606e-01	1.906415e-02	1.887730e-02	1.932745e-02
0	nP1157	58	0	800	2	1	0.001	3.986100e-01	7.082952e-01	5.737469e-01	5.731470e-01	5.733434e-01
0	cP11	59	0	800	2	1	0.022	6.727248e-01	1.535501e-01	1.338148e-05	1.297135e-05	1.645441e-05
0	cP49	59	0	800	2	1	0.021	2.589387e-01	1.463655e-01	7.725514e-02	7.679278e-02	7.746374e-02
0	cP134	59	0	800	2	1	0.008	-5.218186e-02	2.601928e-01	8.411010e-01	8.408554e-01	8.409086e-01
0	nP514	59	0	800	2	1	0.002	7.598086e-01	5.781728e-01	1.891717e-01	1.884798e-01	1.890963e-01
0	nP802	59	0	800	2	1	0.003	2.600212e-01	3.789365e-01	4.927946e-01	4.921175e-01	4.923809e-01
0	cP154	60	0	800	2	1	0.003	1.751785e-01	4.091395e-01	6.686478e-01	6.681599e-01	6.682935e-01
0	cP178	60	0	800	2	1	0.133	-4.022181e-02	5.558757e-02	4.695384e-01	4.688429e-01	4.691281e-01
0	nP149	60	0	800	2	1	0.007	-6.441224e-01	3.029391e-01	3.378933e-02	3.351153e-02	3.406936e-02
0	nP240	60	0	800	2	1	0.002	3.297780e-01	5.786804e-01	5.689199e-01	5.683149e-01	5.685148e-01
0	nP389	60	0	800	2	1	0.006	2.253719e-01	2.902626e-01	4.377185e-01	4.370013e-01	4.373182e-01
0	nP598	60	0	800	2	1	0.004	2.584921e-02	4.100435e-01	9.497503e-01	9.496717e-01	9.496876e-01
0	nP698	60	0	800	2	1	0.001	4.035634e-01	7.082917e-01	5.689940e-01	5.683891e-01	5.685889e-01
0	nP766	60	0	800	2	1	0.007	3.066946e-01	2.435325e-01	2.082693e-01	2.075578e-01	2.081516e-01
0	nP850	60	0	800	2	1	0.013	-4.263317e-01	2.018053e-01	3.494596e-02	3.466188e-02	3.522573e-02
0	nP894	60	0	800	2	1	0.018	6.683289e-02	1.796443e-01	7.099700e-01	7.095364e-01	7.096473e-01
0	nP999	60	0	800	2	1	0.002	-3.944549e-01	5.786297e-01	4.956232e-01	4.949484e-01	4.952092e-01
0	nP1015	60	0	800	2	1	0.003	-5.466201e-01	5.011953e-01	2.757636e-01	2.750123e-01	2.755204e-01
0	nP1099	60	0	800	2	1	0.003	8.310641e-01	5.007051e-01	9.735010e-02	9.682708e-02	9.750774e-02
0	nP1216	60	0	800	2	1	0.012	2.361015e-01	2.105566e-01	2.624886e-01	2.617420e-01	2.622672e-01
0	nP1229	60	0	800	2	1	0.007	-8.554115e-02	2.515575e-01	7.339113e-01	7.335104e-01	7.336093e-01
0	cP76	61	0	800	2	1	0.008	3.108295e-02	2.798044e-01	9.115744e-01	9.114365e-01	9.114648e-01
0	cP29	62	0	800	2	1	0.030	3.460404e-02	1.259412e-01	7.835691e-01	7.832387e-01	7.833149e-01
0	cP96	62	0	800	2	1	0.024	3.583734e-01	1.435761e-01	1.275919e-02	1.261985e-02	1.299568e-02
0	cP115	62	0	800	2	1	0.089	1.321832e-02	7.157433e-02	8.535272e-01	8.533004e-01	8.533490e-01
0	nP72	62	0	800	2	1	0.004	4.633060e-02	4.100413e-01	9.100668e-01	9.099266e-01	9.099554e-01
0	nP139	62	0	800	2	1	0.002	6.387416e-01	5.783563e-01	2.697489e-01	2.689996e-01	2.695154e-01
0	nP164	62	0	800	2	1	0.029	4.486262e-02	1.321158e-01	7.342695e-01	7.338691e-01	7.339678e-01
0	nP279	62	0	800	2	1	0.003	2.993530e-01	5.014567e-01	5.506988e-01	5.500750e-01	5.502890e-01
0	nP306	62	0	800	2	1	0.004	-5.442402e-01	3.793779e-01	1.518044e-01	1.511642e-01	1.518192e-01
0	nP467	62	0	800	2	1	0.024	2.593663e-01	1.308466e-01	4.779767e-02	4.744991e-02	4.806575e-02
0	nP478	62	0	800	2	1	0.004	-4.193124e-01	3.795766e-01	2.696293e-01	2.688801e-01	2.693960e-01
0	nP500	62	0	800	2	1	0.002	3.399890e-01	5.786730e-01	5.570125e-01	5.563951e-01	5.566042e-01
0	nP559	62	0	800	2	1	0.004	3.236616e-01	4.098844e-01	4.299719e-01	4.292500e-01	4.295749e-01
0	nP613	62	0	800	2	1	0.001	4.924180e-01	7.082213e-01	4.870770e-01	4.863952e-01	4.866638e-01
0	nP634	62	0	800	2	1	0.001	-1.061018e+00	7.074394e-01	1.340617e-01	1.334535e-01	1.341223e-01
0	nP710	62	0	800	2	1	0.005	8.336666e-01	3.163255e-01	8.565155e-03	8.462034e-03	8.770165e-03
0	nP785	62	0	800	2	1	0.004	5.541543e-01	4.095750e-01	1.764393e-01	1.757629e-01	1.763936e-01
0	nP843	62	0	800	2	1	0.001	-7.442697e-01	7.079457e-01	2.934349e-01	2.926796e-01	2.931650e-01
0	nP907	62	0	800	2	1	0.016	9.002544e-02	1.852897e-01	6.271975e-01	6.266582e-01	6.268173e-01
0	nP944	62	0	800	2	1	0.001	3.536199e-01	7.083251e-01	6.177523e-01	6.172018e-01	6.173671e-01
0	nP970	62	0	800	2	1	0.001	2.786692e-01	7.083671e-01	6.941317e-01	6.936769e-01	6.937962e-01
0	nP1158	62	0	800	2	1	0.002	7.417840e-01	5.782022e-01	1.998945e-01	1.991911e-01	1.997950e-01
0	nP1201	62	0	800	2	1	0.003	3.678545e-01	5.013996e-01	4.633742e-01	4.626743e-01	4.629654e-01
0	cP50	64	0	800	2	1	0.102	-2.227296e-02	6.461379e-02	7.304039e-01	7.299982e-01	7.300988e-01
0	cP77	64	0	800	2	1	0.069	2.801581e-01	7.876412e-02	3.973485e-04	3.890771e-04	4.337106e-04
0	cP179	64	0	800	2	1	0.016	1.295150e-01	1.687012e-01	4.428816e-01	4.421677e-01	4.424792e-01
0	nP83	64	0	800	2	1	0.003	-6.300565e-01	5.010725e-01	2.089709e-01	2.082588e-01	2.088518e-01
0	nP97	64	0	800	2	1	0.003	4.911982e-01	5.012672e-01	3.274260e-01	3.266690e-01	3.271116e-01
0	nP226	64	0	800	2	1	0.004	-5.354000e-01	3.542674e-01	1.311111e-01	1.305086e-01	1.311794e-01
0	nP341	64	0	800	2	1	0.003	1.192865e-01	4.488788e-01	7.905055e-01	7.901851e-01	7.902584e-01
0	nP647	64	0	800	2	1	0.002	2.448512e-01	5.787332e-01	6.723499e-01	6.718668e-01	6.719982e-01
0	nP748	64	0	800	2	1	0.003	6.847118e-01	5.009826e-01	1.720925e-01	1.714218e-01	1.720571e-01
0	nP817	64	0	800	2	1	0.001	8.551825e-01	7.077886e-01	2.273108e-01	2.265837e-01	2.271540e-01
0	nP870	64	0	800	2	1	0.001	-1.085620e-01	7.084253e-01	8.782445e-01	8.780553e-01	8.780950e-01
0	nP957	64	0	800	2	1	0.004	6.691020e-01	4.093599e-01	1.025466e-01	1.020097e-01	1.026906e-01
0	nP1042	64	0	800	2	1	0.004	5.341189e-01	4.096084e-01	1.926183e-01	1.919225e-01	1.925350e-01
0	nP1176	64	0	800	2	1	0.007	-6.840784e-01	2.680730e-01	1.090102e-02	1.077716e-02	1.112538e-02
0	nP1188	64	0	800	2	1	0.004	-2.263628e-02	4.100438e-01	9.559893e-01	9.559205e-01	9.559343e-01
0	cP12	65	0	800	2	1	0.001	1.971128e-02	7.084354e-01	9.778097e-01	9.777750e-01	9.777820e-01
0	cP135	65	0	800	2	1	0.070	1.986677e-01	7.634919e-02	9.437475e-03	9.326427e-03	9.650334e-03
0	cP155	65	0	800	2	1	0.030	1.214547e-01	1.279190e-01	3.426712e-01	3.419159e-01	3.423398e-01
0	nP767	65	0	800	2	1	0.001	1.547098e+00	7.063157e-01	2.878556e-02	2.853623e-02	2.906461e-02
0	nP803	65	0	800	2	1	0.001	-8.436025e-01	7.078060e-01	2.336722e-01	2.329408e-01	2.335030e-01
0	nP1159	65	0	800	2	1	0.016	9.729157e-02	1.737449e-01	5.756585e-01	5.750606e-01	5.752555e-01
0	cP116	67	0	800	2	1	0.074	2.916197e-01	7.683445e-02	1.585478e-04	1.548262e-04	1.778326e-04
0	nP30	67	0	800	2	1	0.002	-9.780342e-02	5.787878e-01	8.658554e-01	8.656473e-01	8.656914e-01
0	nP63	67	0	800	2	1	0.007	-6.817407e-01	2.680805e-01	1.117684e-02	1.105064e-02	1.140316e-02
0	nP113	67	0	800	2	1	0.002	-1.628109e-01	5.787694e-01	7.785492e-01	7.782115e-01	7.782899e-01
0	nP179	67	0	800	2	1	0.040	8.867652e-02	1.085645e-01	4.142810e-01	4.135503e-01	4.138919e-01
0	nP188	67	0	800	2	1	0.014	-1.422283e-01	2.027631e-01	4.832264e-01	4.825415e-01	4.828137e-01
0	nP197	67	0	800	2	1	0.007	1.569636e-01	2.515143e-01	5.327573e-01	5.321158e-01	5.323444e-01
0	nP215	67	0	800	2	1	0.009	-1.577978e-01	2.250607e-01	4.834235e-01	4.827387e-01	4.830108e-01
0	nP241	67	0	800	2	1	0.003	-8.295812e-01	5.007082e-01	9.794984e-02	9.742518e-02	9.810591e-02
0	nP253	67	0	800	2	1	0.020	-8.441470e-02	1.530642e-01	5.814462e-01	5.808546e-01	5.810452e-01
0	nP353	67	0	800	2	1	0.003	3.308909e-01	4.487458e-01	4.611153e-01	4.604137e-01	4.607070e-01
0	nP453	67	0	800	2	1	0.003	-1.727432e-02	5.015683e-01	9.725344e-01	9.724914e-01	9.725001e-01
0	nP528	67	0	800	2	1	0.003	-4.011432e-02	5.015666e-01	9.362748e-01	9.361752e-01	9.361954e-01
0	nP585	67	0	800	2	1	0.006	1.977852e-01	2.902878e-01	4.958529e-01	4.951783e-01	4.954389e-01
0	nP623	67	0	800	2	1	0.002	6.513279e-01	5.783387e-01	2.604174e-01	2.596716e-01	2.601995e-01
0	nP699	67	0	800	2	1	0.015	1.381346e-01	1.915174e-01	4.709585e-01	4.702641e-01	4.705479e-01
0	nP859	67	0	800	2	1	0.003	-2.019389e-01	4.488418e-01	6.528968e-01	6.523889e-01	6.525319e-01
0	nP1000	67	0	800	2	1	0.001	-6.179749e-02	7.084324e-01	9.305095e-01	9.304010e-01	9.304231e-01
0	nP1016	67	0	800	2	1	0.039	-9.932318e-03	1.000426e-01	9.209402e-01	9.208168e-01	9.208420e-01
0	nP1063	67	0	800	2	1	0.001	1.015323e+00	7.075234e-01	1.516681e-01	1.510282e-01	1.516833e-01
0	nP1112	67	0	800	2	1	0.006	-4.437364e-01	3.026910e-01	1.430500e-01	1.424249e-01	1.430872e-01
0	nP1217	67	0	800	2	1	0.003	-1.940384e-01	5.015216e-01	6.989338e-01	6.984854e-01	6.986021e-01
0	cP51	68	0	800	2	1	0.003	8.673196e-01	5.006281e-01	8.357752e-02	8.309479e-02	8.377055e-02
0	cP78	68	0	800	2	1	0.003	9.159950e-01	4.078997e-01	2.500017e-02	2.477391e-02	2.527570e-02
0	cP180	68	0	800	2	1	0.011	5.432888e-01	1.895098e-01	4.255483e-03	4.195829e-03	4.405228e-03
0	cP202	68	0	800	2	1	0.022	4.208455e-02	1.536990e-01	7.843004e-01	7.839709e-01	7.840468e-01
0	cP30	69	0	800	2	1	0.006	-5.579364e-01	3.348523e-01	9.606272e-02	9.554325e-02	9.622373e-02
0	cP97	69	0	800	2	1	0.001	3.218170e-01	7.083441e-01	6.497199e-01	6.492081e-01	6.493530e-01
0	nP165	69	0	800	2	1	0.003	1.838955e-02	5.015682e-01	9.707620e-01	9.707162e-01	9.707254e-01
0	nP280	69	0	800	2	1	0.007	1.410443e-01	2.910042e-01	6.280353e-01	6.274971e-01	6.276556e-01
0	nP321	69	0	800	2	1	0.001	1.197114e+00	7.071671e-01	9.087814e-02	9.037339e-02	9.105260e-02
0	nP438	69	0	800	2	1	0.001	1.123206e+00	7.073191e-01	1.126879e-01	1.121258e-01	1.128050e-01
0	nP468	69	0	800	2	1	0.002	-2.950354e-01	5.787039e-01	6.103179e-01	6.097587e-01	6.099290e-01
0	nP560	69	0	800	2	1	0.011	2.342293e-01	2.151657e-01	2.766591e-01	2.759076e-01	2.764145e-01
0	nP786	69	0	800	2	1	0.001	-2.078764e-01	7.083975e-01	7.692576e-01	7.689065e-01	7.689890e-01
0	nP908	69	0	800	2	1	0.008	-3.643725e-01	2.598794e-01	1.612794e-01	1.606242e-01	1.612704e-01
0	nP945	69	0	800	2	1	0.009	-3.942031e-02	2.374674e-01	8.681966e-01	8.679921e-01	8.680354e-01
0	nP971	69	0	800	2	1	0.003	-3.002744e-01	5.014560e-01	5.494729e-01	5.488478e-01	5.490628e-01
0	nP1128	69	0	800	2	1	0.002	-3.326739e-01	5.786783e-01	5.655307e-01	5.649221e-01	5.651246e-01
0	nP1160	69	0	800	2	1	0.002	-2.524797e-03	5.787981e-01	9.965206e-01	9.965152e-01	9.965163e-01
0	nP1202	69	0	800	2	1	0.001	2.380973e-01	7.083856e-01	7.368743e-01	7.364776e-01	7.365750e-01
0	cP156	70	0	800	2	1	0.014	5.270678e-01	1.940781e-01	6.755576e-03	6.669719e-03	6.941332e-03
0	nP8	70	0	800	2	1	0.002	-6.591224e-01	5.783276e-01	2.547516e-01	2.540083e-01	2.545435e-01
0	nP150	70	0	800	2	1	0.009	-3.168216e-01	2.372066e-01	1.820490e-01	1.813655e-01	1.819901e-01
0	nP895	70	0	800	2	1	0.008	-5.137969e-01	2.595629e-01	4.810639e-02	4.775723e-02	4.837404e-02
0	nP1029	70	0	800	2	1	0.004	-8.116296e-01	4.090367e-01	4.757056e-02	4.722384e-02	4.783896e-02
0	nP1230	70	0	800	2	1	0.014	-1.446865e-01	1.984967e-01	4.662698e-01	4.655720e-01	4.658603e-01
0	cP13	71	0	800	2	1	0.026	4.930165e-01	1.282192e-01	1.300966e-04	1.269684e-04	1.468506e-04
0	cP117	71	0	800	2	1	0.006	-6.919236e-02	3.354253e-01	8.366229e-01	8.363706e-01	8.364255e-01
0	cP136	71	0	800	2	1	0.067	3.548308e-01	8.595407e-02	4.041885e-05	3.930988e-05	4.753854e-05
0	nP98	71	0	800	2	1	0.007	6.435674e-01	2.782213e-01	2.096785e-02	2.076788e-02	2.123615e-02
0	nP129	71	0	800	2	1	0.003	-5.976053e-01	5.011223e-01	2.334065e-01	2.326753e-01	2.332378e-01
0	nP206	71	0	800	2	1	0.006	-1.129079e-01	3.030720e-01	7.095862e-01	7.091521e-01	7.092632e-01
0	nP342	71	0	800	2	1	0.001	1.139768e+00	7.072859e-01	1.074732e-01	1.069237e-01	1.076041e-01
0	nP367	71	0	800	2	1	0.008	-7.289689e-01	2.589166e-01	4.990824e-03	4.923119e-03	5.152634e-03
0	nP736	71	0	800	2	1	0.003	-1.825037e-01	3.340602e-01	5.849989e-01	5.844112e-01	5.845992e-01
0	nP749	71	0	800	2	1	0.003	-6.352460e-01	5.010643e-01	2.052415e-01	2.045329e-01	2.051304e-01
0	cP181	72	0	800	2	1	0.040	1.823508e-01	1.110757e-01	1.010504e-01	1.005175e-01	1.011984e-01
0	cP52	73	0	800	2	1	0.004	5.894796e-01	4.095132e-01	1.504112e-01	1.497733e-01	1.504296e-01
0	nP42	73	0	800	2	1	0.008	8.747288e-01	2.583503e-01	7.443407e-04	7.301930e-04	7.992086e-04
0	nP84	73	0	800	2	1	0.004	-5.420611e-01	4.095953e-01	1.860792e-01	1.853909e-01	1.860109e-01
0	nP114	73	0	800	2	1	0.003	-4.773939e-01	3.786713e-01	2.077826e-01	2.070715e-01	2.076660e-01
0	nP227	73	0	800	2	1	0.003	3.166724e-01	5.014434e-01	5.278802e-01	5.272342e-01	5.274668e-01
0	nP242	73	0	800	2	1	0.007	7.606487e-01	2.778508e-01	6.326407e-03	6.244831e-03	6.506885e-03
0	nP871	73	0	800	2	1	0.003	-2.782851e-01	4.487906e-01	5.353836e-01	5.347447e-01	5.349711e-01
0	nP1001	73	0	800	2	1	0.004	-4.243819e-01	3.795696e-01	2.638775e-01	2.631303e-01	2.636537e-01
0	nP1017	73	0	800	2	1	0.001	-9.586987e-01	7.076224e-01	1.758593e-01	1.751837e-01	1.758150e-01
0	nP1161	73	0	800	2	1	0.003	-6.010098e-01	3.535784e-01	8.955969e-02	8.905881e-02	8.973754e-02
0	nP1177	73	0	800	2	1	0.005	2.621597e-01	3.554359e-01	4.609913e-01	4.602896e-01	4.605830e-01
0	nP1189	73	0	800	2	1	0.001	1.751494e+00	7.057173e-01	1.327452e-02	1.313102e-02	1.351395e-02
0	nP1218	73	0	800	2	1	0.002	-9.266382e-01	5.778679e-01	1.092097e-01	1.086559e-01	1.093360e-01
0	cP203	74	0	800	2	1	0.029	1.330410e-01	1.320414e-01	3.139662e-01	3.132090e-01	3.136684e-01
0	cP31	75	0	800	2	1	0.010	-1.043051e-02	2.056271e-01	9.595571e-01	9.594938e-01	9.595065e-01
0	cP80	75	0	800	2	1	0.001	6.355444e-01	7.080784e-01	3.696898e-01	3.689406e-01	3.693323e-01
0	cP157	75	0	800	2	1	0.009	4.581988e-01	2.307081e-01	4.736902e-02	4.702322e-02	4.763769e-02
0	nP73	75	0	800	2	1	0.008	-1.907132e-02	2.798057e-01	9.456760e-01	9.455911e-01	9.456083e-01
0	nP166	75	0	800	2	1	0.001	-4.790932e-01	7.082327e-01	4.989427e-01	4.982708e-01	4.985286e-01
0	nP180	75	0	800	2	1	0.004	5.050748e-02	4.100406e-01	9.019981e-01	9.018454e-01	9.018770e-01
0	nP281	75	0	800	2	1	0.003	-2.452248e-01	4.488148e-01	5.849553e-01	5.843676e-01	5.845556e-01
0	nP414	75	0	800	2	1	0.002	4.891153e-01	5.785391e-01	3.981233e-01	3.973849e-01	3.977442e-01
0	nP479	75	0	800	2	1	0.002	6.250125e-01	5.783751e-01	2.801859e-01	2.794334e-01	2.799358e-01
0	nP491	75	0	800	2	1	0.006	-8.340543e-03	2.903721e-01	9.770922e-01	9.770563e-01	9.770635e-01
0	nP501	75	0	800	2	1	0.003	3.031441e-01	4.487704e-01	4.995543e-01	4.988828e-01	4.991401e-01
0	nP711	75	0	800	2	1	0.001	-1.452115e+00	7.065683e-01	4.018795e-02	3.987661e-02	4.046470e-02
0	nP728	75	0	800	2	1	0.003	-1.913468e-01	4.488476e-01	6.699992e-01	6.695130e-01	6.696458e-01
0	nP1076	75	0	800	2	1	0.001	2.666351e-01	7.083729e-01	7.067159e-01	7.062779e-01	7.063905e-01
0	nP1089	75	0	800	2	1	0.001	-4.587273e-01	7.082496e-01	5.173707e-01	5.167149e-01	5.169565e-01
0	nP1113	75	0	800	2	1	0.006	-8.607082e-02	2.903563e-01	7.669775e-01	7.666232e-01	7.667066e-01
0	nP1129	75	0	800	2	1	0.002	9.278391e-02	5.787888e-01	8.726798e-01	8.724821e-01	8.725237e-01
0	cP14	76	0	800	2	1	0.023	1.843017e-01	1.423779e-01	1.958828e-01	1.951836e-01	1.957923e-01
0	cP118	76	0	800	2	1	0.004	3.038552e-01	4.099034e-01	4.587389e-01	4.580356e-01	4.583313e-01
0	cP137	76	0	800	2	1	0.014	8.005058e-01	2.008363e-01	7.339738e-05	7.151068e-05	8.446967e-05
0	cP182	76	0	800	2	1	0.071	3.669492e-01	8.425927e-02	1.504018e-05	1.458433e-05	1.840253e-05
0	nP805	76	0	800	2	1	0.007	-5.936387e-01	2.683430e-01	2.723267e-02	2.699263e-02	2.751060e-02
0	cP53	77	0	800	2	1	0.005	1.106391e-01	3.176750e-01	7.277236e-01	7.273142e-01	7.274161e-01
0	cP98	77	0	800	2	1	0.003	1.063217e+00	5.001545e-01	3.382838e-02	3.355038e-02	3.410841e-02
0	nP308	77	0	800	2	1	0.024	1.143242e-02	1.441349e-01	9.368000e-01	9.367012e-01	9.367213e-01
0	nP322	77	0	800	2	1	0.010	-2.815527e-02	2.255564e-01	9.006929e-01	9.005382e-01	9.005701e-01
0	nP382	77	0	800	2	1	0.020	-1.517597e-01	1.567159e-01	3.331507e-01	3.323942e-01	3.328297e-01
0	nP439	77	0	800	2	1	0.020	3.549615e-01	1.563037e-01	2.341421e-02	2.319807e-02	2.368738e-02
0	nP469	77	0	800	2	1	0.007	3.618237e-01	2.907651e-01	2.137232e-01	2.130069e-01	2.135941e-01
0	nP561	77	0	800	2	1	0.003	-3.847281e-01	5.013837e-01	4.431107e-01	4.423969e-01	4.427082e-01
0	nP575	77	0	800	2	1	0.003	-1.221925e-01	3.790235e-01	7.472435e-01	7.468612e-01	7.469537e-01
0	nP615	77	0	800	2	1	0.001	-2.912341e-01	7.083607e-01	6.810817e-01	6.806098e-01	6.807363e-01
0	nP636	77	0	800	2	1	0.002	1.565568e+00	5.761387e-01	6.723424e-03	6.637885e-03	6.908795e-03
0	nP662	77	0	800	2	1	0.004	-3.279043e-01	4.098802e-01	4.239487e-01	4.232233e-01	4.235546e-01
0	nP909	77	0	800	2	1	0.001	-8.525830e-01	7.077926e-01	2.287280e-01	2.279999e-01	2.285684e-01
0	nP972	77	0	800	2	1	0.003	3.002705e-02	3.790467e-01	9.368797e-01	9.367810e-01	9.368010e-01
0	nP986	77	0	800	2	1	0.004	1.632328e-01	4.100038e-01	6.906444e-01	6.901851e-01	6.903063e-01
0	nP1203	77	0	800	2	1	0.003	-4.356834e-01	4.486337e-01	3.317758e-01	3.310192e-01	3.314564e-01
0	nP31	78	0	800	2	1	0.019	-1.395792e-01	1.564323e-01	3.725195e-01	3.717713e-01	3.721597e-01
0	nP64	78	0	800	2	1	0.013	3.032766e-01	2.020838e-01	1.338167e-01	1.332089e-01	1.338779e-01
0	nP198	78	0	800	2	1	0.003	-4.186754e-01	4.486540e-01	3.510087e-01	3.502549e-01	3.506687e-01
0	nP216	78	0	800	2	1	0.007	-2.460788e-01	2.790165e-01	3.780692e-01	3.773228e-01	3.777048e-01
0	nP354	78	0	800	2	1	0.003	5.359749e-01	5.012097e-01	2.852297e-01	2.844759e-01	2.849718e-01
0	nP586	78	0	800	2	1	0.004	3.644443e-01	4.098415e-01	3.741462e-01	3.733985e-01	3.737850e-01
0	nP860	78	0	800	2	1	0.004	-2.365465e-01	3.797745e-01	5.335542e-01	5.329135e-01	5.331414e-01
0	nP1064	78	0	800	2	1	0.004	-1.203663e-01	3.798429e-01	7.514141e-01	7.510376e-01	7.511282e-01
0	nP1241	78	0	800	2	1	0.002	3.369975e-03	5.787981e-01	9.953559e-01	9.953486e-01	9.953501e-01
0	cP81	79	0	800	2	1	0.061	3.505041e-01	8.490273e-02	4.039174e-05	3.928344e-05	4.750785e-05
0	cP204	79	0	800	2	1	0.002	5.257894e-01	5.784988e-01	3.636848e-01	3.629339e-01	3.633327e-01
0	nP343	79	0	800	2	1	0.005	1.542847e-01	3.176522e-01	6.273109e-01	6.267718e-01	6.269307e-01
0	nP368	79	0	800	2	1	0.007	1.159784e-01	2.791223e-01	6.778796e-01	6.774036e-01	6.775319e-01
0	nP750	79	0	800	2	1	0.003	1.530166e-01	4.488660e-01	7.332717e-01	7.328700e-01	7.329692e-01
0	nP1044	79	0	800	2	1	0.002	1.275561e-01	5.787805e-01	8.256257e-01	8.253570e-01	8.254160e-01
0	cP158	80	0	800	2	1	0.039	4.947739e-01	1.096572e-01	7.387076e-06	7.147912e-06	9.324163e-06
0	nP115	80	0	800	2	1	0.009	1.297471e-01	2.374271e-01	5.848947e-01	5.843069e-01	5.844950e-01
0	nP151	80	0	800	2	1	0.003	3.470968e-01	3.788490e-01	3.598452e-01	3.590934e-01	3.594967e-01
0	nP243	80	0	800	2	1	0.001	4.934842e-03	7.084357e-01	9.944439e-01	9.944352e-01	9.944369e-01
0	nP455	80	0	800	2	1	0.001	-2.146100e-01	7.083950e-01	7.620050e-01	7.616436e-01	7.617293e-01
0	nP601	80	0	800	2	1	0.005	-1.639616e-01	2.897655e-01	5.716601e-01	5.710579e-01	5.712558e-01
0	nP701	80	0	800	2	1	0.001	-1.120501e-01	7.084246e-01	8.743644e-01	8.741693e-01	8.742103e-01
0	nP770	80	0	800	2	1	0.013	-4.059358e-01	2.261411e-01	7.302325e-02	7.257525e-02	7.324192e-02
0	nP851	80	0	800	2	1	0.003	9.410128e-01	5.004612e-01	6.043243e-02	6.003103e-02	6.067863e-02
0	nP896	80	0	800	2	1	0.006	-5.872001e-01	3.347896e-01	7.982503e-02	7.935424e-02	8.002737e-02
0	nP933	80	0	800	2	1	0.010	-3.814321e-01	2.375913e-01	1.087987e-01	1.082459e-01	1.089261e-01
0	nP1002	80	0	800	2	1	0.004	-6.231803e-01	3.540875e-01	7.879748e-02	7.833003e-02	7.900234e-02
0	nP1018	80	0	800	2	1	0.004	-1.269045e+00	3.772010e-01	8.037947e-04	7.886948e-04	8.614133e-04
0	nP1030	80	0	800	2	1	0.003	-7.284035e-01	5.009054e-01	1.462913e-01	1.456605e-01	1.463202e-01
0	nP1101	80	0	800	2	1	0.006	6.669274e-01	3.346024e-01	4.658033e-02	4.623816e-02	4.685007e-02
0	nP1219	80	0	800	2	1	0.002	-3.606712e-01	5.786573e-01	5.332722e-01	5.326312e-01	5.328594e-01
0	nP1231	80	0	800	2	1	0.003	2.142905e-01	4.488346e-01	6.331813e-01	6.326492e-01	6.328044e-01
0	cP32	81	0	800	2	1	0.092	2.903300e-01	7.110393e-02	4.890080e-05	4.758616e-05	5.710683e-05
0	cP119	81	0	800	2	1	0.001	7.668676e-03	7.084357e-01	9.913659e-01	9.913524e-01	9.913551e-01
0	nP167	81	0	800	2	1	0.001	5.629394e-01	7.081554e-01	4.268862e-01	4.261625e-01	4.264906e-01
0	nP282	81	0	800	2	1	0.010	8.716114e-01	2.508055e-01	5.379280e-04	5.272003e-04	5.823876e-04
0	nP788	81	0	800	2	1	0.008	-5.639974e-01	2.594322e-01	3.000080e-02	2.974436e-02	3.028043e-02
0	nP1130	81	0	800	2	1	0.001	5.498862e-01	7.081683e-01	4.376893e-01	4.369720e-01	4.372889e-01
0	cP15	82	0	800	2	1	0.039	5.215386e-01	1.123814e-01	4.056096e-06	3.917705e-06	5.265005e-06
0	cP54	82	0	800	2	1	0.002	1.073501e+00	5.775493e-01	6.343516e-02	6.302207e-02	6.367519e-02
0	cP82	82	0	800	2	1	0.072	2.891214e-01	8.676355e-02	9.009916e-04	8.843615e-04	9.629130e-04
0	nP21	82	0	800	2	1	0.002	-1.154815e+00	5.773527e-01	4.581821e-02	4.547959e-02	4.608895e-02
0	nP43	82	0	800	2	1	0.002	-3.058794e-01	5.786968e-01	5.972536e-01	5.966796e-01	5.968588e-01
0	nP85	82	0	800	2	1	0.007	-1.289733e-01	2.596330e-01	6.195005e-01	6.189521e-01	6.191162e-01
0	nP266	82	0	800	2	1	0.005	-6.668780e-02	3.176904e-01	8.337880e-01	8.335315e-01	8.335875e-01
0	nP295	82	0	800	2	1	0.007	-2.432930e-01	2.595302e-01	3.488179e-01	3.480637e-01	3.484801e-01
0	nP426	82	0	800	2	1	0.009	-8.737753e-02	2.520751e-01	7.289585e-01	7.285508e-01	7.286521e-01
0	nP518	82	0	800	2	1	0.012	5.381334e-01	2.315527e-01	2.037460e-02	2.017867e-02	2.064146e-02
0	nP819	82	0	800	2	1	0.002	-4.438239e-01	5.785849e-01	4.432578e-01	4.425440e-01	4.428552e-01
0	nP872	82	0	800	2	1	0.003	4.764384e-01	5.012850e-01	3.421795e-01	3.414241e-01	3.418486e-01
0	nP922	82	0	800	2	1	0.006	4.832101e-01	2.898680e-01	9.590665e-02	9.538761e-02	9.606806e-02
0	nP959	82	0	800	2	1	0.019	2.629669e-01	1.718642e-01	1.263919e-01	1.257992e-01	1.264727e-01
0	nP1178	82	0	800	2	1	0.002	-5.124261e-01	5.785138e-01	3.760121e-01	3.752650e-01	3.756493e-01
0	nP181	83	0	800	2	1	0.007	-2.464856e-01	2.514243e-01	3.272071e-01	3.264501e-01	3.268930e-01
0	nP189	83	0	800	2	1	0.001	-6.051308e-01	7.081118e-01	3.930459e-01	3.923053e-01	3.926703e-01
0	nP549	83	0	800	2	1	0.006	-3.161930e-01	3.028916e-01	2.968409e-01	2.960851e-01	2.965661e-01
0	nP624	83	0	800	2	1	0.001	1.482617e+00	7.064889e-01	3.616858e-02	3.587796e-02	3.644790e-02
0	nP885	83	0	800	2	1	0.004	-4.076796e-01	3.544804e-01	2.504569e-01	2.497157e-01	2.502564e-01
0	nP1077	83	0	800	2	1	0.001	6.574396e-01	7.080534e-01	3.534202e-01	3.526669e-01	3.530778e-01
0	nP1114	83	0	800	2	1	0.002	7.033432e-01	5.782624e-01	2.242285e-01	2.235038e-01	2.240779e-01
0	cP99	85	0	800	2	1	0.167	4.213509e-02	5.131689e-02	4.118479e-01	4.111160e-01	4.114602e-01
0	cP159	85	0	800	2	1	0.011	5.263532e-01	2.252780e-01	1.971391e-02	1.952253e-02	1.997905e-02
0	nP309	85	0	800	2	1	0.004	2.992066e-01	3.797191e-01	4.309492e-01	4.302279e-01	4.305518e-01
0	nP383	85	0	800	2	1	0.002	-1.127563e+00	5.774202e-01	5.119735e-02	5.083438e-02	5.146030e-02
0	nP440	85	0	800	2	1	0.002	4.173277e-01	5.786096e-01	4.709611e-01	4.702667e-01	4.705505e-01
0	nP470	85	0	800	2	1	0.001	-1.525752e-01	5.005970e-01	7.606082e-01	7.602448e-01	7.603311e-01
0	nP562	85	0	800	2	1	0.003	-3.940045e-01	5.013747e-01	4.321895e-01	4.314690e-01	4.317915e-01
0	nP616	85	0	800	2	1	0.006	-2.911919e-01	3.352758e-01	3.853739e-01	3.846302e-01	3.850038e-01
0	nP663	85	0	800	2	1	0.013	-5.023316e-02	2.157933e-01	8.159891e-01	8.157061e-01	8.157689e-01
0	nP771	85	0	800	2	1	0.001	-5.117670e-01	7.082041e-01	4.701211e-01	4.694261e-01	4.697107e-01
0	nP910	85	0	800	2	1	0.003	-1.202442e-01	5.015506e-01	8.105896e-01	8.102986e-01	8.103636e-01
0	nP947	85	0	800	2	1	0.001	-4.984145e-01	7.082160e-01	4.817872e-01	4.811011e-01	4.813747e-01
0	nP973	85	0	800	2	1	0.022	2.211775e-01	1.392563e-01	1.126199e-01	1.120579e-01	1.127372e-01
0	nP1164	85	0	800	2	1	0.001	-9.676202e-01	7.076072e-01	1.718681e-01	1.711977e-01	1.718333e-01
0	nP1204	85	0	800	2	1	0.011	-1.182380e-01	2.260085e-01	6.010102e-01	6.004404e-01	6.006170e-01
0	cP55	86	0	800	2	1	0.025	5.396340e-01	1.431591e-01	1.756551e-04	1.715841e-04	1.963869e-04
0	cP120	86	0	800	2	1	0.006	4.341226e-02	3.184185e-01	8.915892e-01	8.914205e-01	8.914555e-01
0	nP100	86	0	800	2	1	0.003	1.499520e-01	5.015406e-01	7.650310e-01	7.646739e-01	7.647582e-01
0	nP131	86	0	800	2	1	0.004	2.691995e-01	3.345472e-01	4.212508e-01	4.205240e-01	4.208581e-01
0	nP344	86	0	800	2	1	0.013	-1.740294e-01	1.944695e-01	3.711141e-01	3.703654e-01	3.707554e-01
0	nP369	86	0	800	2	1	0.016	1.627916e-01	1.791775e-01	3.638626e-01	3.631118e-01	3.635103e-01
0	nP737	86	0	800	2	1	0.004	-5.298039e-02	3.547691e-01	8.813249e-01	8.811405e-01	8.811791e-01
0	nP751	86	0	800	2	1	0.001	1.058827e+00	7.074435e-01	1.348681e-01	1.342582e-01	1.349265e-01
0	nP1045	86	0	800	2	1	0.002	-9.411537e-01	5.778385e-01	1.037609e-01	1.032208e-01	1.039016e-01
0	nP116	87	0	800	2	1	0.003	-7.760224e-01	5.008158e-01	1.216541e-01	1.210715e-01	1.217473e-01
0	nP244	87	0	800	2	1	0.002	5.184030e-01	5.785071e-01	3.704670e-01	3.697182e-01	3.701089e-01
0	nP456	87	0	800	2	1	0.004	-2.690846e-01	4.099339e-01	5.117498e-01	5.110890e-01	5.113354e-01
0	nP686	87	0	800	2	1	0.002	-4.249530e-01	5.786026e-01	4.628920e-01	4.621917e-01	4.624833e-01
0	nP702	87	0	800	2	1	0.001	5.009850e-01	7.082137e-01	4.795292e-01	4.788414e-01	4.791171e-01
0	nP1003	87	0	800	2	1	0.009	9.793054e-02	2.607943e-01	7.073819e-01	7.069449e-01	7.070571e-01
0	nP1019	87	0	800	2	1	0.024	5.840777e-02	1.441207e-01	6.853877e-01	6.849214e-01	6.850455e-01
0	cP16	88	0	800	2	1	0.036	4.564258e-01	1.122913e-01	5.286474e-05	5.145550e-05	6.155939e-05
0	cP33	88	0	800	2	1	0.159	3.261623e-01	5.307682e-02	1.260822e-09	1.188306e-09	2.783698e-09
0	cP139	88	0	800	2	1	0.028	4.603295e-01	1.345980e-01	6.579345e-04	6.451954e-04	7.086222e-04
0	cP185	88	0	800	2	1	0.011	3.789228e-01	2.149072e-01	7.825072e-02	7.778507e-02	7.845691e-02
0	nP74	88	0	800	2	1	0.016	6.239885e-02	1.820127e-01	7.318190e-01	7.314152e-01	7.315151e-01
0	nP141	88	0	800	2	1	0.011	-4.833561e-01	1.897132e-01	1.102607e-02	1.090115e-02	1.125133e-02
0	nP168	88	0	800	2	1	0.001	-6.456618e-01	7.080669e-01	3.621149e-01	3.613636e-01	3.617642e-01
0	nP480	88	0	800	2	1	0.009	-1.588285e-01	2.607567e-01	5.426276e-01	5.419957e-01	5.422162e-01
0	nP502	88	0	800	2	1	0.002	-4.931824e-01	5.785348e-01	3.942101e-01	3.934700e-01	3.938336e-01
0	nP729	88	0	800	2	1	0.001	-7.830496e-01	7.078932e-01	2.689867e-01	2.682376e-01	2.687545e-01
0	nP789	88	0	800	2	1	0.004	-3.574165e-01	3.796560e-01	3.467735e-01	3.460189e-01	3.464378e-01
0	nP807	88	0	800	2	1	0.007	3.555691e-01	2.788686e-01	2.026654e-01	2.019593e-01	2.025599e-01
0	nP1055	88	0	800	2	1	0.002	-6.297783e-01	5.783686e-01	2.765323e-01	2.757808e-01	2.762879e-01
0	nP1165	88	0	800	2	1	0.009	-1.616135e-01	2.250573e-01	4.729062e-01	4.722133e-01	4.724953e-01
0	cP84	89	0	800	2	1	0.033	4.732690e-01	1.206448e-01	9.505023e-05	9.267820e-05	1.084167e-04
0	cP206	89	0	800	2	1	0.064	3.723374e-01	8.423473e-02	1.122305e-05	1.087334e-05	1.390532e-05
0	nP65	89	0	800	2	1	0.001	-8.505619e-01	7.077956e-01	2.298341e-01	2.291053e-01	2.296724e-01
0	nP199	89	0	800	2	1	0.006	-3.585729e-01	2.900947e-01	2.168020e-01	2.160830e-01	2.166664e-01
0	nP217	89	0	800	2	1	0.005	2.390689e-01	3.175864e-01	4.518113e-01	4.511032e-01	4.514058e-01
0	nP255	89	0	800	2	1	0.001	3.348822e-01	7.083366e-01	6.365046e-01	6.359766e-01	6.361297e-01
0	nP530	89	0	800	2	1	0.021	-1.654838e-02	1.589311e-01	9.170979e-01	9.169686e-01	9.169950e-01
0	nP861	89	0	800	2	1	0.004	5.934191e-01	3.541516e-01	9.420678e-02	9.369250e-02	9.437263e-02
0	nP1065	89	0	800	2	1	0.005	4.444793e-01	3.552088e-01	2.111850e-01	2.104709e-01	2.110612e-01
0	nP1242	89	0	800	2	1	0.006	-6.736108e-02	3.184133e-01	8.325103e-01	8.322519e-01	8.323083e-01
0	cP121	90	0	800	2	1	0.053	4.721684e-01	9.140263e-02	3.026552e-07	2.900460e-07	4.516834e-07
0	cP160	90	0	800	2	1	0.018	7.283523e-01	1.722145e-01	2.615447e-05	2.540381e-05	3.128466e-05
0	nP10	90	0	800	2	1	0.003	2.519762e-01	5.014893e-01	6.154856e-01	6.149325e-01	6.150993e-01
0	nP55	90	0	800	2	1	0.001	5.000361e-01	7.082146e-01	4.803621e-01	4.796749e-01	4.799498e-01
0	nP152	90	0	800	2	1	0.002	-3.225708e-01	5.786855e-01	5.773969e-01	5.768009e-01	5.769945e-01
0	nP772	90	0	800	2	1	0.004	7.175559e-01	3.538635e-01	4.291495e-02	4.259015e-02	4.318909e-02
0	nP897	90	0	800	2	1	0.003	2.690659e-01	3.789285e-01	4.778680e-01	4.771789e-01	4.774561e-01
0	nP934	90	0	800	2	1	0.010	2.178939e-01	2.378497e-01	3.598916e-01	3.591397e-01	3.595430e-01
0	nP1031	90	0	800	2	1	0.004	3.475915e-01	3.796674e-01	3.601975e-01	3.594458e-01	3.598486e-01
0	nP1232	90	0	800	2	1	0.004	1.005639e-01	3.346640e-01	7.638800e-01	7.635212e-01	7.636061e-01
0	cP56	91	0	800	2	1	0.003	3.441731e-01	5.014206e-01	4.926628e-01	4.919856e-01	4.922491e-01
0	nP44	91	0	800	2	1	0.011	3.832950e-01	2.313759e-01	9.799543e-02	9.747064e-02	9.815138e-02
0	nP86	91	0	800	2	1	0.007	-7.467420e-02	2.910350e-01	7.975680e-01	7.972579e-01	7.973282e-01
0	nP229	91	0	800	2	1	0.013	3.716858e-01	1.941217e-01	5.588736e-02	5.550438e-02	5.614227e-02
0	nP267	91	0	800	2	1	0.003	-1.435131e-01	4.488699e-01	7.492636e-01	7.488842e-01	7.489757e-01
0	nP427	91	0	800	2	1	0.004	-1.008853e-01	4.100290e-01	8.057112e-01	8.054130e-01	8.054800e-01
0	nP542	91	0	800	2	1	0.004	-8.545422e-01	3.333130e-01	1.053590e-02	1.041519e-02	1.075757e-02
0	nP820	91	0	800	2	1	0.001	-5.523762e-04	7.084357e-01	9.993781e-01	9.993771e-01	9.993773e-01
0	nP873	91	0	800	2	1	0.012	-2.214588e-01	2.105765e-01	2.932654e-01	2.925101e-01	2.929958e-01
0	nP923	91	0	800	2	1	0.012	2.411095e-01	1.940126e-01	2.143244e-01	2.136075e-01	2.141940e-01
0	nP960	91	0	800	2	1	0.003	8.709799e-02	5.015592e-01	8.621811e-01	8.619674e-01	8.620128e-01
0	nP1179	91	0	800	2	1	0.016	-7.295861e-02	1.687437e-01	6.655940e-01	6.651022e-01	6.652376e-01
0	nP1191	91	0	800	2	1	0.001	8.641602e-02	5.006168e-01	8.629946e-01	8.627822e-01	8.628273e-01
0	cP100	92	0	800	2	1	0.003	-1.088155e-01	4.488822e-01	8.085214e-01	8.082274e-01	8.082932e-01
0	cP186	92	0	800	2	1	0.062	4.380979e-01	9.021182e-02	1.439179e-06	1.385740e-06	1.968087e-06
0	nP182	92	0	800	2	1	0.005	5.620633e-01	3.549999e-01	1.137545e-01	1.131898e-01	1.138688e-01
0	nP310	92	0	800	2	1	0.009	1.231972e-01	2.446814e-01	6.147515e-01	6.141975e-01	6.143647e-01
0	nP441	92	0	800	2	1	0.001	9.187133e-01	7.076889e-01	1.945978e-01	1.938999e-01	1.945101e-01
0	nP471	92	0	800	2	1	0.011	-1.414275e-01	2.259918e-01	5.316198e-01	5.309772e-01	5.312068e-01
0	nP493	92	0	800	2	1	0.003	-1.141331e-02	5.015685e-01	9.818512e-01	9.818228e-01	9.818285e-01
0	nP617	92	0	800	2	1	0.002	-9.802950e-01	5.777569e-01	9.013851e-02	8.963593e-02	9.031488e-02
0	nP664	92	0	800	2	1	0.003	-4.602632e-01	4.486029e-01	3.052060e-01	3.044492e-01	3.049197e-01
0	nP1078	92	0	800	2	1	0.003	1.048341e+00	5.001939e-01	3.640830e-02	3.611642e-02	3.668752e-02
0	nP1115	92	0	800	2	1	0.019	7.041602e-03	1.547710e-01	9.637226e-01	9.636659e-01	9.636773e-01
0	nP1166	92	0	800	2	1	0.004	7.312694e-02	4.100364e-01	8.584992e-01	8.582800e-01	8.583267e-01
0	nP132	93	0	800	2	1	0.001	-5.640110e-01	7.081543e-01	4.260062e-01	4.252820e-01	4.256110e-01
0	nP245	93	0	800	2	1	0.001	-3.610030e-01	7.083205e-01	6.104302e-01	6.098712e-01	6.100414e-01
0	nP345	93	0	800	2	1	0.002	-1.099031e+00	5.774891e-01	5.738442e-02	5.699527e-02	5.763655e-02
0	nP370	93	0	800	2	1	0.002	-1.427778e-01	4.479695e-01	7.500205e-01	7.496421e-01	7.497333e-01
0	nP603	93	0	800	2	1	0.001	2.420770e-01	7.083839e-01	7.326430e-01	7.322404e-01	7.323399e-01
0	nP687	93	0	800	2	1	0.003	6.200729e-02	5.015638e-01	9.016410e-01	9.014878e-01	9.015194e-01
0	nP752	93	0	800	2	1	0.005	4.030210e-01	3.173787e-01	2.045108e-01	2.038029e-01	2.044013e-01
0	nP836	93	0	800	2	1	0.020	-3.867367e-02	1.568020e-01	8.052501e-01	8.049513e-01	8.050184e-01
0	nP1004	93	0	800	2	1	0.001	-7.972140e-01	7.078734e-01	2.604153e-01	2.596695e-01	2.601974e-01
0	nP1020	93	0	800	2	1	0.003	-7.286658e-01	5.009049e-01	1.461459e-01	1.455153e-01	1.461751e-01
0	nP1046	93	0	800	2	1	0.005	-5.198994e-01	3.550804e-01	1.435404e-01	1.429144e-01	1.435763e-01
0	nP1221	93	0	800	2	1	0.001	6.869587e-01	5.000352e-01	1.698831e-01	1.692155e-01	1.698531e-01
0	cP17	94	0	800	2	1	0.015	-5.972408e-01	1.721591e-01	5.501561e-04	5.392202e-04	5.952759e-04
0	cP34	94	0	800	2	1	0.006	3.865043e-01	3.351551e-01	2.491693e-01	2.484289e-01	2.489712e-01
0	cP140	94	0	800	2	1	0.007	5.718157e-01	2.684024e-01	3.344035e-02	3.316447e-02	3.372042e-02
0	nP169	94	0	800	2	1	0.006	-2.688666e-01	2.590622e-01	2.996564e-01	2.989002e-01	2.993777e-01
0	nP520	94	0	800	2	1	0.001	3.458683e-01	5.004764e-01	4.897174e-01	4.890377e-01	4.893039e-01
0	nP790	94	0	800	2	1	0.001	5.351893e-01	7.081824e-01	4.500386e-01	4.493294e-01	4.496337e-01
0	nP808	94	0	800	2	1	0.002	7.888221e-01	5.781241e-01	1.728103e-01	1.721387e-01	1.727732e-01
0	cP57	95	0	800	2	1	0.053	5.540872e-01	9.250690e-02	3.178424e-09	3.004086e-09	6.509135e-09
0	cP122	95	0	800	2	1	0.005	5.297458e-01	3.171452e-01	9.524086e-02	9.472368e-02	9.540401e-02
0	cP161	95	0	800	2	1	0.007	2.381217e-01	3.036790e-01	4.332007e-01	4.324807e-01	4.328022e-01
0	cP207	95	0	800	2	1	0.045	5.635545e-01	9.728634e-02	9.960304e-09	9.446820e-09	1.868315e-08
0	nP773	95	0	800	2	1	0.002	3.040008e-01	5.786981e-01	5.995077e-01	5.989362e-01	5.991139e-01
0	cP86	96	0	800	2	1	0.002	3.263589e-01	5.786828e-01	5.729341e-01	5.723333e-01	5.725302e-01
0	cP187	96	0	800	2	1	0.006	3.467179e-01	2.783404e-01	2.132544e-01	2.125385e-01	2.131263e-01
0	nP1167	96	0	800	2	1	0.002	-5.156607e-01	5.785102e-01	3.730049e-01	3.722568e-01	3.726446e-01
0	cP18	100	0	800	2	1	0.006	8.867005e-01	3.168713e-01	5.261107e-03	5.190522e-03	5.427003e-03
0	cP58	100	0	800	2	1	0.028	3.600489e-01	1.476634e-01	1.497336e-02	1.481654e-02	1.522143e-02
0	cP87	100	0	800	2	1	0.024	1.820172e-01	1.371675e-01	1.848980e-01	1.842110e-01	1.848324e-01
0	cP101	100	0	800	2	1	0.038	5.951218e-01	1.141190e-01	2.344992e-07	2.245558e-07	3.553707e-07
0	cP123	100	0	800	2	1	0.002	7.444333e-01	5.781979e-01	1.982912e-01	1.975895e-01	1.981953e-01
0	cP141	100	0	800	2	1	0.001	8.172316e-01	7.078448e-01	2.486265e-01	2.478863e-01	2.484294e-01
0	cP162	100	0	800	2	1	0.035	6.883872e-01	1.105875e-01	7.784489e-10	7.325965e-10	1.790035e-09
0	cP188	100	0	800	2	1	0.005	8.290522e-01	3.543438e-01	1.954581e-02	1.935560e-02	1.981049e-02
0	cP208	100	0	800	2	1	0.009	7.474992e-01	1.995134e-01	1.921472e-04	1.877439e-04	2.142283e-04
0	nP23	100	0	800	2	1	0.004	-3.383902e-01	3.545717e-01	3.401888e-01	3.394331e-01	3.398601e-01
0	nP33	100	0	800	2	1	0.001	-8.435093e-01	7.078062e-01	2.337240e-01	2.329925e-01	2.335546e-01
0	nP56	100	0	800	2	1	0.002	-7.658195e-01	5.781629e-01	1.856917e-01	1.850038e-01	1.856243e-01
0	nP66	100	0	800	2	1	0.015	-7.350788e-02	1.915621e-01	7.012818e-01	7.008365e-01	7.009520e-01
0	nP75	100	0	800	2	1	0.001	2.394541e-01	7.083850e-01	7.354308e-01	7.350321e-01	7.351302e-01
0	nP87	100	0	800	2	1	0.002	8.946021e-01	5.779311e-01	1.220335e-01	1.214500e-01	1.221257e-01
0	nP118	100	0	800	2	1	0.006	-3.424791e-01	2.683568e-01	2.022534e-01	2.015477e-01	2.021488e-01
0	nP170	100	0	800	2	1	0.009	-3.357983e-01	2.309719e-01	1.463813e-01	1.457503e-01	1.464099e-01
0	nP183	100	0	800	2	1	0.003	-1.975525e-01	5.015199e-01	6.937545e-01	6.932992e-01	6.934187e-01
0	nP190	100	0	800	2	1	0.004	2.070865e-01	4.099790e-01	6.136176e-01	6.130623e-01	6.132304e-01
0	nP200	100	0	800	2	1	0.017	-1.801008e-01	1.823075e-01	3.235030e-01	3.227458e-01	3.231933e-01
0	nP208	100	0	800	2	1	0.028	-1.496214e-01	1.245101e-01	2.298437e-01	2.291149e-01	2.296819e-01
0	nP218	100	0	800	2	1	0.003	1.725711e-01	5.015314e-01	7.308705e-01	7.304654e-01	7.305658e-01
0	nP230	100	0	800	2	1	0.002	-1.045792e+00	5.776130e-01	7.058799e-02	7.014853e-02	7.081229e-02
0	nP246	100	0	800	2	1	0.003	5.350175e-01	3.785748e-01	1.579747e-01	1.573246e-01	1.579740e-01
0	nP256	100	0	800	2	1	0.006	-2.124403e-01	3.183334e-01	5.047405e-01	5.040735e-01	5.043261e-01
0	nP285	100	0	800	2	1	0.005	8.226754e-02	3.176858e-01	7.957338e-01	7.954210e-01	7.954921e-01
0	nP297	100	0	800	2	1	0.003	2.041328e-01	4.488405e-01	6.493766e-01	6.488643e-01	6.490094e-01
0	nP311	100	0	800	2	1	0.003	-9.739342e-01	5.003823e-01	5.195973e-02	5.159343e-02	5.222145e-02
0	nP346	100	0	800	2	1	0.007	5.954299e-02	2.691563e-01	8.249771e-01	8.247074e-01	8.247667e-01
0	nP385	100	0	800	2	1	0.001	-2.433784e-02	7.084352e-01	9.726032e-01	9.725603e-01	9.725689e-01
0	nP391	100	0	800	2	1	0.042	-9.216992e-02	1.108669e-01	4.060208e-01	4.052860e-01	4.056365e-01
0	nP416	100	0	800	2	1	0.003	-9.882814e-01	5.003471e-01	4.859062e-02	4.823926e-02	4.885757e-02
0	nP442	100	0	800	2	1	0.003	5.672076e-01	3.785160e-01	1.343980e-01	1.337890e-01	1.344576e-01
0	nP458	100	0	800	2	1	0.002	6.121870e-01	5.783923e-01	2.901803e-01	2.894256e-01	2.899151e-01
0	nP472	100	0	800	2	1	0.011	6.498608e-01	2.190526e-01	3.100130e-03	3.053878e-03	3.227395e-03
0	nP481	100	0	800	2	1	0.001	7.660962e-01	7.079165e-01	2.794975e-01	2.787452e-01	2.792484e-01
0	nP494	100	0	800	2	1	0.002	-5.411791e-01	5.784810e-01	3.498047e-01	3.490506e-01	3.494659e-01
0	nP521	100	0	800	2	1	0.003	-4.028706e-01	5.013659e-01	4.218984e-01	4.211719e-01	4.215053e-01
0	nP531	100	0	800	2	1	0.004	-4.390252e-01	3.795487e-01	2.477398e-01	2.470001e-01	2.475443e-01
0	nP543	100	0	800	2	1	0.001	-6.012416e-01	7.081160e-01	3.960957e-01	3.953564e-01	3.957179e-01
0	nP550	100	0	800	2	1	0.001	-2.146100e-01	7.083950e-01	7.620050e-01	7.616436e-01	7.617293e-01
0	nP578	100	0	800	2	1	0.002	6.441288e-01	5.783488e-01	2.657271e-01	2.649793e-01	2.655003e-01
0	nP588	100	0	800	2	1	0.001	-6.160090e-01	7.081001e-01	3.845914e-01	3.838473e-01	3.842218e-01
0	nP625	100	0	800	2	1	0.005	2.676642e-02	3.555558e-01	9.400104e-01	9.399166e-01	9.399356e-01
0	nP639	100	0	800	2	1	0.003	1.545945e-02	3.790478e-01	9.674775e-01	9.674266e-01	9.674369e-01
0	nP651	100	0	800	2	1	0.001	1.128648e+00	7.073082e-01	1.109530e-01	1.103950e-01	1.110747e-01
0	nP665	100	0	800	2	1	0.005	-3.903364e-01	2.894941e-01	1.779316e-01	1.772532e-01	1.778823e-01
0	nP704	100	0	800	2	1	0.011	2.292465e-01	2.451736e-01	3.500518e-01	3.492978e-01	3.497128e-01
0	nP721	100	0	800	2	1	0.005	2.634266e-01	3.175623e-01	4.070541e-01	4.063198e-01	4.066693e-01
0	nP730	100	0	800	2	1	0.004	-1.510252e-01	3.547337e-01	6.704103e-01	6.699246e-01	6.700572e-01
0	nP738	100	0	800	2	1	0.003	-3.801032e-01	4.089652e-01	3.529491e-01	3.521956e-01	3.526071e-01
0	nP753	100	0	800	2	1	0.001	8.276977e-01	7.078296e-01	2.426134e-01	2.418765e-01	2.424272e-01
0	nP791	100	0	800	2	1	0.004	1.116519e-01	4.100255e-01	7.854581e-01	7.851304e-01	7.852058e-01
0	nP809	100	0	800	2	1	0.001	-5.320902e-02	7.084332e-01	9.401476e-01	9.400540e-01	9.400730e-01
0	nP821	100	0	800	2	1	0.008	3.525640e-01	2.795281e-01	2.075755e-01	2.068647e-01	2.074594e-01
0	nP846	100	0	800	2	1	0.005	5.190323e-02	3.176939e-01	8.702646e-01	8.700632e-01	8.701057e-01
0	nP862	100	0	800	2	1	0.009	9.832389e-03	2.520939e-01	9.688978e-01	9.688492e-01	9.688589e-01
0	nP874	100	0	800	2	1	0.007	3.254228e-01	2.689179e-01	2.265914e-01	2.258649e-01	2.264360e-01
0	nP887	100	0	800	2	1	0.006	3.266217e-02	3.030961e-01	9.142118e-01	9.140779e-01	9.141054e-01
0	nP898	100	0	800	2	1	0.002	-3.967005e-02	4.479958e-01	9.294617e-01	9.293515e-01	9.293740e-01
0	nP912	100	0	800	2	1	0.001	9.070561e-01	7.077077e-01	2.003265e-01	1.996227e-01	2.002261e-01
0	nP924	100	0	800	2	1	0.003	6.900337e-01	5.009735e-01	1.687792e-01	1.681132e-01	1.687519e-01
0	nP935	100	0	800	2	1	0.003	2.275561e-01	4.488264e-01	6.122931e-01	6.117363e-01	6.119052e-01
0	nP949	100	0	800	2	1	0.003	-6.186009e-01	4.483643e-01	1.680705e-01	1.674054e-01	1.680449e-01
0	nP961	100	0	800	2	1	0.003	-2.100569e-01	3.789753e-01	5.795453e-01	5.789516e-01	5.791436e-01
0	nP975	100	0	800	2	1	0.003	-1.065494e+00	5.001484e-01	3.344749e-02	3.317157e-02	3.372756e-02
0	nP1005	100	0	800	2	1	0.001	-7.101148e-01	7.079896e-01	3.161641e-01	3.154068e-01	3.158634e-01
0	nP1032	100	0	800	2	1	0.002	-9.621112e-01	5.777952e-01	9.627689e-02	9.575682e-02	9.643733e-02
0	nP1066	100	0	800	2	1	0.004	-4.450257e-02	3.547705e-01	9.002065e-01	9.000510e-01	9.000831e-01
0	nP1079	100	0	800	2	1	0.006	-2.291398e-01	3.183189e-01	4.718322e-01	4.711385e-01	4.714214e-01
0	nP1092	100	0	800	2	1	0.001	-1.053006e+00	7.074544e-01	1.370292e-01	1.364152e-01	1.370820e-01
0	nP1116	100	0	800	2	1	0.001	5.989008e-01	7.081184e-01	3.979382e-01	3.971997e-01	3.975592e-01
0	nP1133	100	0	800	2	1	0.012	1.364320e-02	2.107218e-01	9.483932e-01	9.483125e-01	9.483288e-01
0	nP1168	100	0	800	2	1	0.005	-2.647033e-01	3.175610e-01	4.047835e-01	4.040481e-01	4.044000e-01
0	nP1180	100	0	800	2	1	0.008	-2.490483e-01	2.796676e-01	3.734576e-01	3.727096e-01	3.730969e-01
0	nP1222	100	0	800	2	1	0.003	9.665975e-01	5.004001e-01	5.375660e-02	5.338257e-02	5.401529e-02
0	nP1233	100	0	800	2	1	0.001	-5.422516e-01	7.081756e-01	4.440799e-01	4.433668e-01	4.436771e-01
0	nP1243	100	0	800	2	1	0.007	7.726572e-02	2.370223e-01	7.445211e-01	7.441350e-01	7.442288e-01
