chr	rs	ps	n_mis	n_obs	allele1	allele0	af	beta	se	p_wald	p_lrt	p_score
0	cP1	0	0	800	2	1	0.009	-1.529974e-01	2.446604e-01	5.319227e-01	5.312804e-01	5.315097e-01
0	cP14	0	0	800	2	1	0.009	-9.854331e-02	2.697773e-01	7.150018e-01	7.145750e-01	7.146833e-01
0	cP34	0	0	800	1	2	0.026	-2.399088e-01	1.525378e-01	1.161656e-01	1.155953e-01	1.162734e-01
0	cP46	0	0	800	2	1	0.018	-3.343095e-01	1.853702e-01	7.169159e-02	7.124823e-02	7.191336e-02
0	cP50	0	0	800	2	1	0.008	5.202312e-01	2.595468e-01	4.536650e-02	4.503000e-02	4.563780e-02
0	cP64	0	0	800	2	1	0.012	-3.327002e-01	2.320363e-01	1.520130e-01	1.513724e-01	1.520272e-01
0	cP78	0	0	800	2	1	0.084	1.694793e-01	9.131724e-02	6.383054e-02	6.341595e-02	6.406974e-02
0	cP84	0	0	800	1	2	0.164	1.132945e+00	5.414384e-02	7.598816e-78	4.409274e-78	1.185317e-54
0	nP9	0	0	800	2	1	0.019	-5.448254e-02	1.862034e-01	7.699064e-01	7.695562e-01	7.696384e-01
0	nP12	0	0	800	2	1	0.015	-1.645426e-01	2.073047e-01	4.275922e-01	4.268689e-01	4.271963e-01
0	nP15	0	0	800	2	1	0.013	3.453474e-01	2.262672e-01	1.273361e-01	1.267413e-01	1.274143e-01
0	nP20	0	0	800	2	1	0.007	-1.546729e-01	3.037467e-01	6.107410e-01	6.101823e-01	6.103523e-01
0	nP24	0	0	800	2	1	0.006	-4.137808e-01	3.180852e-01	1.936856e-01	1.929887e-01	1.935999e-01
0	nP34	0	0	800	2	1	0.005	7.208609e-01	3.546402e-01	4.241807e-02	4.209569e-02	4.269273e-02
0	nP37	0	0	800	2	1	0.005	2.324439e-01	3.554619e-01	5.133513e-01	5.126919e-01	5.129369e-01
0	nP40	0	0	800	2	1	0.004	-5.029344e-01	4.096579e-01	2.199239e-01	2.192025e-01	2.197820e-01
0	nP55	0	0	800	2	1	0.019	-3.810436e-03	1.721161e-01	9.823428e-01	9.823152e-01	9.823207e-01
0	nP61	0	0	800	2	1	0.007	6.366678e-01	3.029589e-01	3.591016e-02	3.562091e-02	3.618959e-02
0	nP87	0	0	800	2	1	0.009	-1.245574e-01	2.607801e-01	6.330415e-01	6.325093e-01	6.326646e-01
0	nP103	0	0	800	2	1	0.021	7.482727e-02	1.725047e-01	6.645730e-01	6.640799e-01	6.642159e-01
0	nP105	0	0	800	2	1	0.022	2.551918e-01	1.727265e-01	1.399543e-01	1.393348e-01	1.399995e-01
0	nP112	0	0	800	2	1	0.004	-3.535158e-02	4.100426e-01	9.313176e-01	9.312103e-01	9.312321e-01
0	nP139	0	0	800	2	1	0.004	-4.067020e-01	4.097917e-01	3.212738e-01	3.205166e-01	3.209669e-01
0	nP145	0	0	800	2	1	0.009	1.393740e-01	2.607707e-01	5.931656e-01	5.925869e-01	5.927691e-01
0	nP151	0	0	800	2	1	0.013	1.805027e-01	2.265071e-01	4.257482e-01	4.250238e-01	4.253531e-01
0	nP156	0	0	800	2	1	0.013	3.000139e-01	2.210231e-01	1.750421e-01	1.743675e-01	1.749997e-01
0	nP170	0	0	800	2	1	0.116	5.912435e-02	7.902473e-02	4.545748e-01	4.538687e-01	4.541684e-01
0	nP176	0	0	800	2	1	0.013	-3.951868e-01	2.208355e-01	7.391222e-02	7.346115e-02	7.412880e-02
0	nP181	0	0	800	2	1	0.035	2.679779e-01	1.383304e-01	5.306970e-02	5.269861e-02	5.332957e-02
0	nP182	0	0	800	2	1	0.013	-5.169215e-01	2.205202e-01	1.931747e-02	1.912885e-02	1.958151e-02
0	nP186	0	0	800	2	1	0.018	3.416851e-01	1.921190e-01	7.570108e-02	7.524392e-02	7.591342e-02
0	nP197	0	0	800	2	1	0.012	1.770772e-01	2.206501e-01	4.224884e-01	4.217622e-01	4.220950e-01
0	nP202	0	0	800	2	1	0.069	1.191069e-01	9.856438e-02	2.272446e-01	2.265176e-01	2.270879e-01
0	nP206	0	0	800	2	1	0.121	-8.124476e-02	7.570722e-02	2.835308e-01	2.827775e-01	2.832756e-01
0	nP209	0	0	800	2	1	0.032	-1.385854e-02	1.448066e-01	9.237799e-01	9.236609e-01	9.236852e-01
0	nP216	0	0	800	2	1	0.009	-1.278598e-01	2.607781e-01	6.240556e-01	6.235126e-01	6.236737e-01
0	nP226	0	0	800	2	1	0.007	3.372988e-01	3.035613e-01	2.668432e-01	2.660949e-01	2.666145e-01
0	nP229	0	0	800	2	1	0.033	2.670427e-01	1.391283e-01	5.529025e-02	5.490975e-02	5.554623e-02
0	nP231	0	0	800	2	1	0.006	7.017301e-01	3.174518e-01	2.735282e-02	2.711206e-02	2.763086e-02
0	nP233	0	0	800	2	1	0.018	2.014867e-01	1.923672e-01	2.952291e-01	2.944735e-01	2.949566e-01
0	nP238	0	0	800	2	1	0.009	-9.403760e-02	2.697793e-01	7.275023e-01	7.270926e-01	7.271946e-01
0	nP249	0	0	800	2	1	0.004	5.412855e-01	3.793832e-01	1.540427e-01	1.533988e-01	1.540518e-01
0	nP252	0	0	800	2	1	0.004	4.865811e-01	3.794761e-01	2.001292e-01	1.994256e-01	2.000293e-01
0	nP258	0	0	800	2	1	0.016	-2.489649e-01	1.993130e-01	2.119893e-01	2.112744e-01	2.118638e-01
0	nP266	0	0	800	2	1	0.041	-1.636184e-01	1.263820e-01	1.958211e-01	1.951219e-01	1.957307e-01
0	nP273	0	0	800	2	1	0.042	-2.258614e-01	1.216303e-01	6.368664e-02	6.327260e-02	6.392615e-02
0	nP280	0	0	800	2	1	0.014	3.592214e-01	2.159555e-01	9.662397e-02	9.610295e-02	9.678351e-02
0	nP286	0	0	800	2	1	0.011	3.883584e-01	2.449224e-01	1.132175e-01	1.126541e-01	1.133332e-01
0	nP288	0	0	800	2	1	0.028	-1.199736e-01	1.534868e-01	4.346498e-01	4.339306e-01	4.342507e-01
0	nP294	0	0	800	2	1	0.004	-2.094713e-02	4.100439e-01	9.592705e-01	9.592068e-01	9.592196e-01
0	nP299	0	0	800	2	1	0.004	1.752512e-01	4.099976e-01	6.691710e-01	6.686837e-01	6.688170e-01
0	nP305	0	0	800	2	1	0.037	-1.375056e-02	1.297210e-01	9.156082e-01	9.154766e-01	9.155035e-01
0	nP316	0	0	800	2	1	0.006	-4.884813e-01	2.898569e-01	9.233136e-02	9.182242e-02	9.250207e-02
0	nP321	0	0	800	2	1	0.004	2.978281e-01	4.099090e-01	4.677017e-01	4.670049e-01	4.672918e-01
0	nP329	0	0	800	2	1	0.007	1.201062e-01	3.037663e-01	6.926605e-01	6.922038e-01	6.923239e-01
0	nP334	0	0	800	2	1	0.006	-7.003648e-01	3.345168e-01	3.660522e-02	3.631230e-02	3.688434e-02
0	nP336	0	0	800	2	1	0.113	-1.373894e-02	7.973033e-02	8.632315e-01	8.630194e-01	8.630644e-01
0	nP350	0	0	800	2	1	0.011	4.915092e-01	2.446901e-01	4.490528e-02	4.457095e-02	4.517716e-02
0	nP352	0	0	800	2	1	0.021	8.200897e-03	1.702221e-01	9.615867e-01	9.615266e-01	9.615387e-01
0	nP360	0	0	800	2	1	0.005	-2.126470e-02	3.555563e-01	9.523244e-01	9.522499e-01	9.522649e-01
0	nP369	0	0	800	2	1	0.016	-6.856347e-02	2.033130e-01	7.360313e-01	7.356334e-01	7.357313e-01
0	nP370	0	0	800	2	1	0.029	6.388968e-02	1.519512e-01	6.742614e-01	6.737807e-01	6.739110e-01
0	nP372	0	0	800	2	1	0.007	-2.830254e-01	2.908745e-01	3.308405e-01	3.300838e-01	3.305222e-01
0	nP374	0	0	800	2	1	0.009	-1.004284e-01	2.697764e-01	7.097942e-01	7.093604e-01	7.094714e-01
0	nP380	0	0	800	2	1	0.023	3.924766e-02	1.684376e-01	8.158133e-01	8.155301e-01	8.155930e-01
0	nP394	0	0	800	2	1	0.004	-5.892478e-01	4.095137e-01	1.505719e-01	1.499338e-01	1.505899e-01
0	nP401	0	0	800	2	1	0.004	-4.716123e-01	3.794997e-01	2.143357e-01	2.136189e-01	2.142053e-01
0	nP421	0	0	800	2	1	0.016	-6.229629e-03	2.033274e-01	9.755656e-01	9.755273e-01	9.755350e-01
0	nP425	0	0	800	2	1	0.012	4.252280e-01	2.318468e-01	6.701282e-02	6.658630e-02	6.724515e-02
0	nP436	0	0	800	2	1	0.037	6.118556e-02	1.342978e-01	6.488044e-01	6.482915e-01	6.484369e-01
0	nP450	0	0	800	2	1	0.013	7.275063e-02	2.212632e-01	7.423955e-01	7.420064e-01	7.421012e-01
0	nP476	0	0	800	2	1	0.006	1.276732e-01	3.354038e-01	7.035604e-01	7.031182e-01	7.032324e-01
0	nP495	0	0	800	2	1	0.016	1.802921e-01	1.953144e-01	3.562410e-01	3.554883e-01	3.558958e-01
0	nP497	0	0	800	2	1	0.016	1.929633e-01	1.952992e-01	3.234328e-01	3.226756e-01	3.231232e-01
0	nP513	0	0	800	2	1	0.014	-1.509126e-01	2.162635e-01	4.854944e-01	4.848113e-01	4.850814e-01
0	nP518	0	0	800	2	1	0.004	1.297414e-01	3.798390e-01	7.327648e-01	7.323623e-01	7.324618e-01
0	nP525	0	0	800	2	1	0.004	1.319355e-01	3.798381e-01	7.284225e-01	7.280140e-01	7.281156e-01
0	nP528	0	0	800	2	1	0.008	-1.519978e-01	2.797548e-01	5.870577e-01	5.864723e-01	5.866588e-01
0	nP531	0	0	800	2	1	0.031	-7.097745e-02	1.461292e-01	6.273012e-01	6.267621e-01	6.269210e-01
0	nP533	0	0	800	2	1	0.035	7.971426e-02	1.386266e-01	5.654340e-01	5.648253e-01	5.650278e-01
0	nP535	0	0	800	2	1	0.028	-1.253275e-01	1.515103e-01	4.083780e-01	4.076444e-01	4.079924e-01
0	nP548	0	0	800	2	1	0.006	1.281281e-01	3.354036e-01	7.025543e-01	7.021108e-01	7.022256e-01
0	nP568	0	0	800	2	1	0.015	1.332844e-01	2.073328e-01	5.205045e-01	5.198515e-01	5.200904e-01
0	nP583	0	0	800	2	1	0.008	-4.474604e-01	2.793578e-01	1.096075e-01	1.090527e-01	1.097327e-01
0	nP587	0	0	800	2	1	0.007	-6.637633e-01	2.900970e-01	2.239393e-02	2.218445e-02	2.266526e-02
0	nP596	0	0	800	2	1	0.005	-8.074237e-01	3.544064e-01	2.297568e-02	2.276238e-02	2.324809e-02
0	nP599	0	0	800	2	1	0.021	1.854031e-01	1.777733e-01	2.973017e-01	2.965458e-01	2.970263e-01
0	nP606	0	0	800	2	1	0.010	-1.899898e-01	2.526068e-01	4.522026e-01	4.514948e-01	4.517970e-01
0	nP615	0	0	800	2	1	0.004	-4.843316e-02	3.798629e-01	8.985755e-01	8.984175e-01	8.984502e-01
0	nP617	0	0	800	2	1	0.004	4.362327e-01	3.795528e-01	2.507629e-01	2.500216e-01	2.505619e-01
0	nP619	0	0	800	2	1	0.025	-1.428254e-01	1.581321e-01	3.666907e-01	3.659407e-01	3.663359e-01
0	nP627	0	0	800	2	1	0.004	-1.387294e-01	3.798350e-01	7.150320e-01	7.146053e-01	7.147136e-01
0	nP630	0	0	800	2	1	0.004	-2.274050e-01	4.099655e-01	5.792601e-01	5.786662e-01	5.788584e-01
0	nP635	0	0	800	2	1	0.011	-1.996153e-01	2.452061e-01	4.158469e-01	4.151171e-01	4.154570e-01
0	nP640	0	0	800	2	1	0.026	-3.407349e-01	1.599828e-01	3.349169e-02	3.321553e-02	3.377176e-02
0	nP644	0	0	800	2	1	0.004	1.996948e-01	3.798010e-01	5.991816e-01	5.986097e-01	5.987876e-01
0	nP648	0	0	800	2	1	0.026	1.929125e-01	1.602914e-01	2.291355e-01	2.284072e-01	2.289751e-01
0	nP657	0	0	800	2	1	0.007	-1.094910e-01	2.910212e-01	7.068457e-01	7.064079e-01	7.065204e-01
0	nP665	0	0	800	2	1	0.008	9.706826e-02	2.797855e-01	7.287292e-01	7.283212e-01	7.284226e-01
0	nP666	0	0	800	2	1	0.034	-4.101811e-02	1.332846e-01	7.583541e-01	7.579875e-01	7.580749e-01
0	nP678	0	0	800	2	1	0.024	1.358236e-01	1.642125e-01	4.084157e-01	4.076821e-01	4.080301e-01
0	nP681	0	0	800	2	1	0.005	-1.418789e-01	3.555216e-01	6.899466e-01	6.894863e-01	6.896079e-01
0	nP688	0	0	800	2	1	0.030	-1.289874e-01	1.456989e-01	3.762609e-01	3.755139e-01	3.758979e-01
0	nP718	0	0	800	2	1	0.028	6.400168e-02	1.535288e-01	6.768850e-01	6.764077e-01	6.765366e-01
0	nP722	0	0	800	2	1	0.004	-7.506043e-01	3.789363e-01	4.795452e-02	4.760605e-02	4.822238e-02
0	nP748	0	0	800	2	1	0.021	-6.737412e-02	1.753569e-01	7.009242e-01	7.004784e-01	7.005941e-01
0	nP762	0	0	800	2	1	0.004	2.795542e-01	4.099251e-01	4.954595e-01	4.947846e-01	4.950456e-01
0	nP774	0	0	800	2	1	0.016	8.749599e-02	1.994837e-01	6.610613e-01	6.605637e-01	6.607017e-01
0	nP778	0	0	800	2	1	0.006	-1.035867e-01	3.354142e-01	7.575299e-01	7.571621e-01	7.572498e-01
0	nP780	0	0	800	2	1	0.013	5.893860e-03	2.265972e-01	9.792556e-01	9.792231e-01	9.792297e-01
0	nP801	0	0	800	2	1	0.014	-2.676979e-02	2.117084e-01	8.994103e-01	8.992537e-01	8.992860e-01
0	nP808	0	0	800	2	1	0.005	6.520194e-01	3.548071e-01	6.648225e-02	6.605769e-02	6.671575e-02
0	nP812	0	0	800	2	1	0.008	-1.571093e-01	2.797513e-01	5.745439e-01	5.739449e-01	5.741406e-01
0	nP817	0	0	800	2	1	0.004	-2.364283e-01	4.099591e-01	5.642967e-01	5.636868e-01	5.638903e-01
0	nP821	0	0	800	2	1	0.024	7.835069e-02	1.662981e-01	6.376652e-01	6.371386e-01	6.372909e-01
0	nP829	0	0	800	2	1	0.006	4.426887e-02	3.354306e-01	8.950363e-01	8.948729e-01	8.949068e-01
0	nP835	0	0	800	2	1	0.006	-1.019014e-02	3.354341e-01	9.757724e-01	9.757345e-01	9.757421e-01
0	nP854	0	0	800	2	1	0.004	5.564652e-01	4.095711e-01	1.746403e-01	1.739663e-01	1.745989e-01
0	nP869	0	0	800	2	1	0.036	2.535587e-01	1.313151e-01	5.384709e-02	5.347269e-02	5.410563e-02
0	nP872	0	0	800	2	1	0.004	5.105547e-02	4.100406e-01	9.009403e-01	9.007860e-01	9.008178e-01
0	nP892	0	0	800	2	1	0.016	-5.718037e-01	1.909504e-01	2.833760e-03	2.790756e-03	2.955055e-03
0	nP900	0	0	800	2	1	0.016	1.021972e-01	1.994749e-01	6.085611e-01	6.080000e-01	6.081714e-01
0	nP923	0	0	800	2	1	0.005	-8.714873e-02	3.555437e-01	8.064312e-01	8.061341e-01	8.062008e-01
0	nP926	0	0	800	2	1	0.006	1.763611e-01	3.183610e-01	5.797575e-01	5.791641e-01	5.793560e-01
0	nP937	0	0	800	2	1	0.027	6.390755e-02	1.568518e-01	6.837949e-01	6.833265e-01	6.834515e-01
0	nP938	0	0	800	2	1	0.006	1.290983e-01	3.354031e-01	7.004104e-01	6.999639e-01	7.000799e-01
0	nP950	0	0	800	2	1	0.017	-4.591957e-02	1.958982e-01	8.147305e-01	8.144456e-01	8.145089e-01
0	nP955	0	0	800	2	1	0.031	1.516027e-01	1.443301e-01	2.938574e-01	2.931020e-01	2.935868e-01
0	nP966	0	0	800	2	1	0.009	3.809595e-01	2.604685e-01	1.439724e-01	1.433456e-01	1.440072e-01
0	nP972	0	0	800	2	1	0.008	-1.220869e-01	2.797732e-01	6.626803e-01	6.621848e-01	6.623219e-01
0	nP978	0	0	800	2	1	0.016	1.146768e-01	1.953765e-01	5.574014e-01	5.567844e-01	5.569932e-01
0	nP981	0	0	800	2	1	0.006	-3.775282e-01	3.351679e-01	2.603411e-01	2.595953e-01	2.601233e-01
0	nP985	0	0	800	2	1	0.004	1.592590e-01	4.100058e-01	6.978006e-01	6.973507e-01	6.974681e-01
0	nP994	0	0	800	2	1	0.004	-1.382765e-01	4.100153e-01	7.360193e-01	7.356213e-01	7.357192e-01
0	nP1000	0	0	800	2	1	0.017	-1.596957e-01	1.958233e-01	4.150244e-01	4.142941e-01	4.146349e-01
0	nP1009	0	0	800	2	1	0.005	-1.548261e-01	3.555148e-01	6.633186e-01	6.628239e-01	6.629606e-01
0	nP1022	0	0	800	2	1	0.009	-1.569197e-01	2.697426e-01	5.609070e-01	5.602936e-01	5.604997e-01
0	nP1070	0	0	800	2	1	0.010	-1.760570e-01	2.526194e-01	4.860522e-01	4.853695e-01	4.856391e-01
0	nP1072	0	0	800	2	1	0.008	1.899169e-01	2.797258e-01	4.973731e-01	4.966998e-01	4.969590e-01
0	nP1075	0	0	800	2	1	0.048	-1.345994e-01	1.198559e-01	2.617709e-01	2.610246e-01	2.615507e-01
0	nP1076	0	0	800	2	1	0.004	-8.080586e-01	3.787882e-01	3.320683e-02	3.293225e-02	3.348693e-02
0	nP1081	0	0	800	2	1	0.037	3.348154e-02	1.255642e-01	7.898084e-01	7.894870e-01	7.895605e-01
0	nP1090	0	0	800	2	1	0.006	7.845401e-01	3.172088e-01	1.359583e-02	1.344977e-02	1.383702e-02
0	nP1094	0	0	800	2	1	0.014	2.857713e-02	2.117081e-01	8.926589e-01	8.924918e-01	8.925265e-01
0	nP1103	0	0	800	2	1	0.006	-1.105931e-01	3.354114e-01	7.416952e-01	7.413052e-01	7.414003e-01
0	nP1116	0	0	800	2	1	0.010	8.733186e-02	2.526774e-01	7.297150e-01	7.293083e-01	7.294092e-01
0	nP1126	0	0	800	2	1	0.031	-9.897613e-02	1.430864e-01	4.893126e-01	4.886326e-01	4.888992e-01
0	nP1133	0	0	800	2	1	0.005	-6.370643e-02	3.555499e-01	8.578441e-01	8.576238e-01	8.576708e-01
0	nP1140	0	0	800	2	1	0.009	7.600437e-02	2.697864e-01	7.782308e-01	7.778926e-01	7.779711e-01
0	nP1146	0	0	800	2	1	0.011	1.458897e-01	2.452536e-01	5.521107e-01	5.514883e-01	5.517012e-01
0	nP1155	0	0	800	2	1	0.013	1.077642e-01	2.212453e-01	6.263352e-01	6.257949e-01	6.259545e-01
0	nP1161	0	0	800	2	1	0.089	1.209999e-02	8.535164e-02	8.873004e-01	8.871250e-01	8.871616e-01
0	nP1167	0	0	800	2	1	0.079	-4.988401e-02	9.532248e-02	6.008980e-01	6.003280e-01	6.005048e-01
0	nP1171	0	0	800	2	1	0.009	-6.635012e-02	2.520832e-01	7.924588e-01	7.921412e-01	7.922137e-01
0	nP1174	0	0	800	2	1	0.005	1.149235e-01	3.555338e-01	7.465965e-01	7.462133e-01	7.463061e-01
0	nP1187	0	0	800	2	1	0.006	-1.445440e-01	3.183811e-01	6.499545e-01	6.494430e-01	6.495877e-01
0	nP1189	0	0	800	2	1	0.014	2.684310e-01	2.026029e-01	1.855797e-01	1.848919e-01	1.855125e-01
0	nP1192	0	0	800	2	1	0.007	1.235074e-01	2.910142e-01	6.713860e-01	6.709016e-01	6.710336e-01
0	nP1205	0	0	800	2	1	0.016	2.867503e-02	1.995052e-01	8.857494e-01	8.855717e-01	8.856087e-01
0	nP1207	0	0	800	2	1	0.012	8.456660e-02	2.323157e-01	7.159426e-01	7.155171e-01	7.156249e-01
0	nP1216	0	0	800	2	1	0.022	-2.248905e-02	1.706531e-01	8.951898e-01	8.950266e-01	8.950604e-01
0	nP1227	0	0	800	2	1	0.009	-2.743300e-01	2.606365e-01	2.928711e-01	2.921159e-01	2.926020e-01
0	nP1240	0	0	800	2	1	0.014	-1.347198e-02	2.117100e-01	9.492775e-01	9.491982e-01	9.492142e-01
0	nP1244	0	0	800	2	1	0.046	-1.415870e-01	1.129422e-01	2.103463e-01	2.096329e-01	2.102243e-01
0	nP1252	0	0	800	2	1	0.014	-3.816288e-01	2.159073e-01	7.751678e-02	7.705355e-02	7.772475e-02
0	nP1253	0	0	800	2	1	0.005	1.762779e-01	3.555023e-01	6.201327e-01	6.195851e-01	6.197488e-01
0	nP1259	0	0	800	2	1	0.010	-2.180766e-01	2.525784e-01	3.881761e-01	3.874335e-01	3.878040e-01
0	nP1263	0	0	800	2	1	0.023	1.298196e-01	1.683806e-01	4.409417e-01	4.402265e-01	4.405400e-01
0	nP1266	0	0	800	2	1	0.008	-3.833458e-01	2.794773e-01	1.705571e-01	1.698886e-01	1.705255e-01
0	nP1274	0	0	800	2	1	0.005	-5.213028e-01	3.550779e-01	1.424612e-01	1.418372e-01	1.424999e-01
0	nP1277	0	0	800	2	1	0.010	-2.035890e-01	2.525935e-01	4.204860e-01	4.197587e-01	4.200936e-01
0	nP1280	0	0	800	2	1	0.081	6.127452e-02	9.174984e-02	5.044267e-01	5.037594e-01	5.040123e-01
0	nP941	11	0	800	2	1	0.021	-3.056418e-01	1.775651e-01	8.558493e-02	8.509599e-02	8.577291e-02
0	nP2	14	0	800	2	1	0.027	1.594299e-01	1.530453e-01	2.978586e-01	2.971027e-01	2.975824e-01
0	nP80	14	0	800	2	1	0.023	2.697513e-01	1.593527e-01	9.088498e-02	9.038022e-02	9.105942e-02
0	nP322	14	0	800	2	1	0.007	-4.768526e-02	3.037913e-01	8.753104e-01	8.751168e-01	8.751575e-01
0	nP711	14	0	800	2	1	0.031	-1.745337e-01	1.474069e-01	2.367550e-01	2.360217e-01	2.365799e-01
0	nP837	14	0	800	2	1	0.023	-1.822257e-01	1.683198e-01	2.793057e-01	2.785535e-01	2.790570e-01
0	nP847	14	0	800	2	1	0.017	-9.065015e-03	1.959046e-01	9.631046e-01	9.630468e-01	9.630584e-01
0	nP873	14	0	800	2	1	0.037	8.153642e-02	1.306281e-01	5.326829e-01	5.320413e-01	5.322700e-01
0	nP1037	14	0	800	2	1	0.049	-3.260657e-02	1.138792e-01	7.747028e-01	7.743595e-01	7.744396e-01
0	nP337	17	0	800	2	1	0.005	-1.898045e-01	3.554936e-01	5.935469e-01	5.929686e-01	5.931505e-01
0	nP465	17	0	800	2	1	0.013	3.788324e-01	2.208714e-01	8.670199e-02	8.620965e-02	8.688714e-02
0	nP855	17	0	800	2	1	0.011	2.476467e-01	2.451512e-01	3.127155e-01	3.119583e-01	3.124193e-01
0	cP17	20	0	800	2	1	0.098	-4.931810e-01	8.350335e-02	5.181340e-09	4.904446e-09	1.021267e-08
0	cP59	20	0	800	2	1	0.008	-4.039086e-01	2.794410e-01	1.487335e-01	1.480985e-01	1.487562e-01
0	nP146	20	0	800	2	1	0.020	-1.474580e-01	1.804595e-01	4.141008e-01	4.133701e-01	4.137119e-01
0	nP451	20	0	800	2	1	0.011	-4.279823e-02	2.453033e-01	8.615398e-01	8.613252e-01	8.613708e-01
0	nP505	20	0	800	2	1	0.004	-4.098043e-02	3.798640e-01	9.141165e-01	9.139825e-01	9.140100e-01
0	nP986	20	0	800	2	1	0.012	1.570382e-01	2.322685e-01	4.991690e-01	4.984972e-01	4.987548e-01
0	nP1004	20	0	800	2	1	0.091	4.470062e-02	8.663529e-02	6.060230e-01	6.054590e-01	6.056321e-01
0	nP1063	20	0	800	2	1	0.007	-1.310660e-01	2.910101e-01	6.525566e-01	6.520483e-01	6.521914e-01
0	cP23	25	0	800	2	1	0.004	-7.230836e-01	4.092448e-01	7.763175e-02	7.716813e-02	7.783944e-02
0	cP66	25	0	800	2	1	0.010	2.038877e-01	2.378652e-01	3.916159e-01	3.908747e-01	3.912412e-01
0	nP16	25	0	800	2	1	0.074	7.697846e-03	9.659905e-02	9.365049e-01	9.364057e-01	9.364258e-01
0	nP65	25	0	800	2	1	0.037	2.459530e-02	1.329436e-01	8.532717e-01	8.530445e-01	8.530932e-01
0	nP152	25	0	800	2	1	0.008	-1.698673e-01	2.601299e-01	5.139381e-01	5.132792e-01	5.135238e-01
0	nP193	25	0	800	2	1	0.058	-3.593423e-02	1.082585e-01	7.400295e-01	7.396371e-01	7.397330e-01
0	nP222	25	0	800	2	1	0.033	-1.683151e-03	1.368172e-01	9.901876e-01	9.901722e-01	9.901753e-01
0	nP239	25	0	800	2	1	0.014	2.393844e-01	2.115409e-01	2.581332e-01	2.573884e-01	2.579192e-01
0	nP402	25	0	800	2	1	0.033	-1.205855e-01	1.434406e-01	4.007874e-01	4.000502e-01	4.004065e-01
0	nP417	25	0	800	2	1	0.016	-1.540594e-01	1.994332e-01	4.400551e-01	4.393393e-01	4.396538e-01
0	nP428	25	0	800	2	1	0.030	1.090095e-01	1.457193e-01	4.546330e-01	4.539268e-01	4.542265e-01
0	nP472	25	0	800	2	1	0.007	1.466401e-01	2.910007e-01	6.144591e-01	6.139048e-01	6.140723e-01
0	nP564	25	0	800	2	1	0.013	1.314556e-01	2.212292e-01	5.525431e-01	5.519211e-01	5.521337e-01
0	nP631	25	0	800	2	1	0.032	-9.438549e-02	1.390582e-01	4.974943e-01	4.968211e-01	4.970802e-01
0	nP649	25	0	800	2	1	0.034	-1.049062e-01	1.409613e-01	4.569625e-01	4.562580e-01	4.565554e-01
0	nP658	25	0	800	2	1	0.004	8.865648e-01	3.785681e-01	1.943144e-02	1.924202e-02	1.969580e-02
0	nP726	25	0	800	2	1	0.016	4.800709e-01	1.946783e-01	1.387351e-02	1.372526e-02	1.411617e-02
0	nP797	25	0	800	2	1	0.033	-8.703088e-02	1.422056e-01	5.407073e-01	5.400735e-01	5.402956e-01
0	nP1058	25	0	800	2	1	0.033	-1.366831e-01	1.353065e-01	3.127181e-01	3.119609e-01	3.124218e-01
0	nP1084	25	0	800	2	1	0.044	-2.229608e-01	1.170911e-01	5.724820e-02	5.685961e-02	5.750059e-02
0	nP1105	25	0	800	2	1	0.039	-3.151435e-03	1.300557e-01	9.806741e-01	9.806438e-01	9.806499e-01
0	nP1163	25	0	800	2	1	0.016	1.451549e-01	2.032625e-01	4.753586e-01	4.746676e-01	4.749472e-01
0	nP1180	25	0	800	2	1	0.044	-9.566684e-02	1.196567e-01	4.242323e-01	4.235071e-01	4.238380e-01
0	nP1220	25	0	800	2	1	0.009	5.955219e-02	2.697916e-01	8.253560e-01	8.250869e-01	8.251461e-01
0	nP1281	25	0	800	2	1	0.004	-7.537464e-01	3.789285e-01	4.702547e-02	4.668125e-02	4.729462e-02
0	nP81	29	0	800	2	1	0.013	1.084808e-01	2.212448e-01	6.240421e-01	6.234991e-01	6.236602e-01
0	nP89	29	0	800	2	1	0.004	1.519561e-01	4.100093e-01	7.110218e-01	7.105896e-01	7.107000e-01
0	nP712	29	0	800	2	1	0.011	-2.143176e-02	2.385476e-01	9.284348e-01	9.283230e-01	9.283457e-01
0	nP732	29	0	800	2	1	0.032	-1.913542e-01	1.446489e-01	1.862519e-01	1.855634e-01	1.861832e-01
0	nP838	29	0	800	2	1	0.009	1.030699e-01	2.607918e-01	6.927868e-01	6.923302e-01	6.924502e-01
0	nP874	29	0	800	2	1	0.006	4.437582e-01	3.180345e-01	1.633092e-01	1.626510e-01	1.632952e-01
0	cP9	33	0	800	2	1	0.004	-2.774756e-01	3.797398e-01	4.651773e-01	4.644787e-01	4.647681e-01
0	cP47	33	0	800	2	1	0.019	-2.156454e-01	1.860569e-01	2.467908e-01	2.460515e-01	2.465969e-01
0	cP79	33	0	800	2	1	0.014	3.613825e-02	2.117067e-01	8.645032e-01	8.642931e-01	8.643376e-01
0	nP51	33	0	800	2	1	0.008	-1.420238e-01	2.797614e-01	6.118318e-01	6.112744e-01	6.114436e-01
0	nP58	33	0	800	2	1	0.011	2.500266e-01	2.451482e-01	3.080852e-01	3.073282e-01	3.077950e-01
0	nP183	33	0	800	2	1	0.005	2.762588e-01	3.554226e-01	4.372307e-01	4.365132e-01	4.368306e-01
0	nP189	33	0	800	2	1	0.004	3.889416e-01	4.098133e-01	3.428723e-01	3.421170e-01	3.425406e-01
0	nP217	33	0	800	2	1	0.014	-1.752936e-01	2.162405e-01	4.178130e-01	4.170842e-01	4.174220e-01
0	nP267	33	0	800	2	1	0.006	-8.112873e-02	3.184093e-01	7.989480e-01	7.986399e-01	7.987096e-01
0	nP347	33	0	800	2	1	0.006	-5.069342e-02	3.354295e-01	8.799114e-01	8.797248e-01	8.797639e-01
0	nP361	33	0	800	2	1	0.016	2.117574e-01	1.993669e-01	2.884893e-01	2.877348e-01	2.882266e-01
0	nP446	33	0	800	2	1	0.006	2.859619e-01	3.182613e-01	3.691832e-01	3.684339e-01	3.688262e-01
0	nP569	33	0	800	2	1	0.037	4.578649e-02	1.329366e-01	7.306185e-01	7.302131e-01	7.303136e-01
0	nP588	33	0	800	2	1	0.029	-6.524299e-02	1.485617e-01	6.606614e-01	6.601633e-01	6.603016e-01
0	nP603	33	0	800	2	1	0.011	-1.589588e-01	2.452434e-01	5.170632e-01	5.164071e-01	5.166489e-01
0	nP607	33	0	800	2	1	0.006	-1.328115e-01	3.354013e-01	6.922272e-01	6.917700e-01	6.918903e-01
0	nP645	33	0	800	2	1	0.005	3.555209e-01	3.553343e-01	3.173597e-01	3.166024e-01	3.170576e-01
0	nP690	33	0	800	2	1	0.006	3.368766e-01	3.181988e-01	2.900575e-01	2.893028e-01	2.897925e-01
0	nP695	33	0	800	2	1	0.009	2.445089e-01	2.606737e-01	3.485341e-01	3.477797e-01	3.481965e-01
0	nP766	33	0	800	2	1	0.005	-1.920305e-01	3.554921e-01	5.892220e-01	5.886390e-01	5.888240e-01
0	nP783	33	0	800	2	1	0.006	3.729283e-01	3.181485e-01	2.414733e-01	2.407371e-01	2.412893e-01
0	nP788	33	0	800	2	1	0.124	-8.798613e-03	7.479072e-02	9.063801e-01	9.062341e-01	9.062642e-01
0	nP805	33	0	800	2	1	0.013	-1.303258e-01	2.212301e-01	5.559633e-01	5.553448e-01	5.555547e-01
0	nP832	33	0	800	2	1	0.007	1.107491e-01	2.910206e-01	7.036353e-01	7.031932e-01	7.033075e-01
0	nP881	33	0	800	2	1	0.021	5.522390e-02	1.753622e-01	7.529098e-01	7.525355e-01	7.526254e-01
0	nP896	33	0	800	2	1	0.011	-1.490637e-01	2.452512e-01	5.434928e-01	5.428618e-01	5.430816e-01
0	nP914	33	0	800	2	1	0.096	5.116667e-02	8.505034e-02	5.476082e-01	5.469813e-01	5.471978e-01
0	nP934	33	0	800	2	1	0.034	-9.537893e-02	1.371223e-01	4.868970e-01	4.862151e-01	4.864839e-01
0	nP943	33	0	800	2	1	0.014	-5.639580e-02	2.163203e-01	7.943872e-01	7.940724e-01	7.941441e-01
0	nP969	33	0	800	2	1	0.007	3.963295e-01	3.034719e-01	1.919343e-01	1.912393e-01	1.918526e-01
0	nP982	33	0	800	2	1	0.034	-1.447420e-01	1.345594e-01	2.823983e-01	2.816453e-01	2.821448e-01
0	nP997	33	0	800	2	1	0.007	1.370232e-01	2.910066e-01	6.378697e-01	6.373434e-01	6.374956e-01
0	nP1095	33	0	800	2	1	0.006	4.824334e-01	3.179639e-01	1.295975e-01	1.289981e-01	1.296698e-01
0	nP1143	33	0	800	2	1	0.010	5.720053e-02	2.379661e-01	8.101031e-01	8.098114e-01	8.098766e-01
0	nP1147	33	0	800	2	1	0.021	-5.381884e-02	1.778842e-01	7.623118e-01	7.619508e-01	7.620363e-01
0	nP1168	33	0	800	2	1	0.011	4.468973e-02	2.385436e-01	8.514385e-01	8.512085e-01	8.512578e-01
0	nP1208	33	0	800	2	1	0.014	-1.789488e-01	2.162368e-01	4.081674e-01	4.074337e-01	4.077819e-01
0	nP1241	33	0	800	2	1	0.009	9.391618e-02	2.697793e-01	7.278402e-01	7.274309e-01	7.275328e-01
0	nP1288	33	0	800	2	1	0.013	4.120074e-02	2.265926e-01	8.557643e-01	8.555409e-01	8.555887e-01
0	cP3	40	0	800	2	1	0.237	2.603425e-01	5.787828e-02	7.874047e-06	7.620578e-06	9.910191e-06
0	cP42	40	0	800	2	1	0.004	2.037604e-01	3.797983e-01	5.917650e-01	5.911848e-01	5.913680e-01
0	cP60	40	0	800	2	1	0.019	1.228758e-01	1.832528e-01	5.027163e-01	5.020476e-01	5.023020e-01
0	nP147	40	0	800	2	1	0.013	-3.380632e-01	2.262810e-01	1.355717e-01	1.349605e-01	1.356283e-01
0	nP172	40	0	800	2	1	0.014	-8.792410e-02	2.116877e-01	6.779987e-01	6.775228e-01	6.776510e-01
0	nP275	40	0	800	2	1	0.008	-4.680461e-02	2.798016e-01	8.671938e-01	8.669878e-01	8.670314e-01
0	nP376	40	0	800	2	1	0.006	7.277144e-01	3.344436e-01	2.985579e-02	2.960019e-02	3.013536e-02
0	nP506	40	0	800	2	1	0.028	3.389580e-01	1.495724e-01	2.370738e-02	2.348934e-02	2.398103e-02
0	nP544	40	0	800	2	1	0.024	1.152565e-01	1.662712e-01	4.883958e-01	4.877151e-01	4.879825e-01
0	nP987	40	0	800	2	1	0.007	-4.426376e-01	2.906249e-01	1.281413e-01	1.275449e-01	1.282174e-01
0	nP1005	40	0	800	2	1	0.011	-3.484859e-01	2.382296e-01	1.439118e-01	1.432851e-01	1.439467e-01
0	nP1017	40	0	800	2	1	0.013	4.846319e-01	2.206121e-01	2.832445e-02	2.807786e-02	2.860322e-02
0	nP1046	40	0	800	2	1	0.007	2.043773e-01	3.037099e-01	5.011828e-01	5.005127e-01	5.007685e-01
0	nP1064	40	0	800	2	1	0.007	-4.632741e-02	2.910424e-01	8.735693e-01	8.733730e-01	8.734143e-01
0	nP1157	40	0	800	2	1	0.033	-1.648252e-01	1.433855e-01	2.506841e-01	2.499428e-01	2.504832e-01
0	cP73	43	0	800	1	2	0.010	7.087125e-01	2.514478e-01	4.943846e-03	4.876646e-03	5.104928e-03
0	nP82	43	0	800	2	1	0.018	1.754962e-01	1.827392e-01	3.371627e-01	3.364066e-01	3.368372e-01
0	nP875	43	0	800	2	1	0.019	1.642236e-02	1.745166e-01	9.250517e-01	9.249347e-01	9.249586e-01
0	nP1039	43	0	800	2	1	0.021	-1.428969e-01	1.778225e-01	4.218713e-01	4.211447e-01	4.214782e-01
0	cP24	50	0	800	2	1	0.008	-4.873168e-02	2.798012e-01	8.617797e-01	8.615654e-01	8.616110e-01
0	cP31	50	0	800	2	1	0.006	4.955271e-01	3.179387e-01	1.194966e-01	1.189188e-01	1.195956e-01
0	cP51	50	0	800	2	1	0.039	5.644383e-01	1.275835e-01	1.103031e-05	1.068605e-05	1.367682e-05
0	cP55	50	0	800	1	2	0.049	-5.374703e-01	1.138102e-01	2.751562e-06	2.654576e-06	3.640040e-06
0	cP67	50	0	800	1	2	0.061	-5.161047e-01	1.020039e-01	5.215861e-07	5.006803e-07	7.541072e-07
0	nP17	50	0	800	2	1	0.028	-2.752934e-01	1.512617e-01	6.913633e-02	6.870207e-02	6.936393e-02
0	nP67	50	0	800	2	1	0.007	3.510013e-02	2.910444e-01	9.040378e-01	9.038882e-01	9.039190e-01
0	nP96	50	0	800	2	1	0.004	-3.715029e-01	3.796391e-01	3.280896e-01	3.273327e-01	3.277745e-01
0	nP110	50	0	800	2	1	0.066	2.271814e-01	9.721750e-02	1.969424e-02	1.950299e-02	1.995932e-02
0	nP115	50	0	800	2	1	0.005	-8.092355e-02	3.555455e-01	8.200125e-01	8.197355e-01	8.197967e-01
0	nP131	50	0	800	2	1	0.011	-5.541426e-02	2.453001e-01	8.213340e-01	8.210589e-01	8.211196e-01
0	nP158	50	0	800	2	1	0.014	2.999826e-01	2.114441e-01	1.563674e-01	1.557199e-01	1.563708e-01
0	nP161	50	0	800	2	1	0.004	-6.082258e-01	4.094789e-01	1.378420e-01	1.372264e-01	1.378927e-01
0	nP167	50	0	800	2	1	0.026	-1.718119e-01	1.585033e-01	2.787079e-01	2.779558e-01	2.784601e-01
0	nP194	50	0	800	2	1	0.010	3.350130e-01	2.524179e-01	1.848169e-01	1.841300e-01	1.847515e-01
0	nP223	50	0	800	2	1	0.018	-7.007068e-02	1.828280e-01	7.016289e-01	7.011841e-01	7.012994e-01
0	nP240	50	0	800	2	1	0.021	-2.890136e-02	1.702192e-01	8.652191e-01	8.650100e-01	8.650543e-01
0	nP250	50	0	800	2	1	0.004	9.134273e-01	4.087676e-01	2.572053e-02	2.548977e-02	2.599694e-02
0	nP256	50	0	800	2	1	0.007	-2.853659e-01	2.908717e-01	3.268549e-01	3.260979e-01	3.265412e-01
0	nP259	50	0	800	2	1	0.020	1.923895e-01	1.804065e-01	2.865553e-01	2.858013e-01	2.862955e-01
0	nP284	50	0	800	2	1	0.059	-4.935216e-02	1.037705e-01	6.344971e-01	6.339666e-01	6.341210e-01
0	nP300	50	0	800	2	1	0.004	-3.791088e-01	4.098249e-01	3.552191e-01	3.544662e-01	3.548750e-01
0	nP303	50	0	800	2	1	0.041	2.141439e-01	1.224195e-01	8.062994e-02	8.015654e-02	8.083029e-02
0	nP307	50	0	800	2	1	0.013	-5.302520e-02	2.265895e-01	8.150338e-01	8.147494e-01	8.148126e-01
0	nP312	50	0	800	2	1	0.008	3.812725e-01	2.794808e-01	1.728839e-01	1.722122e-01	1.728467e-01
0	nP339	50	0	800	2	1	0.009	-1.142496e-01	2.607860e-01	6.614344e-01	6.609373e-01	6.610752e-01
0	nP407	50	0	800	2	1	0.034	9.218861e-02	1.409725e-01	5.133339e-01	5.126745e-01	5.129196e-01
0	nP418	50	0	800	2	1	0.063	-3.647206e-01	1.011735e-01	3.316538e-04	3.245769e-04	3.638397e-04
0	nP429	50	0	800	2	1	0.005	-1.548224e-01	3.555148e-01	6.633261e-01	6.628314e-01	6.629681e-01
0	nP473	50	0	800	2	1	0.027	-2.226452e-01	1.566700e-01	1.556757e-01	1.550293e-01	1.556808e-01
0	nP519	50	0	800	2	1	0.005	4.244496e-01	3.552395e-01	2.325098e-01	2.317792e-01	2.323428e-01
0	nP526	50	0	800	2	1	0.037	6.412159e-02	1.329271e-01	6.296671e-01	6.291308e-01	6.292882e-01
0	nP555	50	0	800	2	1	0.019	1.362567e-01	1.832409e-01	4.573415e-01	4.566373e-01	4.569343e-01
0	nP565	50	0	800	2	1	0.048	1.146977e-01	1.198819e-01	3.389799e-01	3.382241e-01	3.386525e-01
0	nP575	50	0	800	2	1	0.006	5.016718e-01	3.349638e-01	1.346094e-01	1.340001e-01	1.346685e-01
0	nP592	50	0	800	2	1	0.011	2.300650e-01	2.384098e-01	3.348381e-01	3.340818e-01	3.345152e-01
0	nP597	50	0	800	2	1	0.014	-1.605591e-01	2.116342e-01	4.482782e-01	4.475677e-01	4.478738e-01
0	nP621	50	0	800	2	1	0.004	-2.492018e-02	4.100436e-01	9.515541e-01	9.514783e-01	9.514936e-01
0	nP632	50	0	800	2	1	0.007	-2.399984e-01	3.036772e-01	4.295830e-01	4.288609e-01	4.291862e-01
0	nP650	50	0	800	2	1	0.033	-1.583355e-01	1.433946e-01	2.698418e-01	2.690924e-01	2.696082e-01
0	nP684	50	0	800	2	1	0.016	1.335008e-01	2.032725e-01	5.115260e-01	5.108650e-01	5.111116e-01
0	nP696	50	0	800	2	1	0.004	-4.147447e-01	3.795829e-01	2.748849e-01	2.741339e-01	2.746432e-01
0	nP723	50	0	800	2	1	0.026	2.628452e-01	1.601668e-01	1.011766e-01	1.006433e-01	1.013242e-01
0	nP746	50	0	800	2	1	0.010	-5.528196e-02	2.526887e-01	8.268813e-01	8.266145e-01	8.266731e-01
0	nP763	50	0	800	2	1	0.052	-7.482064e-03	1.138986e-01	9.476406e-01	9.475588e-01	9.475753e-01
0	nP789	50	0	800	2	1	0.006	-2.892527e-01	3.182576e-01	3.636965e-01	3.629457e-01	3.633444e-01
0	nP814	50	0	800	2	1	0.063	-6.526173e-02	1.041561e-01	5.311164e-01	5.304734e-01	5.307034e-01
0	nP857	50	0	800	2	1	0.090	4.009551e-02	8.514246e-02	6.378247e-01	6.372982e-01	6.374505e-01
0	nP870	50	0	800	2	1	0.017	-1.055641e-01	1.958693e-01	5.900705e-01	5.894884e-01	5.896728e-01
0	nP893	50	0	800	2	1	0.006	-1.352761e-02	3.184219e-01	9.661241e-01	9.660710e-01	9.660817e-01
0	nP908	50	0	800	2	1	0.010	9.482567e-02	2.526740e-01	7.075456e-01	7.071087e-01	7.072209e-01
0	nP918	50	0	800	2	1	0.013	-3.123859e-01	2.210017e-01	1.578987e-01	1.572487e-01	1.578982e-01
0	nP924	50	0	800	2	1	0.007	-3.830680e-01	2.907310e-01	1.880147e-01	1.873241e-01	1.879419e-01
0	nP927	50	0	800	2	1	0.004	-8.921373e-01	4.088266e-01	2.938646e-02	2.913360e-02	2.966583e-02
0	nP959	50	0	800	2	1	0.006	1.799150e-01	3.353738e-01	5.917894e-01	5.912092e-01	5.913924e-01
0	nP963	50	0	800	2	1	0.005	4.707783e-01	3.551663e-01	1.853797e-01	1.846922e-01	1.853130e-01
0	nP992	50	0	800	2	1	0.006	1.746892e-01	3.353773e-01	6.025993e-01	6.020313e-01	6.022068e-01
0	nP1001	50	0	800	2	1	0.021	2.652791e-01	1.751215e-01	1.302118e-01	1.296112e-01	1.302824e-01
0	nP1085	50	0	800	2	1	0.007	2.688829e-01	3.036469e-01	3.761473e-01	3.754003e-01	3.757845e-01
0	nP1106	50	0	800	2	1	0.022	1.150974e-01	1.729146e-01	5.058389e-01	5.051728e-01	5.054244e-01
0	nP1114	50	0	800	2	1	0.008	2.333247e-01	2.796846e-01	4.043943e-01	4.036587e-01	4.040111e-01
0	nP1164	50	0	800	2	1	0.007	-5.782725e-02	3.037891e-01	8.490807e-01	8.488472e-01	8.488974e-01
0	nP1225	50	0	800	2	1	0.011	-2.630582e-02	2.385470e-01	9.122188e-01	9.120819e-01	9.121100e-01
0	nP1238	50	0	800	2	1	0.012	1.196301e-01	2.322964e-01	6.067032e-01	6.061399e-01	6.063126e-01
0	nP1248	50	0	800	2	1	0.028	2.804094e-01	1.532243e-01	6.761417e-02	6.718544e-02	6.784518e-02
0	nP1264	50	0	800	2	1	0.009	3.897329e-01	2.694468e-01	1.484525e-01	1.478179e-01	1.484758e-01
0	nP1271	50	0	800	2	1	0.004	5.866552e-02	3.798611e-01	8.773023e-01	8.771117e-01	8.771517e-01
0	nP1275	50	0	800	2	1	0.013	-4.566278e-02	2.265915e-01	8.403431e-01	8.400965e-01	8.401499e-01
0	nP5	57	0	800	2	1	0.005	-3.309608e-01	3.553640e-01	3.519651e-01	3.512114e-01	3.516241e-01
0	nP489	57	0	800	2	1	0.026	7.561207e-02	1.604145e-01	6.375166e-01	6.369898e-01	6.371422e-01
0	nP840	57	0	800	2	1	0.013	-1.016560e-02	2.265970e-01	9.642285e-01	9.641725e-01	9.641838e-01
0	nP876	57	0	800	2	1	0.007	2.577773e-01	2.909040e-01	3.758172e-01	3.750700e-01	3.754546e-01
0	nP1040	57	0	800	2	1	0.030	-1.777854e-01	1.488331e-01	2.326260e-01	2.318953e-01	2.324588e-01
0	cP4	60	0	800	2	1	0.028	2.166509e-01	1.549882e-01	1.625454e-01	1.618883e-01	1.625333e-01
0	cP19	60	0	800	2	1	0.154	-4.719834e-01	6.755683e-02	5.948197e-12	5.514893e-12	2.180639e-11
0	cP43	60	0	800	2	1	0.006	1.878488e-02	3.354336e-01	9.553544e-01	9.552846e-01	9.552986e-01
0	cP61	60	0	800	1	2	0.030	-1.128108e-01	1.457157e-01	4.390511e-01	4.383347e-01	4.386502e-01
0	nP148	60	0	800	2	1	0.010	-2.417696e-01	2.525513e-01	3.387013e-01	3.379455e-01	3.383742e-01
0	nP276	60	0	800	2	1	0.027	-6.104198e-02	1.568533e-01	6.972571e-01	6.968065e-01	6.969241e-01
0	nP1006	60	0	800	2	1	0.009	-1.745007e-01	2.697291e-01	5.178516e-01	5.171962e-01	5.174374e-01
0	nP1047	60	0	800	2	1	0.018	-1.558984e-01	1.827615e-01	3.939067e-01	3.931664e-01	3.935304e-01
0	nP1065	60	0	800	2	1	0.130	9.620824e-02	7.579826e-02	2.047159e-01	2.040077e-01	2.046059e-01
0	nP68	62	0	800	2	1	0.009	-3.849733e-01	2.604611e-01	1.397902e-01	1.391710e-01	1.398358e-01
0	nP909	62	0	800	2	1	0.006	-1.263084e-01	3.183908e-01	6.916883e-01	6.912303e-01	6.913510e-01
0	cP11	67	0	800	2	1	0.036	-1.594939e-01	1.374101e-01	2.461051e-01	2.453663e-01	2.459125e-01
0	cP38	67	0	800	2	1	0.012	-1.458894e-02	2.323344e-01	9.499472e-01	9.498689e-01	9.498847e-01
0	cP48	67	0	800	1	2	0.039	-2.381185e-01	1.247560e-01	5.666269e-02	5.627650e-02	5.691617e-02
0	nP22	67	0	800	2	1	0.020	-4.401931e-02	1.698102e-01	7.955273e-01	7.952142e-01	7.952854e-01
0	nP122	67	0	800	2	1	0.074	1.795826e-01	9.730507e-02	6.532603e-02	6.490578e-02	6.556203e-02
0	nP178	67	0	800	2	1	0.017	-1.668706e-02	1.959040e-01	9.321399e-01	9.320338e-01	9.320554e-01
0	nP190	67	0	800	2	1	0.043	9.441668e-02	1.268108e-01	4.567643e-01	4.560596e-01	4.563573e-01
0	nP204	67	0	800	2	1	0.004	-1.935304e-01	4.099873e-01	6.370272e-01	6.364999e-01	6.366526e-01
0	nP218	67	0	800	2	1	0.014	3.143992e-01	2.114178e-01	1.373837e-01	1.367690e-01	1.374356e-01
0	nP235	67	0	800	2	1	0.043	7.304457e-02	1.203910e-01	5.442040e-01	5.435736e-01	5.437929e-01
0	nP268	67	0	800	2	1	0.026	1.831256e-01	1.584874e-01	2.482485e-01	2.475085e-01	2.480520e-01
0	nP292	67	0	800	2	1	0.037	6.682213e-03	1.275950e-01	9.582466e-01	9.581813e-01	9.581944e-01
0	nP340	67	0	800	2	1	0.004	4.575218e-01	4.097246e-01	2.644771e-01	2.637297e-01	2.642524e-01
0	nP348	67	0	800	2	1	0.023	3.013700e-01	1.681051e-01	7.339199e-02	7.294271e-02	7.360979e-02
0	nP423	67	0	800	2	1	0.015	3.050403e-01	2.071052e-01	1.411787e-01	1.405570e-01	1.412207e-01
0	nP468	67	0	800	2	1	0.004	1.991938e-01	4.099839e-01	6.272014e-01	6.266622e-01	6.268212e-01
0	nP483	67	0	800	2	1	0.004	3.322909e-01	4.098758e-01	4.177732e-01	4.170445e-01	4.173823e-01
0	nP540	67	0	800	2	1	0.035	1.649026e-01	1.385324e-01	2.342611e-01	2.335294e-01	2.340908e-01
0	nP570	67	0	800	2	1	0.004	1.259700e-02	3.798665e-01	9.735540e-01	9.735126e-01	9.735209e-01
0	nP608	67	0	800	2	1	0.007	-1.055338e-01	2.910231e-01	7.169771e-01	7.165530e-01	7.166603e-01
0	nP697	67	0	800	2	1	0.004	-2.577665e-01	3.797572e-01	4.974825e-01	4.968092e-01	4.970684e-01
0	nP720	67	0	800	2	1	0.004	-3.164049e-01	3.797016e-01	4.049255e-01	4.041903e-01	4.045420e-01
0	nP790	67	0	800	2	1	0.004	6.952959e-02	3.798588e-01	8.548127e-01	8.545878e-01	8.546359e-01
0	nP806	67	0	800	2	1	0.005	4.534375e-02	3.555535e-01	8.985530e-01	8.983950e-01	8.984277e-01
0	nP810	67	0	800	2	1	0.009	-1.931820e-01	2.607277e-01	4.589515e-01	4.582484e-01	4.585438e-01
0	nP882	67	0	800	2	1	0.028	-2.029797e-01	1.498808e-01	1.760321e-01	1.753562e-01	1.759874e-01
0	nP970	67	0	800	2	1	0.023	-1.094101e-01	1.638180e-01	5.044061e-01	5.037388e-01	5.039918e-01
0	nP983	67	0	800	2	1	0.018	-1.156481e-01	1.892296e-01	5.412728e-01	5.406396e-01	5.408612e-01
0	nP1092	67	0	800	2	1	0.052	6.870444e-02	1.129912e-01	5.433263e-01	5.426952e-01	5.429151e-01
0	nP1111	67	0	800	2	1	0.026	-2.074565e-01	1.602687e-01	1.958915e-01	1.951922e-01	1.958009e-01
0	nP1144	67	0	800	2	1	0.004	-3.928399e-01	4.098087e-01	3.380539e-01	3.372980e-01	3.377275e-01
0	nP1194	67	0	800	2	1	0.022	-1.093706e-01	1.706111e-01	5.216729e-01	5.210210e-01	5.212589e-01
0	nP1203	67	0	800	2	1	0.006	-3.682896e-01	3.181552e-01	2.473826e-01	2.466430e-01	2.471877e-01
0	nP1232	67	0	800	2	1	0.011	-3.006750e-01	2.383113e-01	2.074290e-01	2.067183e-01	2.073132e-01
0	nP1242	67	0	800	2	1	0.070	3.141021e-01	9.640394e-02	1.168693e-03	1.147995e-03	1.241439e-03
0	nP92	71	0	800	2	1	0.008	-1.216126e-01	2.797734e-01	6.639105e-01	6.634166e-01	6.635529e-01
0	nP326	71	0	800	2	1	0.019	1.161893e-01	1.832583e-01	5.262497e-01	5.256021e-01	5.258361e-01
0	nP735	71	0	800	2	1	0.005	-1.969609e-01	3.554887e-01	5.796952e-01	5.791017e-01	5.792936e-01
0	nP851	71	0	800	2	1	0.004	3.138724e-01	3.797042e-01	4.086976e-01	4.079641e-01	4.083118e-01
0	cP25	75	0	800	2	1	0.008	4.967996e-01	2.792533e-01	7.561569e-02	7.515881e-02	7.582823e-02
0	cP87	75	0	800	2	1	0.043	7.863624e-01	1.197715e-01	9.335223e-11	8.728542e-11	2.597477e-10
0	nP18	75	0	800	2	1	0.029	-1.137888e-01	1.485250e-01	4.438285e-01	4.431151e-01	4.434257e-01
0	nP127	75	0	800	2	1	0.004	3.335671e-01	4.098745e-01	4.159865e-01	4.152568e-01	4.155965e-01
0	nP404	75	0	800	2	1	0.007	9.162174e-03	2.910469e-01	9.748946e-01	9.748553e-01	9.748631e-01
0	nP419	75	0	800	2	1	0.004	-1.441521e-01	3.798325e-01	7.044064e-01	7.039654e-01	7.040792e-01
0	nP430	75	0	800	2	1	0.004	-8.483067e-02	4.100336e-01	8.361508e-01	8.358978e-01	8.359528e-01
0	nP474	75	0	800	2	1	0.033	6.780140e-02	1.394285e-01	6.269015e-01	6.263619e-01	6.265211e-01
0	nP566	75	0	800	2	1	0.114	-3.675160e-02	7.846187e-02	6.396259e-01	6.391017e-01	6.392528e-01
0	nP576	75	0	800	2	1	0.006	2.055663e-01	3.183391e-01	5.186292e-01	5.179745e-01	5.182150e-01
0	nP651	75	0	800	2	1	0.024	-1.994319e-01	1.641311e-01	2.246962e-01	2.239711e-01	2.245446e-01
0	nP660	75	0	800	2	1	0.052	3.509374e-02	1.124444e-01	7.550471e-01	7.546758e-01	7.547646e-01
0	nP960	75	0	800	2	1	0.008	3.385668e-01	2.795498e-01	2.262099e-01	2.254837e-01	2.260553e-01
0	nP1060	75	0	800	2	1	0.008	-5.041566e-01	2.792368e-01	7.137631e-02	7.093406e-02	7.159880e-02
0	nP1119	75	0	800	2	1	0.007	7.090939e-01	3.027572e-01	1.941951e-02	1.923018e-02	1.968383e-02
0	nP1129	75	0	800	2	1	0.009	-3.012948e-02	2.697977e-01	9.111097e-01	9.109711e-01	9.109995e-01
0	nP1165	75	0	800	2	1	0.006	-6.363802e-02	3.184143e-01	8.416416e-01	8.413969e-01	8.414499e-01
0	nP1199	75	0	800	2	1	0.007	-2.198325e-01	3.036963e-01	4.693660e-01	4.686705e-01	4.689558e-01
0	nP1214	75	0	800	2	1	0.007	-1.391280e-01	3.037561e-01	6.470590e-01	6.465439e-01	6.466904e-01
0	nP1249	75	0	800	2	1	0.004	-2.228424e-02	4.100438e-01	9.566731e-01	9.566053e-01	9.566190e-01
0	cP20	80	0	800	1	2	0.376	-7.460666e-01	4.437284e-02	1.555239e-54	1.064981e-54	2.715932e-42
0	cP44	80	0	800	1	2	0.072	2.736633e-01	9.440257e-02	3.847474e-03	3.792438e-03	3.989837e-03
0	nP137	80	0	800	2	1	0.018	-4.624312e-02	1.828375e-01	8.003957e-01	8.000897e-01	8.001589e-01
0	nP174	80	0	800	2	1	0.048	-1.077557e-01	1.188757e-01	3.649677e-01	3.642172e-01	3.646144e-01
0	nP277	80	0	800	2	1	0.012	1.860778e-01	2.322416e-01	4.232399e-01	4.225141e-01	4.228461e-01
0	nP508	80	0	800	2	1	0.009	-1.645003e-01	2.446510e-01	5.015316e-01	5.008619e-01	5.011173e-01
0	nP546	80	0	800	2	1	0.004	3.765872e-01	4.098278e-01	3.584301e-01	3.576779e-01	3.580829e-01
0	nP1048	80	0	800	2	1	0.054	-1.933454e-01	1.079741e-01	7.372612e-02	7.327569e-02	7.394314e-02
0	nP1054	80	0	800	2	1	0.013	-2.471099e-02	2.212764e-01	9.111094e-01	9.109708e-01	9.109992e-01
0	nP1066	80	0	800	2	1	0.071	-4.241087e-02	9.670504e-02	6.610997e-01	6.606022e-01	6.607402e-01
0	nP1159	80	0	800	2	1	0.028	1.419798e-02	1.500521e-01	9.246401e-01	9.245225e-01	9.245465e-01
0	cP12	83	0	800	1	2	0.047	-1.407284e-01	1.195207e-01	2.393711e-01	2.386361e-01	2.391910e-01
0	nP791	83	0	800	2	1	0.034	-1.325334e-01	1.409322e-01	3.472940e-01	3.465394e-01	3.469577e-01
0	nP859	83	0	800	2	1	0.033	-2.440851e-02	1.406380e-01	8.622587e-01	8.620452e-01	8.620905e-01
0	nP7	86	0	800	2	1	0.044	-1.602493e-01	1.213229e-01	1.869303e-01	1.862409e-01	1.868600e-01
0	nP716	86	0	800	2	1	0.004	-4.846184e-01	4.096855e-01	2.371997e-01	2.364661e-01	2.370237e-01
0	nP842	86	0	800	2	1	0.038	-2.290480e-01	1.285510e-01	7.516742e-02	7.471206e-02	7.538102e-02
0	nP852	86	0	800	2	1	0.006	-1.903764e-01	3.183509e-01	5.500041e-01	5.493796e-01	5.495942e-01
0	nP878	86	0	800	2	1	0.014	2.388945e-02	2.117089e-01	9.101850e-01	9.100449e-01	9.100737e-01
0	nP1042	86	0	800	2	1	0.013	-1.601805e-01	2.265263e-01	4.797006e-01	4.790129e-01	4.792884e-01
0	nP948	89	0	800	2	1	0.014	-4.567674e-01	2.021801e-01	2.413931e-02	2.391851e-02	2.441363e-02
0	cP6	100	0	800	2	1	0.039	8.812209e-01	1.262591e-01	6.234303e-12	5.780990e-12	2.274193e-11
0	cP33	100	0	800	2	1	0.049	9.221749e-01	1.140049e-01	2.234029e-15	2.021662e-15	2.144491e-14
0	cP35	100	0	800	2	1	0.010	1.960091e-01	2.526010e-01	4.380006e-01	4.372836e-01	4.376001e-01
0	cP45	100	0	800	2	1	0.058	3.930527e-01	1.037238e-01	1.623656e-04	1.585656e-04	1.819778e-04
0	cP77	100	0	800	2	1	0.004	2.703457e+00	3.676140e-01	4.773859e-13	4.391949e-13	2.316398e-12
0	cP81	100	0	800	2	1	0.009	4.327447e-01	2.693646e-01	1.085511e-01	1.079990e-01	1.086792e-01
0	cP83	100	0	800	2	1	0.005	5.765930e-01	3.549707e-01	1.046983e-01	1.041558e-01	1.048365e-01
0	cP88	100	0	800	2	1	0.119	1.165783e+00	6.447087e-02	1.627963e-61	1.060788e-61	2.898399e-46
0	nP8	100	0	800	2	1	0.004	-3.648312e-01	3.796472e-01	3.368561e-01	3.361000e-01	3.365310e-01
0	nP14	100	0	800	2	1	0.004	8.426753e-01	4.089580e-01	3.967037e-02	3.936163e-02	3.994753e-02
0	nP33	100	0	800	2	1	0.012	-1.979706e-01	2.322293e-01	3.942039e-01	3.934638e-01	3.938275e-01
0	nP39	100	0	800	2	1	0.005	3.922811e-01	3.552858e-01	2.698703e-01	2.691209e-01	2.696366e-01
0	nP42	100	0	800	2	1	0.008	1.985899e-01	2.797182e-01	4.779338e-01	4.772447e-01	4.775219e-01
0	nP44	100	0	800	2	1	0.006	-4.180677e-01	3.180781e-01	1.891043e-01	1.884125e-01	1.890290e-01
0	nP46	100	0	800	2	1	0.013	2.878771e-01	2.263680e-01	2.038425e-01	2.031352e-01	2.037345e-01
0	nP49	100	0	800	2	1	0.034	1.447375e-01	1.381957e-01	2.952611e-01	2.945055e-01	2.949886e-01
0	nP56	100	0	800	2	1	0.006	1.102779e-01	3.354116e-01	7.424054e-01	7.420163e-01	7.421111e-01
0	nP62	100	0	800	2	1	0.016	2.147333e-01	2.031853e-01	2.909070e-01	2.901521e-01	2.906407e-01
0	nP71	100	0	800	2	1	0.004	-6.075319e-01	4.094802e-01	1.382923e-01	1.376759e-01	1.383418e-01
0	nP73	100	0	800	2	1	0.006	-6.764663e-02	3.354257e-01	8.402230e-01	8.399762e-01	8.400297e-01
0	nP97	100	0	800	2	1	0.005	3.455383e-01	3.553466e-01	3.311474e-01	3.303907e-01	3.308287e-01
0	nP106	100	0	800	2	1	0.073	-3.366394e-02	9.816477e-02	7.317392e-01	7.313353e-01	7.314353e-01
0	nP111	100	0	800	2	1	0.014	-2.789487e-01	2.161040e-01	1.971442e-01	1.964436e-01	1.970509e-01
0	nP113	100	0	800	2	1	0.004	-1.340093e-02	3.798665e-01	9.718669e-01	9.718229e-01	9.718317e-01
0	nP116	100	0	800	2	1	0.011	-2.592792e-01	2.383722e-01	2.770528e-01	2.763012e-01	2.768076e-01
0	nP132	100	0	800	2	1	0.004	6.764814e-01	3.791112e-01	7.474050e-02	7.428659e-02	7.495512e-02
0	nP138	100	0	800	2	1	0.004	5.984725e-02	4.100391e-01	8.839938e-01	8.838134e-01	8.838511e-01
0	nP144	100	0	800	2	1	0.009	2.598702e-01	2.606551e-01	3.190721e-01	3.183148e-01	3.187678e-01
0	nP162	100	0	800	2	1	0.048	-1.137664e-01	1.141242e-01	3.191322e-01	3.183749e-01	3.188278e-01
0	nP164	100	0	800	2	1	0.023	1.931039e-01	1.637212e-01	2.385634e-01	2.378289e-01	2.383848e-01
0	nP169	100	0	800	2	1	0.010	5.691535e-02	2.526883e-01	8.218507e-01	8.215764e-01	8.216370e-01
0	nP175	100	0	800	2	1	0.008	-1.348023e-01	2.797659e-01	6.300520e-01	6.295162e-01	6.296734e-01
0	nP179	100	0	800	2	1	0.004	1.688834e-01	3.798197e-01	6.566998e-01	6.561968e-01	6.563374e-01
0	nP225	100	0	800	2	1	0.014	-7.149077e-03	2.117104e-01	9.730704e-01	9.730283e-01	9.730368e-01
0	nP228	100	0	800	2	1	0.018	2.016756e-01	1.891392e-01	2.866189e-01	2.858649e-01	2.863590e-01
0	nP232	100	0	800	2	1	0.008	-8.948365e-02	2.797886e-01	7.491840e-01	7.488045e-01	7.488961e-01
0	nP248	100	0	800	2	1	0.024	3.351990e-01	1.614727e-01	3.822417e-02	3.792281e-02	3.850238e-02
0	nP251	100	0	800	2	1	0.004	-4.876214e-01	4.096811e-01	2.343035e-01	2.335717e-01	2.341330e-01
0	nP260	100	0	800	2	1	0.011	-1.124703e-01	2.385156e-01	6.373822e-01	6.368552e-01	6.370077e-01
0	nP278	100	0	800	2	1	0.010	-7.933494e-02	2.526807e-01	7.536235e-01	7.532502e-01	7.533398e-01
0	nP289	100	0	800	2	1	0.004	-2.666693e-01	4.099359e-01	5.155471e-01	5.148896e-01	5.151328e-01
0	nP320	100	0	800	2	1	0.030	8.898723e-02	1.489328e-01	5.503436e-01	5.497194e-01	5.499337e-01
0	nP333	100	0	800	2	1	0.013	1.495155e-01	2.212149e-01	4.993103e-01	4.986386e-01	4.988961e-01
0	nP335	100	0	800	2	1	0.078	6.583767e-02	9.390746e-02	4.834507e-01	4.827659e-01	4.830379e-01
0	nP342	100	0	800	2	1	0.059	7.693092e-02	1.060580e-01	4.684401e-01	4.677438e-01	4.680301e-01
0	nP345	100	0	800	2	1	0.007	2.383470e-01	3.036788e-01	4.327655e-01	4.320453e-01	4.323672e-01
0	nP363	100	0	800	2	1	0.006	-3.947070e-01	3.351431e-01	2.392568e-01	2.385218e-01	2.390769e-01
0	nP373	100	0	800	2	1	0.005	-3.219417e-01	3.553744e-01	3.652502e-01	3.644998e-01	3.648967e-01
0	nP384	100	0	800	2	1	0.017	3.511853e-01	1.955100e-01	7.283256e-02	7.238522e-02	7.305167e-02
0	nP390	100	0	800	2	1	0.027	-2.012582e-01	1.567063e-01	1.994091e-01	1.987061e-01	1.993107e-01
0	nP392	100	0	800	2	1	0.006	-4.302537e-01	3.180578e-01	1.765176e-01	1.758411e-01	1.764717e-01
0	nP400	100	0	800	2	1	0.006	-2.939171e-02	3.354327e-01	9.301981e-01	9.300890e-01	9.301112e-01
0	nP408	100	0	800	2	1	0.077	-9.465051e-02	9.362085e-02	3.123237e-01	3.115665e-01	3.120280e-01
0	nP413	100	0	800	2	1	0.049	-1.022472e-02	1.192612e-01	9.316995e-01	9.315928e-01	9.316145e-01
0	nP420	100	0	800	2	1	0.011	-4.457602e-01	2.447999e-01	6.899389e-02	6.856014e-02	6.922181e-02
0	nP426	100	0	800	2	1	0.016	-8.411164e-02	2.033057e-01	6.791903e-01	6.787159e-01	6.788435e-01
0	nP448	100	0	800	2	1	0.046	-2.521191e-02	1.160517e-01	8.280712e-01	8.278062e-01	8.278643e-01
0	nP459	100	0	800	2	1	0.116	-1.912097e-01	7.731682e-02	1.360316e-02	1.345705e-02	1.384440e-02
0	nP463	100	0	800	2	1	0.009	9.614019e-02	2.697783e-01	7.216597e-01	7.212419e-01	7.213469e-01
0	nP470	100	0	800	2	1	0.008	-1.536903e-01	2.797537e-01	5.829002e-01	5.823102e-01	5.824997e-01
0	nP494	100	0	800	2	1	0.011	7.947642e-02	2.385322e-01	7.390788e-01	7.386851e-01	7.387815e-01
0	nP496	100	0	800	2	1	0.006	1.611030e-01	3.183712e-01	6.129805e-01	6.124244e-01	6.125929e-01
0	nP498	100	0	800	2	1	0.006	-7.685624e-02	3.354232e-01	8.188249e-01	8.185461e-01	8.186079e-01
0	nP503	100	0	800	2	1	0.041	6.024780e-04	1.234319e-01	9.961067e-01	9.961006e-01	9.961018e-01
0	nP512	100	0	800	2	1	0.014	-5.405207e-01	2.108441e-01	1.054130e-02	1.042054e-02	1.076301e-02
0	nP517	100	0	800	2	1	0.005	2.453402e-01	3.554510e-01	4.902551e-01	4.895759e-01	4.898415e-01
0	nP520	100	0	800	2	1	0.012	-5.221398e-01	2.315986e-01	2.443491e-02	2.421223e-02	2.470966e-02
0	nP522	100	0	800	2	1	0.022	9.399624e-02	1.729306e-01	5.869037e-01	5.863181e-01	5.865047e-01
0	nP524	100	0	800	2	1	0.076	-1.966581e-02	9.425416e-02	8.347774e-01	8.345224e-01	8.345779e-01
0	nP527	100	0	800	2	1	0.009	-2.775194e-01	2.696209e-01	3.036530e-01	3.028964e-01	3.033688e-01
0	nP529	100	0	800	2	1	0.014	1.701914e-01	2.116248e-01	4.215136e-01	4.207869e-01	4.211207e-01
0	nP532	100	0	800	2	1	0.004	-4.158080e-02	4.100419e-01	9.192535e-01	9.191275e-01	9.191532e-01
0	nP534	100	0	800	2	1	0.009	3.464728e-02	2.697970e-01	8.978491e-01	8.976900e-01	8.977230e-01
0	nP537	100	0	800	2	1	0.006	-4.846128e-01	3.349953e-01	1.483944e-01	1.477600e-01	1.484179e-01
0	nP541	100	0	800	2	1	0.009	-2.011525e-01	2.607201e-01	4.406232e-01	4.399078e-01	4.402217e-01
0	nP547	100	0	800	2	1	0.007	1.718603e-01	3.037351e-01	5.716731e-01	5.710710e-01	5.712689e-01
0	nP551	100	0	800	2	1	0.005	2.106540e-01	3.554789e-01	5.536221e-01	5.530012e-01	5.532129e-01
0	nP571	100	0	800	2	1	0.029	1.568575e-01	1.484759e-01	2.910820e-01	2.903271e-01	2.908155e-01
0	nP577	100	0	800	2	1	0.006	-4.709763e-03	3.354342e-01	9.888009e-01	9.887834e-01	9.887869e-01
0	nP582	100	0	800	2	1	0.022	1.802962e-01	1.705356e-01	2.907242e-01	2.899694e-01	2.904582e-01
0	nP590	100	0	800	2	1	0.004	8.895640e-02	4.100325e-01	8.283030e-01	8.280383e-01	8.280964e-01
0	nP593	100	0	800	2	1	0.007	-2.897454e-01	3.036228e-01	3.402239e-01	3.394682e-01	3.398951e-01
0	nP598	100	0	800	2	1	0.048	7.075515e-02	1.189105e-01	5.519932e-01	5.513706e-01	5.515836e-01
0	nP609	100	0	800	2	1	0.007	2.090806e-01	3.037058e-01	4.913814e-01	4.907031e-01	4.909678e-01
0	nP616	100	0	800	2	1	0.015	2.719886e-01	2.071629e-01	1.895867e-01	1.888943e-01	1.895103e-01
0	nP623	100	0	800	2	1	0.007	2.383194e-01	3.036789e-01	4.328188e-01	4.320986e-01	4.324205e-01
0	nP639	100	0	800	2	1	0.004	4.414778e-01	3.795452e-01	2.451058e-01	2.443675e-01	2.449150e-01
0	nP643	100	0	800	2	1	0.079	-9.888696e-02	9.527455e-02	2.996236e-01	2.988674e-01	2.993449e-01
0	nP647	100	0	800	2	1	0.023	-1.952252e-01	1.683015e-01	2.464068e-01	2.456677e-01	2.462136e-01
0	nP654	100	0	800	2	1	0.006	1.546288e-01	3.353896e-01	6.448939e-01	6.443761e-01	6.445239e-01
0	nP664	100	0	800	2	1	0.006	-3.626024e-01	3.181634e-01	2.547643e-01	2.540211e-01	2.545562e-01
0	nP671	100	0	800	2	1	0.009	-3.546687e-01	2.517813e-01	1.593317e-01	1.586795e-01	1.593276e-01
0	nP682	100	0	800	2	1	0.059	1.442421e-01	1.055170e-01	1.720092e-01	1.713386e-01	1.719740e-01
0	nP685	100	0	800	2	1	0.012	6.810413e-01	2.310808e-01	3.300097e-03	3.251449e-03	3.431625e-03
0	nP699	100	0	800	2	1	0.004	4.739863e-01	3.794960e-01	2.120354e-01	2.113205e-01	2.119098e-01
0	nP709	100	0	800	2	1	0.014	6.494659e-02	2.068634e-01	7.536343e-01	7.532610e-01	7.533505e-01
0	nP717	100	0	800	2	1	0.006	-3.718729e-01	3.351759e-01	2.675549e-01	2.668064e-01	2.673250e-01
0	nP721	100	0	800	2	1	0.038	1.923685e-01	1.331258e-01	1.488470e-01	1.482117e-01	1.488693e-01
0	nP724	100	0	800	2	1	0.004	-2.611377e-01	3.797543e-01	4.918736e-01	4.911957e-01	4.914599e-01
0	nP737	100	0	800	2	1	0.009	-3.602951e-01	2.694982e-01	1.816327e-01	1.809497e-01	1.815747e-01
0	nP752	100	0	800	2	1	0.008	-4.447767e-01	2.793632e-01	1.117562e-01	1.111962e-01	1.118757e-01
0	nP755	100	0	800	2	1	0.006	3.688492e-02	3.184196e-01	9.078105e-01	9.076668e-01	9.076963e-01
0	nP758	100	0	800	2	1	0.011	3.857509e-01	2.256345e-01	8.772349e-02	8.722807e-02	8.790604e-02
0	nP773	100	0	800	2	1	0.009	-5.786566e-02	2.697920e-01	8.302256e-01	8.299638e-01	8.300211e-01
0	nP785	100	0	800	2	1	0.004	-1.258630e-01	3.798406e-01	7.404615e-01	7.400698e-01	7.401655e-01
0	nP803	100	0	800	2	1	0.026	1.320101e-01	1.547076e-01	3.937561e-01	3.930157e-01	3.933799e-01
0	nP811	100	0	800	2	1	0.011	-3.747287e-01	2.381797e-01	1.160452e-01	1.154752e-01	1.161534e-01
0	nP824	100	0	800	2	1	0.006	1.014749e-01	3.184020e-01	7.500370e-01	7.496586e-01	7.497499e-01
0	nP830	100	0	800	2	1	0.011	-9.888697e-02	2.452830e-01	6.869424e-01	6.864782e-01	6.866014e-01
0	nP834	100	0	800	2	1	0.008	3.170727e-01	2.795813e-01	2.570939e-01	2.563496e-01	2.568817e-01
0	nP843	100	0	800	2	1	0.005	3.725417e-01	3.553124e-01	2.947301e-01	2.939746e-01	2.944583e-01
0	nP845	100	0	800	2	1	0.012	2.957120e-01	2.320990e-01	2.030072e-01	2.023007e-01	2.029009e-01
0	nP853	100	0	800	2	1	0.033	1.339380e-01	1.405607e-01	3.409375e-01	3.401819e-01	3.406080e-01
0	nP860	100	0	800	2	1	0.024	5.931204e-02	1.663080e-01	7.214557e-01	7.210377e-01	7.211428e-01
0	nP871	100	0	800	2	1	0.031	1.415124e-02	1.461500e-01	9.228882e-01	9.227679e-01	9.227924e-01
0	nP879	100	0	800	2	1	0.014	-9.132846e-02	2.116859e-01	6.662694e-01	6.657785e-01	6.659135e-01
0	nP889	100	0	800	2	1	0.006	3.824168e-01	3.351610e-01	2.542146e-01	2.534716e-01	2.540074e-01
0	nP894	100	0	800	2	1	0.006	-7.397051e-01	3.344106e-01	2.725156e-02	2.701141e-02	2.752951e-02
0	nP898	100	0	800	2	1	0.026	1.283756e-01	1.563989e-01	4.119930e-01	4.112612e-01	4.116052e-01
0	nP902	100	0	800	2	1	0.004	2.079245e-01	3.797955e-01	5.842127e-01	5.836241e-01	5.838127e-01
0	nP912	100	0	800	2	1	0.013	-2.423299e-03	2.265972e-01	9.914700e-01	9.914567e-01	9.914593e-01
0	nP916	100	0	800	2	1	0.010	-4.219943e-02	2.526919e-01	8.674127e-01	8.672070e-01	8.672505e-01
0	nP932	100	0	800	2	1	0.008	-2.925432e-01	2.796148e-01	2.957688e-01	2.950131e-01	2.954955e-01
0	nP961	100	0	800	2	1	0.007	-4.445210e-01	3.033882e-01	1.432633e-01	1.426378e-01	1.433000e-01
0	nP971	100	0	800	2	1	0.005	-5.207218e-01	3.550789e-01	1.429072e-01	1.422824e-01	1.429448e-01
0	nP975	100	0	800	2	1	0.004	2.449739e-01	3.797678e-01	5.190722e-01	5.184180e-01	5.186581e-01
0	nP977	100	0	800	2	1	0.014	-1.289134e-01	2.162814e-01	5.513144e-01	5.506912e-01	5.509047e-01
0	nP984	100	0	800	2	1	0.007	-3.899733e-01	3.034822e-01	1.991666e-01	1.984639e-01	1.990688e-01
0	nP990	100	0	800	2	1	0.011	5.173148e-02	2.385418e-01	8.283686e-01	8.281040e-01	8.281620e-01
0	nP993	100	0	800	2	1	0.006	-4.055120e-01	3.180985e-01	2.027510e-01	2.020447e-01	2.026453e-01
0	nP999	100	0	800	2	1	0.021	5.120557e-01	1.769685e-01	3.913692e-03	3.857898e-03	4.057290e-03
0	nP1008	100	0	800	2	1	0.016	-1.587934e-01	2.032498e-01	4.348741e-01	4.341551e-01	4.344749e-01
0	nP1024	100	0	800	2	1	0.007	-2.609392e-01	2.909004e-01	3.699867e-01	3.692377e-01	3.696291e-01
0	nP1035	100	0	800	2	1	0.023	-1.893552e-02	1.638624e-01	9.080324e-01	9.078890e-01	9.079185e-01
0	nP1043	100	0	800	2	1	0.016	-7.344666e-03	1.995076e-01	9.706425e-01	9.705966e-01	9.706058e-01
0	nP1055	100	0	800	2	1	0.018	1.574870e-01	1.856639e-01	3.965605e-01	3.958214e-01	3.961824e-01
0	nP1061	100	0	800	2	1	0.015	-9.516332e-02	2.073591e-01	6.464094e-01	6.458935e-01	6.460404e-01
0	nP1069	100	0	800	2	1	0.007	-2.936718e-01	3.036181e-01	3.337168e-01	3.329603e-01	3.333952e-01
0	nP1071	100	0	800	2	1	0.004	-4.075496e-01	3.795927e-01	2.833043e-01	2.825510e-01	2.830494e-01
0	nP1074	100	0	800	2	1	0.007	-4.475173e-01	2.906156e-01	1.239826e-01	1.233949e-01	1.240697e-01
0	nP1089	100	0	800	2	1	0.154	2.938368e-03	6.892857e-02	9.660078e-01	9.659546e-01	9.659653e-01
0	nP1093	100	0	800	2	1	0.004	-1.059533e-01	3.547542e-01	7.652720e-01	7.649152e-01	7.649995e-01
0	nP1100	100	0	800	2	1	0.010	-2.244530e-01	2.525714e-01	3.744475e-01	3.736999e-01	3.740860e-01
0	nP1102	100	0	800	2	1	0.004	6.441561e-01	4.094100e-01	1.160281e-01	1.154581e-01	1.161363e-01
0	nP1112	100	0	800	2	1	0.007	2.381066e-01	3.036791e-01	4.332299e-01	4.325100e-01	4.328315e-01
0	nP1130	100	0	800	2	1	0.006	1.338567e-01	3.183870e-01	6.742909e-01	6.738102e-01	6.739406e-01
0	nP1132	100	0	800	2	1	0.048	-1.701070e-01	1.187844e-01	1.525167e-01	1.518754e-01	1.525297e-01
0	nP1145	100	0	800	2	1	0.004	5.065594e-01	4.096523e-01	2.166145e-01	2.158957e-01	2.164793e-01
0	nP1154	100	0	800	2	1	0.006	-5.204480e-02	3.184169e-01	8.702066e-01	8.700052e-01	8.700477e-01
0	nP1166	100	0	800	2	1	0.013	1.722245e-01	2.211942e-01	4.364390e-01	4.357210e-01	4.360391e-01
0	nP1170	100	0	800	2	1	0.007	8.815030e-02	2.910303e-01	7.620523e-01	7.616909e-01	7.617766e-01
0	nP1200	100	0	800	2	1	0.005	-3.395475e-01	3.553539e-01	3.396044e-01	3.388486e-01	3.392763e-01
0	nP1215	100	0	800	2	1	0.019	-4.099622e-01	1.827290e-01	2.513475e-02	2.490765e-02	2.541045e-02
0	nP1217	100	0	800	2	1	0.004	-9.982775e-01	4.085189e-01	1.475513e-02	1.459999e-02	1.500218e-02
0	nP1223	100	0	800	2	1	0.011	-2.212810e-01	2.451828e-01	3.670561e-01	3.663062e-01	3.667010e-01
0	nP1233	100	0	800	2	1	0.008	-5.611655e-02	2.797995e-01	8.410938e-01	8.408483e-01	8.409015e-01
0	nP1245	100	0	800	2	1	0.036	5.247355e-02	1.325945e-01	6.923992e-01	6.919421e-01	6.920624e-01
0	nP1258	100	0	800	2	1	0.016	1.198704e-01	2.032832e-01	5.555776e-01	5.549587e-01	5.551689e-01
0	nP1262	100	0	800	2	1	0.036	-1.930335e-01	1.324313e-01	1.453408e-01	1.447116e-01	1.453721e-01
0	nP1268	100	0	800	2	1	0.029	6.091648e-02	1.519528e-01	6.886078e-01	6.881457e-01	6.882681e-01
0	nP1273	100	0	800	2	1	0.005	-3.540896e-01	3.553361e-01	3.193132e-01	3.185559e-01	3.190086e-01
0	nP1284	100	0	800	2	1	0.014	-3.585972e-01	2.113296e-01	9.011270e-02	8.961019e-02	9.028913e-02
0	nP1290	100	0	800	2	1	0.014	3.084440e-01	2.025315e-01	1.281690e-01	1.275725e-01	1.282450e-01
