chr	rs	ps	n_mis	n_obs	allele1	allele0	af	beta	se	p_wald	p_lrt	p_score
0	cP1	0	0	2500	2	1	0.010	-1.579864e+00	1.971691e-01	1.704317e-15	1.650323e-15	3.687127e-15
0	cP6	0	0	2500	2	1	0.020	1.633239e+00	1.388702e-01	4.042067e-31	3.777110e-31	1.233025e-29
0	cP10	0	0	2500	2	1	0.200	-9.480610e-01	2.934878e-02	1.336882e-191	8.659425e-192	2.223282e-142
0	cP14	0	0	2500	2	1	0.210	-9.200601e-01	2.958818e-02	9.864740e-180	6.564681e-180	8.520589e-136
0	cP17	0	0	2500	2	1	0.190	-8.972883e-01	3.292967e-02	2.307046e-143	1.667951e-143	3.793523e-114
0	cP24	0	0	2500	2	1	0.200	-9.480610e-01	2.934878e-02	1.336882e-191	8.659425e-192	2.223282e-142
0	cP29	0	0	2500	2	1	0.140	1.009537e+00	4.187319e-02	1.222964e-115	9.419512e-116	5.456862e-96
0	cP34	0	0	2500	2	1	0.170	8.426316e-01	3.393188e-02	7.476211e-122	5.677175e-122	3.408362e-100
0	cP37	0	0	2500	1	2	0.340	-6.576964e-01	3.304986e-02	6.491721e-82	5.400778e-82	1.098979e-71
0	cP39	0	0	2500	2	1	0.080	-1.797844e+00	6.723947e-02	1.009950e-138	7.379487e-139	3.260839e-111
0	nP1	0	0	2500	2	1	0.020	-1.576878e+00	1.391307e-01	4.518927e-29	4.242512e-29	8.787714e-28
0	nP3	0	0	2500	2	1	0.300	8.682297e-01	3.032154e-02	3.459739e-156	2.429232e-156	4.784049e-122
0	nP8	0	0	2500	2	1	0.290	7.848301e-01	2.994495e-02	5.741082e-134	4.240649e-134	3.649144e-108
0	nP10	0	0	2500	2	1	0.250	4.454047e-01	3.351062e-02	5.305143e-39	4.868889e-39	1.210543e-36
0	nP11	0	0	2500	2	1	0.090	1.073282e+00	5.452263e-02	2.596313e-80	2.167929e-80	1.827367e-70
0	nP15	0	0	2500	2	1	0.190	7.004729e-01	3.997202e-02	6.148444e-65	5.317765e-65	2.035235e-58
0	nP22	0	0	2500	2	1	0.140	9.331175e-01	4.562477e-02	4.408302e-86	3.632684e-86	7.835578e-75
0	nP27	0	0	2500	2	1	0.200	-9.480610e-01	2.934878e-02	1.336882e-191	8.659425e-192	2.223282e-142
0	nP30	0	0	2500	2	1	0.190	-9.693930e-01	3.059429e-02	1.664585e-185	1.093267e-185	5.014382e-139
0	nP35	0	0	2500	2	1	0.230	7.056547e-01	3.577349e-02	1.297766e-80	1.082892e-80	1.076058e-70
0	nP36	0	0	2500	2	1	0.010	2.528441e-01	1.996227e-01	2.054129e-01	2.051862e-01	2.053771e-01
0	nP41	0	0	2500	2	1	0.010	1.433780e+00	1.976155e-01	5.319115e-13	5.179799e-13	8.959074e-13
0	nP46	0	0	2500	2	1	0.150	-1.071915e+00	4.064873e-02	2.070866e-135	1.524616e-135	4.289045e-109
0	nP47	0	0	2500	1	2	0.460	-2.044017e-01	3.194305e-02	1.862002e-10	1.823680e-10	2.554718e-10
0	nP50	0	0	2500	2	1	0.010	-1.570609e+00	1.971987e-01	2.493881e-15	2.415780e-15	5.298540e-15
0	nP53	0	0	2500	2	1	0.010	-1.416641e+00	1.976650e-01	1.005662e-12	9.799352e-13	1.652423e-12
0	nP54	0	0	2500	2	1	0.050	3.178349e-01	9.296995e-02	6.393336e-04	6.353362e-04	6.549521e-04
0	nP61	0	0	2500	2	1	0.020	1.417418e+00	1.398160e-01	1.072567e-23	1.019386e-23	7.408109e-23
0	nP72	0	0	2500	2	1	0.200	-9.480610e-01	2.934878e-02	1.336882e-191	8.659425e-192	2.223282e-142
0	nP74	0	0	2500	2	1	0.090	-1.846854e+00	6.268645e-02	5.309092e-164	3.661935e-164	1.026837e-126
0	nP77	0	0	2500	2	1	0.010	1.433780e+00	1.976155e-01	5.319115e-13	5.179799e-13	8.959074e-13
0	nP81	0	0	2500	2	1	0.010	-1.531558e+00	1.973216e-01	1.212026e-14	1.175899e-14	2.394125e-14
0	nP90	0	0	2500	1	2	0.470	-3.440872e-01	2.941426e-02	8.177500e-31	7.646807e-31	2.327768e-29
0	nP97	0	0	2500	2	1	0.010	-1.314826e+00	1.979464e-01	3.775700e-11	3.692220e-11	5.450346e-11
0	nP102	0	0	2500	2	1	0.070	-1.057655e+00	5.875475e-02	3.241987e-68	2.783030e-68	4.885013e-61
0	nP108	0	0	2500	2	1	0.330	-5.907132e-01	3.016973e-02	1.566766e-79	1.310593e-79	7.228302e-70
0	nP116	0	0	2500	2	1	0.180	9.429197e-01	4.057078e-02	2.452249e-108	1.920547e-108	6.058701e-91
0	nP117	0	0	2500	2	1	0.030	9.775695e-01	1.160803e-01	6.177706e-17	5.962457e-17	1.578822e-16
0	nP120	0	0	2500	2	1	0.170	8.385460e-01	3.397237e-02	1.477961e-120	1.125639e-120	2.528195e-99
0	nP125	0	0	2500	2	1	0.310	7.600837e-01	2.833837e-02	1.762466e-139	1.285569e-139	1.074462e-111
0	nP129	0	0	2500	2	1	0.270	7.049440e-01	3.294929e-02	2.179483e-93	1.766257e-93	3.011309e-80
0	nP131	0	0	2500	2	1	0.020	6.223160e-01	1.421188e-01	1.242240e-05	1.229861e-05	1.329681e-05
0	nP133	0	0	2500	2	1	0.250	7.171702e-01	3.561907e-02	1.128743e-83	9.352840e-84	5.095619e-73
0	nP136	0	0	2500	2	1	0.200	-9.480610e-01	2.934878e-02	1.336882e-191	8.659425e-192	2.223282e-142
0	nP137	0	0	2500	2	1	0.030	1.268661e-01	1.176893e-01	2.811491e-01	2.809085e-01	2.810685e-01
0	nP147	0	0	2500	2	1	0.010	-1.577157e+00	1.971777e-01	1.905468e-15	1.845305e-15	4.100409e-15
0	nP150	0	0	2500	2	1	0.010	-1.449068e+00	1.975708e-01	2.994088e-13	2.914022e-13	5.159592e-13
0	nP155	0	0	2500	2	1	0.030	3.920230e-02	1.177140e-01	7.391396e-01	7.390138e-01	7.390446e-01
0	nP159	0	0	2500	2	1	0.180	8.208564e-01	3.246567e-02	8.854300e-126	6.663631e-126	8.258160e-103
0	nP161	0	0	2500	2	1	0.190	6.903559e-01	4.004241e-02	5.058417e-63	4.394219e-63	7.120321e-57
0	nP162	0	0	2500	2	1	0.060	1.064188e+00	8.335255e-02	3.295827e-36	3.044181e-36	3.505257e-34
0	nP164	0	0	2500	2	1	0.160	2.279479e-01	4.107462e-02	3.164914e-08	3.115347e-08	3.783695e-08
0	nP166	0	0	2500	2	1	0.130	-9.996157e-01	3.989607e-02	8.735422e-124	6.604169e-124	1.743172e-101
0	nP172	0	0	2500	2	1	0.060	1.083995e+00	6.998122e-02	9.586272e-52	8.545228e-52	1.400592e-47
0	nP177	0	0	2500	2	1	0.150	8.971488e-01	3.761066e-02	1.806430e-113	1.398260e-113	1.674776e-94
0	nP181	0	0	2500	2	1	0.200	-9.480610e-01	2.934878e-02	1.336882e-191	8.659425e-192	2.223282e-142
0	nP187	0	0	2500	2	1	0.180	8.208564e-01	3.246567e-02	8.854300e-126	6.663631e-126	8.258160e-103
0	nP190	0	0	2500	2	1	0.180	8.208564e-01	3.246567e-02	8.854300e-126	6.663631e-126	8.258160e-103
0	nP191	0	0	2500	2	1	0.180	8.208564e-01	3.246567e-02	8.854300e-126	6.663631e-126	8.258160e-103
0	nP195	0	0	2500	2	1	0.020	-9.328892e-02	1.426509e-01	5.131936e-01	5.129829e-01	5.130611e-01
0	nP200	0	0	2500	2	1	0.010	-1.548026e+00	1.972701e-01	6.252971e-15	6.062634e-15	1.272841e-14
0	nP202	0	0	2500	2	1	0.200	-9.480610e-01	2.934878e-02	1.336882e-191	8.659425e-192	2.223282e-142
0	nP205	0	0	2500	2	1	0.180	-9.910109e-01	3.204381e-02	4.334989e-178	2.895614e-178	7.238174e-135
0	nP210	0	0	2500	2	1	0.200	-9.480610e-01	2.934878e-02	1.336882e-191	8.659425e-192	2.223282e-142
0	nP214	0	0	2500	2	1	0.030	4.748775e-01	1.173326e-01	5.339157e-05	5.293325e-05	5.607919e-05
0	nP219	0	0	2500	2	1	0.080	3.619690e-01	6.654994e-02	5.876613e-08	5.788056e-08	6.928360e-08
0	nP224	0	0	2500	2	1	0.060	3.590973e-01	6.449261e-02	2.851449e-08	2.806506e-08	3.417149e-08
0	nP226	0	0	2500	2	1	0.030	1.422141e+00	1.142259e-01	1.446791e-34	1.341350e-34	1.007731e-32
0	nP231	0	0	2500	2	1	0.080	9.836200e-01	5.707854e-02	5.712940e-63	4.963401e-63	7.856650e-57
0	nP238	0	0	2500	2	1	0.030	-1.336321e+00	1.146400e-01	1.296211e-30	1.212645e-30	3.527844e-29
0	nP242	0	0	2500	2	1	0.020	-1.606672e+00	1.389942e-01	3.818994e-30	3.576617e-30	9.366325e-29
0	nP246	0	0	2500	2	1	0.110	-1.006999e+00	5.196501e-02	4.752132e-78	3.988634e-78	9.928429e-69
0	nP250	0	0	2500	2	1	0.010	2.528441e-01	1.996227e-01	2.054129e-01	2.051862e-01	2.053771e-01
0	nP254	0	0	2500	2	1	0.310	7.840639e-01	2.908705e-02	1.072479e-140	7.801153e-141	1.821296e-112
0	nP259	0	0	2500	2	1	0.120	1.009455e+00	4.665355e-02	2.648453e-95	2.136932e-95	1.201795e-81
0	nP265	0	0	2500	2	1	0.010	-1.539192e+00	1.972978e-01	8.926025e-15	8.657355e-15	1.787687e-14
0	nP266	0	0	2500	2	1	0.050	1.730581e+00	8.651547e-02	1.097885e-82	9.117732e-83	2.851521e-72
0	nP271	0	0	2500	2	1	0.270	-7.008517e-01	3.176022e-02	9.825115e-99	7.865564e-99	3.938718e-84
0	nP276	0	0	2500	2	1	0.050	1.204962e+00	9.001451e-02	1.617597e-39	1.482828e-39	4.275239e-37
0	nP278	0	0	2500	2	1	0.060	1.649121e+00	7.944997e-02	2.032794e-88	1.666208e-88	1.408108e-76
0	nP284	0	0	2500	2	1	0.010	-1.550201e+00	1.972633e-01	5.726758e-15	5.551958e-15	1.170446e-14
0	nP289	0	0	2500	2	1	0.050	1.024410e+00	7.477830e-02	3.052824e-41	2.787469e-41	1.336197e-38
0	nP295	0	0	2500	2	1	0.190	-7.048700e-01	3.475306e-02	8.610275e-85	7.116317e-85	7.312551e-74
0	nP304	0	0	2500	2	1	0.010	-1.542197e+00	1.972884e-01	7.910120e-15	7.671115e-15	1.592950e-14
0	nP308	0	0	2500	2	1	0.390	1.137804e+00	1.998714e-02	0.000000e+00	0.000000e+00	2.633384e-245
0	nP312	0	0	2500	2	1	0.010	2.195172e+00	1.947967e-01	9.113379e-29	8.561882e-29	1.661778e-27
0	nP313	0	0	2500	2	1	0.250	-7.231193e-01	3.038664e-02	5.399348e-113	4.183889e-113	3.558283e-94
0	nP317	0	0	2500	2	1	0.290	8.789757e-01	3.139302e-02	2.869956e-150	2.042500e-150	1.941857e-118
0	nP321	0	0	2500	2	1	0.200	-9.480610e-01	2.934878e-02	1.336882e-191	8.659425e-192	2.223282e-142
0	nP324	0	0	2500	2	1	0.110	-1.326371e+00	4.901060e-02	1.137939e-141	8.258930e-142	4.412597e-113
0	nP328	0	0	2500	2	1	0.070	8.834471e-01	5.989567e-02	2.836048e-47	2.554053e-47	8.504638e-44
0	nP330	0	0	2500	2	1	0.150	3.772466e-01	4.533560e-02	1.413900e-16	1.365751e-16	3.461058e-16
0	nP335	0	0	2500	2	1	0.090	1.055604e+00	5.466062e-02	1.457880e-77	1.225014e-77	2.354435e-68
0	nP337	0	0	2500	2	1	0.020	1.602725e+00	1.390125e-01	5.313569e-30	4.977968e-30	1.262772e-28
0	nP341	0	0	2500	2	1	0.020	-1.428812e+00	1.397695e-01	4.641395e-24	4.407606e-24	3.415225e-23
0	nP342	0	0	2500	2	1	0.200	-9.480610e-01	2.934878e-02	1.336882e-191	8.659425e-192	2.223282e-142
0	nP344	0	0	2500	2	1	0.020	5.591557e-01	1.422238e-01	8.670627e-05	8.600165e-05	9.056319e-05
0	nP348	0	0	2500	2	1	0.350	7.673523e-01	2.614854e-02	6.691282e-163	4.626887e-163	4.597221e-126
0	nP353	0	0	2500	2	1	0.040	6.494157e-01	1.022253e-01	2.504269e-10	2.453440e-10	3.405082e-10
0	nP356	0	0	2500	2	1	0.050	1.514413e+00	8.812343e-02	1.191426e-62	1.035867e-62	1.424138e-56
0	nP361	0	0	2500	2	1	0.100	7.199703e-01	5.521716e-02	1.209888e-37	1.113849e-37	1.891836e-35
0	nP365	0	0	2500	2	1	0.110	-1.323522e+00	4.904142e-02	5.484860e-141	3.987007e-141	1.191665e-112
0	nP371	0	0	2500	2	1	0.020	-1.256986e+00	1.404289e-01	6.709222e-19	6.446602e-19	2.208205e-18
0	nP374	0	0	2500	2	1	0.030	1.428307e+00	1.141951e-01	7.344306e-35	6.804480e-35	5.511046e-33
0	nP377	0	0	2500	2	1	0.110	1.015704e+00	4.761521e-02	6.856486e-93	5.562836e-93	6.977428e-80
0	nP381	0	0	2500	2	1	0.010	1.461386e+00	1.975345e-01	1.876029e-13	1.825022e-13	3.294748e-13
0	nP385	0	0	2500	2	1	0.130	7.300496e-01	5.153401e-02	7.062561e-44	6.409917e-44	6.952795e-41
0	nP388	0	0	2500	2	1	0.010	1.208622e+00	1.982172e-01	1.244896e-09	1.221541e-09	1.615751e-09
0	nP393	0	0	2500	2	1	0.200	9.131443e-01	4.025005e-02	9.220390e-104	7.297104e-104	1.006305e-87
0	nP395	0	0	2500	2	1	0.020	1.407141e+00	1.398575e-01	2.269186e-23	2.158275e-23	1.482266e-22
0	nP404	0	0	2500	2	1	0.100	-1.088140e+00	4.813771e-02	4.321398e-103	3.425243e-103	3.011897e-87
0	nP408	0	0	2500	2	1	0.010	-7.982058e-02	1.996804e-01	6.893810e-01	6.892337e-01	6.892726e-01
0	nP410	0	0	2500	2	1	0.240	-8.209205e-01	3.055061e-02	6.324886e-140	4.608784e-140	5.606315e-112
0	nP414	0	0	2500	2	1	0.030	1.476022e+00	1.139520e-01	3.462195e-37	3.190701e-37	4.781425e-35
0	nP415	0	0	2500	2	1	0.010	1.395828e+00	1.977242e-01	2.157054e-12	2.103448e-12	3.443408e-12
0	nP419	0	0	2500	2	1	0.180	8.208564e-01	3.246567e-02	8.854300e-126	6.663631e-126	8.258160e-103
0	nP422	0	0	2500	2	1	0.010	-1.314826e+00	1.979464e-01	3.775700e-11	3.692220e-11	5.450346e-11
0	nP426	0	0	2500	2	1	0.030	-8.766663e-02	1.177036e-01	4.564575e-01	4.562322e-01	4.563273e-01
0	nP431	0	0	2500	2	1	0.060	5.341316e-01	7.248141e-02	2.320440e-13	2.257823e-13	4.040100e-13
0	nP438	0	0	2500	2	1	0.030	1.439405e+00	1.141393e-01	2.150035e-35	1.989574e-35	1.849317e-33
0	nP443	0	0	2500	2	1	0.220	-8.454906e-01	2.919668e-02	3.089281e-159	2.154092e-159	7.004173e-124
0	nP450	0	0	2500	2	1	0.320	6.479973e-01	3.273635e-02	3.993260e-81	3.328188e-81	4.379731e-71
0	nP454	0	0	2500	2	1	0.190	-9.677934e-01	3.061455e-02	8.718142e-185	5.735288e-185	1.258055e-138
0	nP456	0	0	2500	2	1	0.010	1.482298e+00	1.974721e-01	8.406230e-14	8.171222e-14	1.526324e-13
0	nP458	0	0	2500	2	1	0.030	1.374360e+00	1.144599e-01	2.479045e-32	2.310137e-32	1.001332e-30
0	nP463	0	0	2500	2	1	0.040	-1.640614e+00	9.767974e-02	4.569012e-60	3.996011e-60	1.797026e-54
0	nP470	0	0	2500	2	1	0.400	7.317397e-01	2.449005e-02	5.553035e-168	3.795611e-168	4.723547e-129
0	nP476	0	0	2500	2	1	0.120	1.076602e+00	4.604866e-02	1.727450e-109	1.349343e-109	9.520258e-92
0	nP479	0	0	2500	2	1	0.040	1.002644e+00	8.048212e-02	1.320675e-34	1.224315e-34	9.291165e-33
0	nP483	0	0	2500	2	1	0.160	-8.375633e-01	4.229591e-02	3.479038e-81	2.899212e-81	3.943027e-71
0	nP488	0	0	2500	2	1	0.180	8.208564e-01	3.246567e-02	8.854300e-126	6.663631e-126	8.258160e-103
0	nP490	0	0	2500	2	1	0.060	-1.256967e+00	6.881331e-02	4.570289e-70	3.906710e-70	1.667705e-62
0	nP496	0	0	2500	2	1	0.210	-8.575870e-01	3.033015e-02	7.830277e-153	5.540189e-153	5.214807e-120
0	nP500	0	0	2500	2	1	0.110	-1.007258e+00	4.416722e-02	9.794944e-105	7.734579e-105	2.058063e-88
0	nP506	0	0	2500	2	1	0.220	6.180646e-01	3.649352e-02	5.408525e-61	4.720221e-61	3.154166e-55
0	nP511	0	0	2500	2	1	0.140	9.416012e-01	3.988926e-02	2.227226e-111	1.732232e-111	4.641941e-93
0	nP519	0	0	2500	1	2	0.490	-1.162990e-01	3.242377e-02	3.411318e-04	3.387987e-04	3.513804e-04
0	nP523	0	0	2500	2	1	0.070	1.157345e+00	6.585041e-02	2.752248e-65	2.378508e-65	1.067278e-58
0	nP531	0	0	2500	2	1	0.210	9.485078e-01	3.203981e-02	2.349257e-165	1.615403e-165	1.634421e-127
0	nP534	0	0	2500	2	1	0.490	3.579346e-01	3.264729e-02	2.374322e-27	2.237861e-27	3.239047e-26
0	nP539	0	0	2500	2	1	0.020	1.387393e+00	1.399365e-01	9.422704e-23	8.974791e-23	5.548220e-22
0	nP540	0	0	2500	2	1	0.130	-1.006025e+00	5.438546e-02	1.060996e-71	9.035610e-72	8.599116e-64
0	nP544	0	0	2500	2	1	0.170	1.089503e+00	4.235696e-02	1.234308e-129	9.207827e-130	2.392076e-105
0	nP548	0	0	2500	2	1	0.170	-8.822296e-01	3.518348e-02	5.893446e-124	4.453834e-124	1.341236e-101
0	nP550	0	0	2500	2	1	0.080	-1.131053e+00	5.597456e-02	3.221509e-84	2.666041e-84	1.976998e-73
0	nP553	0	0	2500	2	1	0.010	2.528441e-01	1.996227e-01	2.054129e-01	2.051862e-01	2.053771e-01
0	nP555	0	0	2500	2	1	0.360	-2.630979e-01	3.248637e-02	8.589732e-16	8.311990e-16	1.920844e-15
0	nP558	0	0	2500	2	1	0.470	-1.377786e-01	3.081735e-02	8.140273e-06	8.055891e-06	8.766337e-06
0	nP563	0	0	2500	2	1	0.010	-1.550201e+00	1.972633e-01	5.726758e-15	5.551958e-15	1.170446e-14
0	nP568	0	0	2500	2	1	0.010	8.508717e-01	1.989598e-01	1.969003e-05	1.950242e-05	2.094333e-05
0	nP573	0	0	2500	2	1	0.150	6.390237e-01	5.031418e-02	7.347468e-36	6.791871e-36	7.132394e-34
0	nP576	0	0	2500	2	1	0.030	-1.004125e+00	1.159896e-01	8.526429e-18	8.213275e-18	2.425458e-17
0	nP581	0	0	2500	2	1	0.050	7.765377e-01	6.599951e-02	3.825466e-31	3.574511e-31	1.173313e-29
0	nP585	0	0	2500	2	1	0.170	8.385460e-01	3.397237e-02	1.477961e-120	1.125639e-120	2.528195e-99
0	cM4	0	0	2500	1	2	0.260	-3.360259e-01	3.114999e-02	1.504327e-26	1.420465e-26	1.752644e-25
0	cM6	0	0	2500	2	1	0.020	-1.874986e-01	9.977291e-02	6.032625e-02	6.019789e-02	6.040486e-02
0	cM8	0	0	2500	2	1	0.480	4.513132e-01	2.648132e-02	1.063660e-61	9.267968e-62	8.405231e-56
0	cM11	0	0	2500	2	1	0.220	4.034068e-01	3.276385e-02	7.285394e-34	6.765287e-34	4.259463e-32
0	cM14	0	0	2500	2	1	0.020	-3.173679e-01	9.964128e-02	1.464842e-03	1.456812e-03	1.491150e-03
0	cM17	0	0	2500	2	1	0.040	-1.113581e-01	7.129677e-02	1.184394e-01	1.182553e-01	1.184718e-01
0	cM22	0	0	2500	1	2	0.140	-2.527976e-01	3.996535e-02	2.982674e-10	2.922635e-10	4.034306e-10
0	cM23	0	0	2500	1	2	0.140	-2.690313e-01	3.992290e-02	1.976176e-11	1.931258e-11	2.915236e-11
0	cM29	0	0	2500	1	2	0.340	1.829523e-01	2.927982e-02	4.859426e-10	4.763881e-10	6.478536e-10
0	cM33	0	0	2500	2	1	0.160	-3.309326e-01	3.754901e-02	2.228239e-18	2.143559e-18	6.837813e-18
0	cM38	0	0	2500	1	2	0.440	-1.873816e-01	2.790895e-02	2.335136e-11	2.282431e-11	3.425354e-11
0	cM40	0	0	2500	2	1	0.040	-2.203515e-01	7.119520e-02	1.989714e-03	1.979370e-03	2.021221e-03
0	cM42	0	0	2500	2	1	0.020	3.356515e-01	9.961729e-02	7.647301e-04	7.600764e-04	7.822746e-04
0	cM47	0	0	2500	2	1	0.340	8.861452e-02	2.945443e-02	2.651370e-03	2.638290e-03	2.688413e-03
0	nM1	0	0	2500	2	1	0.180	3.854501e-01	3.555674e-02	8.654464e-27	8.167523e-27	1.056565e-25
0	nM4	0	0	2500	2	1	0.160	-1.998641e-01	3.791805e-02	1.473378e-07	1.452470e-07	1.703296e-07
0	nM6	0	0	2500	2	1	0.040	-2.626388e-01	7.113775e-02	2.272842e-04	2.256432e-04	2.350131e-04
0	nM9	0	0	2500	2	1	0.380	2.030424e-01	2.850985e-02	1.386766e-12	1.351716e-12	2.250845e-12
0	nM10	0	0	2500	2	1	0.360	-2.772907e-01	2.858761e-02	7.311047e-22	6.977646e-22	3.726297e-21
0	nM14	0	0	2500	2	1	0.320	2.377900e-01	2.958515e-02	1.400311e-15	1.355686e-15	3.058114e-15
0	nM15	0	0	2500	2	1	0.040	-2.511014e-02	7.132981e-02	7.248464e-01	7.247144e-01	7.247473e-01
0	nM21	0	0	2500	2	1	0.080	-1.639773e-01	5.141931e-02	1.445223e-03	1.437283e-03	1.471319e-03
0	nM22	0	0	2500	2	1	0.360	3.996739e-02	2.911001e-02	1.698826e-01	1.696691e-01	1.698728e-01
0	nM25	0	0	2500	2	1	0.320	-3.106263e-01	2.931365e-02	1.075032e-25	1.017082e-25	1.064256e-24
0	nM26	0	0	2500	1	2	0.320	-3.016188e-01	2.935128e-02	2.727732e-24	2.588972e-24	2.090444e-23
0	nM28	0	0	2500	2	1	0.020	2.001977e-01	9.976303e-02	4.488578e-02	4.477875e-02	4.497252e-02
0	nM32	0	0	2500	2	1	0.020	-1.629506e-01	9.979016e-02	1.026092e-01	1.024374e-01	1.026550e-01
0	nM33	0	0	2500	2	1	0.320	-3.274407e-01	2.924030e-02	1.953988e-28	1.837131e-28	3.324776e-27
0	nM37	0	0	2500	2	1	0.240	3.084398e-01	3.214209e-02	1.934882e-21	1.848425e-21	9.227554e-21
0	nM40	0	0	2500	2	1	0.080	-2.549248e-01	5.127079e-02	7.071397e-07	6.981643e-07	7.928607e-07
0	nM42	0	0	2500	2	1	0.040	-2.232377e-01	7.119160e-02	1.734196e-03	1.724960e-03	1.763280e-03
0	nM44	0	0	2500	2	1	0.200	-3.457072e-01	3.425380e-02	1.671390e-23	1.589217e-23	1.116806e-22
0	nM45	0	0	2500	2	1	0.240	-2.236509e-01	3.242183e-02	6.651152e-12	6.493033e-12	1.019066e-11
0	nM49	0	0	2500	2	1	0.020	3.938062e-01	9.953202e-02	7.814944e-05	7.750669e-05	8.172118e-05
0	nM52	0	0	2500	2	1	0.020	-6.877388e-04	9.984341e-02	9.945046e-01	9.945019e-01	9.945024e-01
0	nM53	0	0	2500	2	1	0.120	3.152320e-01	4.254964e-02	1.737074e-13	1.689718e-13	3.060339e-13
0	nM56	0	0	2500	2	1	0.040	-1.832027e-01	7.123733e-02	1.017672e-02	1.013901e-02	1.024640e-02
0	nM58	0	0	2500	2	1	0.020	3.896183e-01	9.953862e-02	9.311362e-05	9.236318e-05	9.717848e-05
0	nM60	0	0	2500	2	1	0.020	2.679058e-01	9.969942e-02	7.254545e-03	7.225440e-03	7.315440e-03
0	nM61	0	0	2500	2	1	0.300	1.512621e-01	3.035215e-02	6.669322e-07	6.584299e-07	7.485839e-07
0	nM64	0	0	2500	2	1	0.260	9.673534e-02	3.180844e-02	2.380977e-03	2.368994e-03	2.415870e-03
0	nM66	0	0	2500	2	1	0.080	5.548708e-02	5.151191e-02	2.815084e-01	2.812677e-01	2.814276e-01
0	nM67	0	0	2500	2	1	0.100	-2.407607e-01	4.634391e-02	2.211491e-07	2.180967e-07	2.535526e-07
0	nM70	0	0	2500	1	2	0.180	7.840404e-02	3.634965e-02	3.110538e-02	3.102121e-02	3.119469e-02
0	nM72	0	0	2500	2	1	0.200	3.022372e-01	3.441799e-02	2.937442e-18	2.826582e-18	8.872616e-18
0	nM79	0	0	2500	2	1	0.040	2.478165e-01	7.115904e-02	5.051536e-04	5.018842e-04	5.185209e-04
0	nM82	0	0	2500	2	1	0.080	-2.549248e-01	5.127079e-02	7.071397e-07	6.981643e-07	7.928607e-07
0	nM86	0	0	2500	2	1	0.020	3.894182e-01	9.953893e-02	9.389233e-05	9.313635e-05	9.798217e-05
0	nM91	0	0	2500	2	1	0.180	-9.532579e-02	3.633346e-02	8.752584e-03	8.718960e-03	8.818367e-03
0	nM95	0	0	2500	2	1	0.020	-1.757293e-01	9.978148e-02	7.833685e-02	7.818773e-02	7.840253e-02
0	nM97	0	0	2500	1	2	0.280	9.803314e-02	3.106980e-02	1.622660e-03	1.613919e-03	1.650625e-03
0	nM99	0	0	2500	2	1	0.020	-1.874986e-01	9.977291e-02	6.032625e-02	6.019789e-02	6.040486e-02
0	nM101	0	0	2500	2	1	0.180	1.752282e-01	3.621417e-02	1.386741e-06	1.370031e-06	1.536291e-06
0	nM102	0	0	2500	2	1	0.020	3.023865e-01	9.965993e-02	2.436722e-03	2.424511e-03	2.472070e-03
0	nM103	0	0	2500	2	1	0.340	-3.072528e-02	2.950134e-02	2.977501e-01	2.975084e-01	2.976617e-01
0	nM106	0	0	2500	2	1	0.380	3.107452e-01	2.811866e-02	9.402589e-28	8.854054e-28	1.390853e-26
0	nM107	0	0	2500	2	1	0.040	-3.202111e-01	7.104328e-02	6.869441e-06	6.797124e-06	7.416383e-06
0	nM110	0	0	2500	2	1	0.040	-2.810268e-01	7.110962e-02	7.964349e-05	7.898989e-05	8.326568e-05
0	nM112	0	0	2500	2	1	0.020	4.456939e-01	9.944438e-02	7.733838e-06	7.653293e-06	8.334925e-06
0	nM115	0	0	2500	1	2	0.040	-2.546078e-01	7.114944e-02	3.521564e-04	3.497584e-04	3.626309e-04
0	nM118	0	0	2500	2	1	0.020	-3.755523e-01	9.956026e-02	1.656323e-04	1.643872e-04	1.718067e-04
0	nM121	0	0	2500	2	1	0.420	-2.894429e-01	2.772259e-02	5.244529e-25	4.969616e-25	4.571324e-24
0	nM127	0	0	2500	2	1	0.360	3.929814e-01	2.803942e-02	5.122797e-43	4.658565e-43	3.850410e-40
0	nM131	0	0	2500	1	2	0.460	3.949890e-01	2.690956e-02	7.487847e-47	6.749819e-47	1.947214e-43
0	nM132	0	0	2500	2	1	0.040	3.556835e-01	7.097569e-02	5.783355e-07	5.708839e-07	6.508564e-07
0	nM133	0	0	2500	2	1	0.100	3.481813e-01	4.606986e-02	5.723601e-14	5.561486e-14	1.056297e-13
0	nM137	0	0	2500	2	1	0.160	1.380326e-01	3.802818e-02	2.893987e-04	2.873748e-04	2.985483e-04
0	nM142	0	0	2500	2	1	0.040	-3.202111e-01	7.104328e-02	6.869441e-06	6.797124e-06	7.416383e-06
0	nM145	0	0	2500	2	1	0.020	-2.531665e-01	9.971484e-02	1.118019e-02	1.113972e-02	1.125226e-02
0	nM146	0	0	2500	2	1	0.060	-2.981886e-01	5.855516e-02	3.798510e-07	3.748044e-07	4.309006e-07
0	nM147	0	0	2500	2	1	0.020	3.896183e-01	9.953862e-02	9.311362e-05	9.236318e-05	9.717848e-05
0	nM151	0	0	2500	2	1	0.140	-3.469796e-01	3.968143e-02	4.047817e-18	3.896284e-18	1.200572e-17
0	nM153	0	0	2500	1	2	0.400	3.644082e-02	2.852331e-02	2.015162e-01	2.012908e-01	2.014831e-01
0	nM155	0	0	2500	2	1	0.040	-1.113581e-01	7.129677e-02	1.184394e-01	1.182553e-01	1.184718e-01
0	nM159	0	0	2500	2	1	0.040	-2.433032e-01	7.116527e-02	6.389548e-04	6.349595e-04	6.545672e-04
0	nM160	0	0	2500	2	1	0.020	3.469705e-01	9.960177e-02	5.032694e-04	5.000104e-04	5.166034e-04
0	nM162	0	0	2500	2	1	0.020	-1.757293e-01	9.978148e-02	7.833685e-02	7.818773e-02	7.840253e-02
0	nM163	0	0	2500	1	2	0.380	-3.539551e-01	2.791346e-02	9.364427e-36	8.658397e-36	8.844089e-34
0	nM164	0	0	2500	2	1	0.020	-1.918101e-01	9.976962e-02	5.465271e-02	5.453175e-02	5.473474e-02
0	nM165	0	0	2500	2	1	0.020	-2.531665e-01	9.971484e-02	1.118019e-02	1.113972e-02	1.125226e-02
0	nM170	0	0	2500	1	2	0.080	-1.833092e-01	5.139317e-02	3.681591e-04	3.656674e-04	3.789566e-04
0	nM173	0	0	2500	2	1	0.020	3.663376e-01	9.957400e-02	2.390525e-04	2.373378e-04	2.470604e-04
0	nM174	0	0	2500	2	1	0.060	-1.261464e-01	5.880418e-02	3.203341e-02	3.194756e-02	3.212276e-02
0	nM176	0	0	2500	2	1	0.140	-9.552972e-02	4.023878e-02	1.766835e-02	1.761166e-02	1.775086e-02
0	nM178	0	0	2500	2	1	0.240	2.686773e-01	3.228468e-02	1.403157e-16	1.355363e-16	3.436108e-16
0	nM180	0	0	2500	1	2	0.040	-2.451033e-01	7.116280e-02	5.820605e-04	5.783703e-04	5.967451e-04
0	nM183	0	0	2500	1	2	0.240	-1.926352e-01	3.250144e-02	3.511413e-09	3.449027e-09	4.431452e-09
0	nM184	0	0	2500	2	1	0.020	-2.199224e-01	9.974640e-02	2.755786e-02	2.748033e-02	2.764659e-02
0	nM186	0	0	2500	2	1	0.420	-3.012078e-01	2.767237e-02	5.441957e-27	5.133406e-27	6.911818e-26
0	nM188	0	0	2500	2	1	0.100	1.312008e-01	4.651958e-02	4.835228e-03	4.814039e-03	4.885825e-03
0	nM191	0	0	2500	2	1	0.180	-1.168852e-01	3.630824e-02	1.301752e-03	1.294474e-03	1.326246e-03
0	nM193	0	0	2500	2	1	0.140	-1.551420e-01	4.016438e-02	1.150021e-04	1.140982e-04	1.197464e-04
0	nM194	0	0	2500	2	1	0.460	-3.622200e-01	2.709349e-02	2.003542e-39	1.837009e-39	5.156254e-37
0	nM198	0	0	2500	1	2	0.400	4.233439e-01	2.724639e-02	4.859533e-52	4.328877e-52	7.918595e-48
0	nM199	0	0	2500	2	1	0.300	2.095864e-01	3.021304e-02	5.084547e-12	4.962363e-12	7.865647e-12
0	nM200	0	0	2500	2	1	0.200	-3.209013e-01	3.435029e-02	2.024998e-20	1.939013e-20	8.272408e-20
0	nM201	0	0	2500	2	1	0.200	-1.315506e-01	3.484593e-02	1.635998e-04	1.623681e-04	1.697199e-04
0	nM203	0	0	2500	2	1	0.400	-2.666846e-01	2.802927e-02	4.139549e-21	3.957558e-21	1.876016e-20
0	nM206	0	0	2500	2	1	0.060	7.846250e-02	5.883738e-02	1.824735e-01	1.822547e-01	1.824541e-01
0	nM208	0	0	2500	2	1	0.260	2.396284e-01	3.150454e-02	3.972122e-14	3.858229e-14	7.446409e-14
0	nM210	0	0	2500	2	1	0.040	-3.766652e-01	7.093235e-02	1.191598e-07	1.174447e-07	1.383650e-07
0	nM212	0	0	2500	2	1	0.420	1.103474e-01	2.823482e-02	9.545810e-05	9.469101e-05	9.959795e-05
0	nM214	0	0	2500	2	1	0.020	-1.757293e-01	9.978148e-02	7.833685e-02	7.818773e-02	7.840253e-02
0	nM215	0	0	2500	2	1	0.100	3.469750e-01	4.607350e-02	6.997050e-14	6.800210e-14	1.280336e-13
0	nM218	0	0	2500	2	1	0.020	-1.025218e-01	9.982234e-02	3.044997e-01	3.042578e-01	3.044083e-01
0	nM219	0	0	2500	2	1	0.180	-7.980375e-02	3.634843e-02	2.821790e-02	2.813911e-02	2.830679e-02
0	nM221	0	0	2500	2	1	0.280	-2.048145e-01	3.086076e-02	3.919529e-11	3.833010e-11	5.650992e-11
0	nM222	0	0	2500	2	1	0.160	4.203442e-01	3.718921e-02	6.320582e-29	5.935938e-29	1.191771e-27
0	nM223	0	0	2500	2	1	0.020	3.851560e-01	9.954557e-02	1.120129e-04	1.111297e-04	1.166670e-04
0	nM227	0	0	2500	2	1	0.040	3.004899e-01	7.107775e-02	2.446628e-05	2.423820e-05	2.594908e-05
0	nM229	0	0	2500	2	1	0.200	1.325781e-01	3.484437e-02	1.452871e-04	1.441770e-04	1.509069e-04
0	nM234	0	0	2500	2	1	0.140	-1.473026e-01	4.017619e-02	2.511046e-04	2.493151e-04	2.593931e-04
0	nM237	0	0	2500	2	1	0.220	2.343190e-02	3.374014e-02	4.874450e-01	4.872272e-01	4.873128e-01
0	nM239	0	0	2500	2	1	0.040	9.761793e-02	7.130483e-02	1.711153e-01	1.709012e-01	1.711045e-01
0	nM243	0	0	2500	2	1	0.040	-2.516850e-01	7.115360e-02	4.117492e-04	4.090055e-04	4.234001e-04
0	nM249	0	0	2500	2	1	0.220	-3.389900e-01	3.305472e-02	3.352733e-24	3.182829e-24	2.529057e-23
0	nM251	0	0	2500	2	1	0.180	2.908523e-01	3.591508e-02	8.616116e-16	8.337547e-16	1.926456e-15
0	nM255	0	0	2500	2	1	0.160	1.228425e-01	3.804903e-02	1.260392e-03	1.253307e-03	1.284408e-03
0	nM257	0	0	2500	2	1	0.080	-1.301583e-01	5.145802e-02	1.148659e-02	1.144528e-02	1.155932e-02
0	nM259	0	0	2500	1	2	0.360	1.243836e-01	2.901446e-02	1.880135e-05	1.862139e-05	2.001048e-05
0	nM261	0	0	2500	2	1	0.200	1.445972e-01	3.482523e-02	3.405123e-05	3.374446e-05	3.596244e-05
0	nM262	0	0	2500	2	1	0.360	2.536635e-01	2.867531e-02	1.678090e-18	1.613865e-18	5.234477e-18
0	nM265	0	0	2500	2	1	0.320	2.385382e-02	2.996145e-02	4.260204e-01	4.257889e-01	4.258939e-01
0	nM268	0	0	2500	2	1	0.280	2.893728e-01	3.058853e-02	6.845041e-21	6.547362e-21	3.000614e-20
0	nM270	0	0	2500	2	1	0.100	3.787685e-01	4.597315e-02	2.770292e-16	2.677728e-16	6.552876e-16
0	nM274	0	0	2500	2	1	0.400	-8.196365e-03	2.853216e-02	7.739313e-01	7.738212e-01	7.738469e-01
0	nM277	0	0	2500	2	1	0.020	3.663376e-01	9.957400e-02	2.390525e-04	2.373378e-04	2.470604e-04
0	nM278	0	0	2500	2	1	0.080	-1.386446e-01	5.144915e-02	7.090475e-03	7.061880e-03	7.150775e-03
0	nM280	0	0	2500	2	1	0.020	-2.199224e-01	9.974640e-02	2.755786e-02	2.748033e-02	2.764659e-02
0	nM284	0	0	2500	2	1	0.020	-1.918101e-01	9.976962e-02	5.465271e-02	5.453175e-02	5.473474e-02
0	nM285	0	0	2500	1	2	0.280	-2.686265e-02	3.112701e-02	3.882197e-01	3.879823e-01	3.881006e-01
0	nM287	0	0	2500	2	1	0.020	-3.274257e-01	9.962825e-02	1.028539e-03	1.022563e-03	1.049716e-03
0	nM290	0	0	2500	1	2	0.080	-2.015615e-02	5.152230e-02	6.956738e-01	6.955291e-01	6.955669e-01
0	nM292	0	0	2500	1	2	0.340	-2.399149e-01	2.911468e-02	2.738176e-16	2.646654e-16	6.480720e-16
0	nM296	0	0	2500	2	1	0.020	-1.750307e-01	9.978197e-02	7.953060e-02	7.938023e-02	7.959534e-02
0	nM298	0	0	2500	2	1	0.020	3.894182e-01	9.953893e-02	9.389233e-05	9.313635e-05	9.798217e-05
0	nM299	0	0	2500	2	1	0.060	-1.460734e-01	5.878572e-02	1.302583e-02	1.298046e-02	1.310164e-02
0	nM302	0	0	2500	2	1	0.380	-2.384430e-01	2.839991e-02	7.637270e-17	7.372709e-17	1.930228e-16
0	nM308	0	0	2500	1	2	0.080	1.842881e-01	5.139177e-02	3.423018e-04	3.399617e-04	3.525745e-04
0	nP62	11	0	2500	2	1	0.130	-1.116993e+00	4.145255e-02	1.307534e-140	9.512795e-141	2.064691e-112
0	nP138	11	0	2500	2	1	0.070	1.458104e+00	7.510088e-02	2.548508e-78	2.137730e-78	6.147420e-69
0	nP82	12	0	2500	2	1	0.100	-1.516113e+00	5.465855e-02	7.452980e-148	5.333451e-148	6.004821e-117
0	nP396	12	0	2500	2	1	0.440	-2.293195e-01	3.204933e-02	1.093206e-12	1.065327e-12	1.790528e-12
0	nP109	14	0	2500	2	1	0.130	6.299554e-01	4.840336e-02	1.627759e-37	1.498991e-37	2.457228e-35
0	nP296	14	0	2500	2	1	0.220	6.285137e-01	3.362576e-02	4.466983e-73	3.792197e-73	7.175218e-65
0	nP512	14	0	2500	2	1	0.030	1.422141e+00	1.142259e-01	1.446791e-34	1.341350e-34	1.007731e-32
0	nP524	14	0	2500	2	1	0.090	1.080590e+00	5.446482e-02	1.821548e-81	1.516988e-81	2.408913e-71
0	cP18	17	0	2500	2	1	0.070	-1.060627e+00	5.873330e-02	1.298665e-68	1.113804e-68	2.361859e-61
0	nP16	17	0	2500	2	1	0.020	-1.568896e+00	1.391669e-01	8.685627e-29	8.159626e-29	1.590745e-27
0	nP55	17	0	2500	2	1	0.070	7.726511e-01	6.806980e-02	3.753211e-29	3.522984e-29	7.424885e-28
0	nP91	17	0	2500	2	1	0.010	1.459632e+00	1.975397e-01	2.005670e-13	1.951267e-13	3.512829e-13
0	nP232	17	0	2500	2	1	0.010	-1.391643e-01	1.996674e-01	4.858800e-01	4.856617e-01	4.857478e-01
0	nP432	17	0	2500	2	1	0.070	9.807617e-01	6.698820e-02	1.246421e-46	1.124139e-46	3.009166e-43
0	nP444	17	0	2500	2	1	0.010	-1.539192e+00	1.972978e-01	8.926025e-15	8.657355e-15	1.787687e-14
0	nP464	17	0	2500	2	1	0.050	1.879815e-01	9.311125e-02	4.360510e-02	4.350003e-02	4.369232e-02
0	nP586	17	0	2500	2	1	0.100	-1.080598e+00	4.820568e-02	1.476776e-101	1.174638e-101	3.724453e-86
0	nM73	17	0	2500	2	1	0.040	-2.748609e-01	7.111927e-02	1.140183e-04	1.131212e-04	1.187330e-04
0	nP103	20	0	2500	2	1	0.310	-4.093733e-01	3.025306e-02	2.585534e-40	2.365810e-40	8.604311e-38
0	nP167	20	0	2500	2	1	0.050	-1.473007e+00	8.840394e-02	3.434457e-59	3.009769e-59	9.354671e-54
0	nP260	20	0	2500	2	1	0.180	-9.915481e-01	3.203715e-02	2.579193e-178	1.721922e-178	5.393021e-135
0	nP279	20	0	2500	2	1	0.020	7.095678e-01	1.419550e-01	6.176642e-07	6.097447e-07	6.942676e-07
0	nP290	20	0	2500	2	1	0.010	1.340706e+00	1.978769e-01	1.541279e-11	1.505878e-11	2.293075e-11
0	nP366	20	0	2500	2	1	0.030	8.407273e-01	1.165086e-01	7.068260e-13	6.885054e-13	1.177344e-12
0	nP471	20	0	2500	2	1	0.110	9.995845e-01	4.775158e-02	8.821013e-90	7.207772e-90	1.369738e-77
0	nP501	20	0	2500	2	1	0.020	1.488415e+00	1.395203e-01	5.165036e-26	4.883064e-26	5.429833e-25
0	nM16	20	0	2500	2	1	0.300	-5.105581e-02	3.048556e-02	9.410768e-02	9.394320e-02	9.416060e-02
0	nP63	22	0	2500	2	1	0.070	-1.328746e+00	6.454218e-02	4.077295e-87	3.351980e-87	1.318241e-75
0	nP139	22	0	2500	2	1	0.100	-5.767004e-01	6.143772e-02	1.345087e-20	1.287452e-20	5.641881e-20
0	cP2	25	0	2500	2	1	0.190	-9.667456e-01	3.062780e-02	2.572041e-184	1.693845e-184	2.296977e-138
0	cP25	25	0	2500	2	1	0.310	-3.764341e-01	3.042383e-02	3.589999e-34	3.331367e-34	2.265156e-32
0	cP30	25	0	2500	2	1	0.270	-8.120243e-01	3.068195e-02	2.864406e-136	2.104706e-136	1.204016e-109
0	nP4	25	0	2500	2	1	0.070	1.044810e+00	7.780906e-02	9.591458e-40	8.787791e-40	2.705868e-37
0	nP23	25	0	2500	2	1	0.200	-9.480610e-01	2.934878e-02	1.336882e-191	8.659425e-192	2.223282e-142
0	nP31	25	0	2500	2	1	0.010	-1.499418e+00	1.974204e-01	4.319537e-14	4.196028e-14	8.068472e-14
0	nP37	25	0	2500	2	1	0.200	-9.480610e-01	2.934878e-02	1.336882e-191	8.659425e-192	2.223282e-142
0	nP83	25	0	2500	2	1	0.400	-9.969907e-02	2.846282e-02	4.685090e-04	4.654437e-04	4.812195e-04
0	nP98	25	0	2500	2	1	0.070	5.698948e-01	6.886559e-02	2.056298e-16	1.987006e-16	4.938014e-16
0	nP121	25	0	2500	2	1	0.100	2.099532e-01	6.237056e-02	7.735838e-04	7.688845e-04	7.912588e-04
0	nP151	25	0	2500	2	1	0.080	-1.218147e+00	6.234835e-02	3.194716e-79	2.674257e-79	1.247883e-69
0	nP173	25	0	2500	2	1	0.010	-1.416641e+00	1.976650e-01	1.005662e-12	9.799352e-13	1.652423e-12
0	nP182	25	0	2500	2	1	0.070	2.044719e-01	6.231530e-02	1.047707e-03	1.041638e-03	1.069130e-03
0	nP196	25	0	2500	2	1	0.390	5.787960e-01	3.155862e-02	1.379402e-70	1.177718e-70	6.478039e-63
0	nP206	25	0	2500	2	1	0.160	8.643888e-01	3.565846e-02	9.280071e-117	7.129431e-117	9.402410e-97
0	nP215	25	0	2500	2	1	0.200	-9.480610e-01	2.934878e-02	1.336882e-191	8.659425e-192	2.223282e-142
0	nP220	25	0	2500	2	1	0.010	1.310968e+00	1.979566e-01	4.308869e-11	4.214146e-11	6.192997e-11
0	nP227	25	0	2500	2	1	0.060	-4.661400e-01	8.552207e-02	5.514259e-08	5.430827e-08	6.510305e-08
0	nP255	25	0	2500	2	1	0.010	1.482298e+00	1.974721e-01	8.406230e-14	8.171222e-14	1.526324e-13
0	nP267	25	0	2500	2	1	0.190	6.329825e-01	3.530264e-02	1.006809e-67	8.652524e-68	1.203301e-60
0	nP272	25	0	2500	2	1	0.050	5.975427e-01	9.241706e-02	1.208461e-10	1.183089e-10	1.680392e-10
0	nP285	25	0	2500	2	1	0.030	1.430969e+00	1.141818e-01	5.475019e-35	5.071112e-35	4.243891e-33
0	nP331	25	0	2500	2	1	0.010	1.433780e+00	1.976155e-01	5.319115e-13	5.179799e-13	8.959074e-13
0	nP349	25	0	2500	2	1	0.010	1.461386e+00	1.975345e-01	1.876029e-13	1.825022e-13	3.294748e-13
0	nP357	25	0	2500	2	1	0.090	2.283220e-01	5.842081e-02	9.544604e-05	9.467903e-05	9.958550e-05
0	nP389	25	0	2500	2	1	0.260	5.882117e-01	3.154085e-02	8.940367e-73	7.595064e-73	1.235054e-64
0	nP397	25	0	2500	2	1	0.050	1.288517e+00	7.312493e-02	1.349021e-65	1.165006e-65	6.023656e-59
0	nP427	25	0	2500	2	1	0.020	1.602725e+00	1.390125e-01	5.313569e-30	4.977968e-30	1.262772e-28
0	nP439	25	0	2500	2	1	0.010	-1.540325e+00	1.972943e-01	8.528922e-15	8.271835e-15	1.711689e-14
0	nP459	25	0	2500	2	1	0.010	-1.314826e+00	1.979464e-01	3.775700e-11	3.692220e-11	5.450346e-11
0	nP484	25	0	2500	2	1	0.070	4.958347e-01	6.165641e-02	1.351914e-15	1.308786e-15	2.957422e-15
0	nP491	25	0	2500	2	1	0.020	-1.065032e-01	1.426472e-01	4.553636e-01	4.551381e-01	4.552335e-01
0	nP507	25	0	2500	2	1	0.320	-5.918742e-01	3.098244e-02	4.816305e-76	4.061089e-76	3.513916e-67
0	nP535	25	0	2500	2	1	0.070	9.431027e-01	5.953042e-02	6.147417e-54	5.452397e-54	2.048636e-49
0	nP559	25	0	2500	2	1	0.010	-1.288387e-01	1.996702e-01	5.188194e-01	5.186102e-01	5.186869e-01
0	nP564	25	0	2500	2	1	0.030	-9.435317e-01	8.803944e-02	3.114171e-26	2.942685e-26	3.413914e-25
0	nP577	25	0	2500	2	1	0.170	-2.675479e-01	4.477169e-02	2.616033e-09	2.568816e-09	3.327308e-09
0	cM18	25	0	2500	2	1	0.020	3.469705e-01	9.960177e-02	5.032694e-04	5.000104e-04	5.166034e-04
0	cM24	25	0	2500	2	1	0.020	-2.199224e-01	9.974640e-02	2.755786e-02	2.748033e-02	2.764659e-02
0	cM34	25	0	2500	2	1	0.020	-1.764019e-02	9.984278e-02	8.597744e-01	8.597049e-01	8.597197e-01
0	nM138	25	0	2500	2	1	0.220	4.523027e-02	3.373126e-02	1.800746e-01	1.798568e-01	1.800571e-01
0	nM230	25	0	2500	2	1	0.120	-1.690328e-01	4.288140e-02	8.307026e-05	8.239183e-05	8.680709e-05
0	nM303	25	0	2500	2	1	0.140	-4.372357e-03	4.028405e-02	9.135775e-01	9.135345e-01	9.135433e-01
0	nP110	29	0	2500	2	1	0.010	1.322330e+00	1.979264e-01	2.917098e-11	2.851881e-11	4.247170e-11
0	nP297	29	0	2500	2	1	0.210	-8.982534e-01	2.985521e-02	5.642069e-170	3.838995e-170	3.266934e-130
0	nP513	29	0	2500	2	1	0.010	1.340706e+00	1.978769e-01	1.541279e-11	1.505878e-11	2.293075e-11
0	nP525	29	0	2500	2	1	0.010	-1.392842e+00	1.977326e-01	2.404444e-12	2.344940e-12	3.822858e-12
0	cP7	33	0	2500	2	1	0.150	8.870262e-01	3.770666e-02	1.064397e-110	8.291237e-111	1.372351e-92
0	cP11	33	0	2500	2	1	0.140	-1.045728e+00	4.151611e-02	6.041460e-125	4.555391e-125	2.949957e-102
0	cP19	33	0	2500	2	1	0.020	-1.410738e+00	1.398430e-01	1.746814e-23	1.661005e-23	1.163381e-22
0	cP40	33	0	2500	2	1	0.030	1.463729e+00	1.140154e-01	1.402579e-36	1.294390e-36	1.645709e-34
0	nP12	33	0	2500	2	1	0.160	1.114146e-01	4.320359e-02	9.970347e-03	9.933221e-03	1.003950e-02
0	nP17	33	0	2500	2	1	0.140	-1.173417e+00	4.012670e-02	6.350466e-162	4.401012e-162	1.747342e-125
0	nP42	33	0	2500	2	1	0.060	1.124468e+00	6.972509e-02	9.730506e-56	8.594904e-56	6.531820e-51
0	nP56	33	0	2500	2	1	0.120	9.501606e-01	4.714942e-02	8.304117e-84	6.878749e-84	4.040836e-73
0	nP64	33	0	2500	2	1	0.030	1.249592e-02	1.177164e-01	9.154697e-01	9.154275e-01	9.154361e-01
0	nP78	33	0	2500	2	1	0.030	-1.622288e+00	1.131532e-01	7.361138e-45	6.665913e-45	9.920829e-42
0	nP92	33	0	2500	2	1	0.030	-1.620953e+00	1.131608e-01	8.723286e-45	7.900745e-45	1.148002e-41
0	nP126	33	0	2500	2	1	0.010	-1.288387e-01	1.996702e-01	5.188194e-01	5.186102e-01	5.186869e-01
0	nP140	33	0	2500	2	1	0.030	1.371006e+00	1.144760e-01	3.531349e-32	3.291898e-32	1.375710e-30
0	nP156	33	0	2500	2	1	0.290	-1.911271e-01	3.463686e-02	3.781338e-08	3.722760e-08	4.502298e-08
0	nP178	33	0	2500	2	1	0.030	8.499486e-01	8.842021e-02	1.658395e-21	1.584051e-21	7.991979e-21
0	nP192	33	0	2500	2	1	0.280	-5.897200e-01	3.270866e-02	2.062060e-68	1.769345e-68	3.409681e-61
0	nP211	33	0	2500	2	1	0.070	1.047649e+00	6.658157e-02	2.896595e-53	2.573070e-53	7.469388e-49
0	nP233	33	0	2500	2	1	0.070	8.046318e-01	5.469776e-02	4.840004e-47	4.361066e-47	1.341694e-43
0	nP239	33	0	2500	2	1	0.370	7.419628e-01	2.767532e-02	2.271534e-139	1.657308e-139	1.262408e-111
0	nP243	33	0	2500	2	1	0.020	-1.403902e+00	1.398705e-01	2.870241e-23	2.730587e-23	1.842674e-22
0	nP247	33	0	2500	2	1	0.140	-1.005337e+00	5.320032e-02	1.494452e-74	1.264424e-74	5.062118e-66
0	nP251	33	0	2500	2	1	0.020	-7.177153e-01	9.880534e-02	5.000541e-13	4.869274e-13	8.443014e-13
0	nP305	33	0	2500	2	1	0.060	1.156805e+00	6.951300e-02	4.686470e-59	4.108232e-59	1.206746e-53
0	nP309	33	0	2500	2	1	0.200	-9.480610e-01	2.934878e-02	1.336882e-191	8.659425e-192	2.223282e-142
0	nP314	33	0	2500	2	1	0.010	7.453241e-01	1.991292e-01	1.859987e-04	1.846208e-04	1.927057e-04
0	nP318	33	0	2500	2	1	0.020	1.419960e+00	1.398056e-01	8.902952e-24	8.459962e-24	6.235799e-23
0	nP325	33	0	2500	2	1	0.020	1.381594e+00	1.399594e-01	1.425609e-22	1.358398e-22	8.148964e-22
0	nP338	33	0	2500	2	1	0.200	-9.480610e-01	2.934878e-02	1.336882e-191	8.659425e-192	2.223282e-142
0	nP345	33	0	2500	2	1	0.320	7.638288e-02	3.140801e-02	1.508739e-02	1.503685e-02	1.516660e-02
0	nP362	33	0	2500	2	1	0.110	4.467154e-01	5.501291e-02	7.230951e-16	6.995957e-16	1.630676e-15
0	nP378	33	0	2500	2	1	0.070	1.174902e+00	6.572583e-02	2.391987e-67	2.057444e-67	2.397572e-60
0	nP382	33	0	2500	2	1	0.200	-9.480610e-01	2.934878e-02	1.336882e-191	8.659425e-192	2.223282e-142
0	nP405	33	0	2500	2	1	0.090	4.003294e-01	5.804915e-02	6.732995e-12	6.573009e-12	1.031157e-11
0	nP411	33	0	2500	1	2	0.490	-1.242233e+00	1.832539e-02	0.000000e+00	0.000000e+00	2.048419e-273
0	nP416	33	0	2500	2	1	0.020	1.488415e+00	1.395203e-01	5.165036e-26	4.883064e-26	5.429833e-25
0	nP423	33	0	2500	2	1	0.010	-1.333861e+00	1.978954e-01	1.956756e-11	1.912260e-11	2.887557e-11
0	nP433	33	0	2500	2	1	0.010	9.663872e-01	1.987485e-01	1.231937e-06	1.216953e-06	1.367608e-06
0	nP445	33	0	2500	2	1	0.030	1.430903e+00	1.141821e-01	5.515048e-35	5.108225e-35	4.271474e-33
0	nP451	33	0	2500	2	1	0.050	-4.262379e-01	9.279613e-02	4.580018e-06	4.530038e-06	4.975312e-06
0	nP465	33	0	2500	2	1	0.010	1.395828e+00	1.977242e-01	2.157054e-12	2.103448e-12	3.443408e-12
0	nP480	33	0	2500	2	1	0.040	9.461448e-01	8.075549e-02	6.672577e-31	6.238290e-31	1.937563e-29
0	nP497	33	0	2500	2	1	0.060	1.301284e-01	6.483934e-02	4.486408e-02	4.475709e-02	4.495084e-02
0	nP520	33	0	2500	2	1	0.020	4.274987e-01	1.424065e-01	2.709047e-03	2.695736e-03	2.746530e-03
0	nP541	33	0	2500	2	1	0.200	-9.480610e-01	2.934878e-02	1.336882e-191	8.659425e-192	2.223282e-142
0	nP545	33	0	2500	2	1	0.120	-1.389173e+00	4.696719e-02	4.203966e-165	2.892408e-165	2.301915e-127
0	nP569	33	0	2500	2	1	0.010	-1.358155e+00	1.978292e-01	8.341711e-12	8.145212e-12	1.267871e-11
0	nP582	33	0	2500	2	1	0.120	8.543529e-01	4.185203e-02	8.638010e-86	7.122953e-86	1.297967e-74
0	nP587	33	0	2500	2	1	0.010	1.373910e+00	1.977857e-01	4.759576e-12	4.644900e-12	7.380480e-12
0	cM30	33	0	2500	2	1	0.180	6.674288e-03	3.638324e-02	8.544645e-01	8.543925e-01	8.544079e-01
0	nM34	33	0	2500	2	1	0.060	1.456640e-02	5.885760e-02	8.045529e-01	8.044571e-01	8.044786e-01
0	nM46	33	0	2500	2	1	0.080	2.761226e-01	5.122683e-02	7.697365e-08	7.583357e-08	9.021619e-08
0	nM74	33	0	2500	2	1	0.040	1.316986e-02	7.133109e-02	8.535342e-01	8.534618e-01	8.534773e-01
0	nM83	33	0	2500	1	2	0.480	9.990638e-02	2.790705e-02	3.501843e-04	3.477978e-04	3.606185e-04
0	nM87	33	0	2500	2	1	0.280	1.753440e-01	3.093334e-02	1.606553e-08	1.580349e-08	1.951481e-08
0	nM122	33	0	2500	2	1	0.040	-1.329487e-01	7.128196e-02	6.228308e-02	6.215227e-02	6.236042e-02
0	nM134	33	0	2500	1	2	0.320	1.542522e-01	2.980590e-02	2.457430e-07	2.423759e-07	2.811569e-07
0	nM148	33	0	2500	1	2	0.340	-2.874568e-01	2.894180e-02	7.937896e-23	7.559281e-23	4.732022e-22
0	nM156	33	0	2500	2	1	0.360	4.149514e-01	2.791242e-02	5.771413e-48	5.189332e-48	2.191906e-44
0	nM166	33	0	2500	2	1	0.400	2.778208e-01	2.798593e-02	8.336585e-23	7.939338e-23	4.952163e-22
0	nM195	33	0	2500	2	1	0.020	-1.750307e-01	9.978197e-02	7.953060e-02	7.938023e-02	7.959534e-02
0	nM224	33	0	2500	2	1	0.420	1.736904e-01	2.810699e-02	7.480470e-10	7.336483e-10	9.849340e-10
0	nM240	33	0	2500	2	1	0.200	8.865927e-02	3.490014e-02	1.113359e-02	1.109325e-02	1.120555e-02
0	nM271	33	0	2500	2	1	0.020	-1.025218e-01	9.982234e-02	3.044997e-01	3.042578e-01	3.044083e-01
0	nM281	33	0	2500	2	1	0.080	2.557085e-01	5.126923e-02	6.534384e-07	6.450954e-07	7.337144e-07
0	nP84	38	0	2500	2	1	0.280	7.290515e-01	3.156421e-02	3.836297e-107	3.012713e-107	4.155290e-90
0	nP398	38	0	2500	2	1	0.030	5.099326e-01	1.172737e-01	1.427428e-05	1.413392e-05	1.524946e-05
0	nP104	40	0	2500	2	1	0.060	3.727121e-01	8.570530e-02	1.423972e-05	1.409967e-05	1.521305e-05
0	nP168	40	0	2500	2	1	0.010	1.433780e+00	1.976155e-01	5.319115e-13	5.179799e-13	8.959074e-13
0	nP261	40	0	2500	2	1	0.020	-1.588828e+00	1.390763e-01	1.687558e-29	1.582786e-29	3.596153e-28
0	nP280	40	0	2500	2	1	0.010	2.446170e-01	1.996268e-01	2.205509e-01	2.203201e-01	2.205049e-01
0	nP291	40	0	2500	2	1	0.010	-1.577157e+00	1.971777e-01	1.905468e-15	1.845305e-15	4.100409e-15
0	nP367	40	0	2500	2	1	0.210	-5.961089e-01	4.235784e-02	2.403513e-43	2.184062e-43	2.001466e-40
0	nP472	40	0	2500	2	1	0.050	1.054329e+00	7.461164e-02	1.126660e-43	1.023021e-43	1.040327e-40
0	nP502	40	0	2500	2	1	0.100	9.607531e-01	4.921101e-02	4.096331e-79	3.429834e-79	1.509975e-69
0	nM17	40	0	2500	2	1	0.040	-2.608971e-01	7.114032e-02	2.501845e-04	2.484007e-04	2.584518e-04
0	nP111	43	0	2500	2	1	0.010	1.459632e+00	1.975397e-01	2.005670e-13	1.951267e-13	3.512829e-13
0	nP298	43	0	2500	2	1	0.020	-1.425893e+00	1.397815e-01	5.756274e-24	5.467493e-24	4.166838e-23
0	nP514	43	0	2500	2	1	0.020	-1.570335e+00	1.391604e-01	7.722010e-29	7.253520e-29	1.429545e-27
0	nP526	43	0	2500	2	1	0.160	-8.338257e-01	3.781000e-02	1.271091e-98	1.017841e-98	4.741581e-84
0	nP65	44	0	2500	2	1	0.010	-1.358155e+00	1.978292e-01	8.341711e-12	8.145212e-12	1.267871e-11
0	nP141	44	0	2500	2	1	0.070	-9.507611e-01	5.948163e-02	7.866119e-55	6.962545e-55	3.700181e-50
0	cP3	50	0	2500	1	2	0.490	-1.320973e+00	1.451382e-02	0.000000e+00	0.000000e+00	9.869998e-312
0	cP15	50	0	2500	2	1	0.180	8.208564e-01	3.246567e-02	8.854300e-126	6.663631e-126	8.258160e-103
0	cP20	50	0	2500	2	1	0.080	-1.384395e+00	6.094351e-02	5.312674e-104	4.202200e-104	6.808448e-88
0	cP26	50	0	2500	2	1	0.310	5.299351e-01	2.949430e-02	5.563015e-68	4.778041e-68	7.504766e-61
0	cP31	50	0	2500	2	1	0.190	-9.680468e-01	3.061135e-02	6.708477e-185	4.412074e-185	1.087495e-138
0	cP35	50	0	2500	2	1	0.220	-4.358495e-01	4.297732e-02	1.034803e-23	9.834604e-24	7.166519e-23
0	nP5	50	0	2500	2	1	0.180	8.208564e-01	3.246567e-02	8.854300e-126	6.663631e-126	8.258160e-103
0	nP18	50	0	2500	2	1	0.010	-1.570609e+00	1.971987e-01	2.493881e-15	2.415780e-15	5.298540e-15
0	nP24	50	0	2500	2	1	0.010	9.663872e-01	1.987485e-01	1.231937e-06	1.216953e-06	1.367608e-06
0	nP28	50	0	2500	2	1	0.080	-9.383932e-01	5.738256e-02	3.468821e-57	3.053857e-57	4.151419e-52
0	nP32	50	0	2500	2	1	0.100	1.458395e+00	6.350763e-02	4.852301e-106	3.820209e-106	2.471548e-89
0	nP38	50	0	2500	2	1	0.050	1.483122e+00	8.833621e-02	5.029102e-60	4.398821e-60	1.943505e-54
0	nP48	50	0	2500	2	1	0.240	8.683617e-01	3.790057e-02	1.314821e-105	1.036181e-105	4.987704e-89
0	nP51	50	0	2500	2	1	0.160	-7.586365e-01	4.565755e-02	6.902627e-59	6.053278e-59	1.657511e-53
0	nP57	50	0	2500	1	2	0.480	-1.017900e-01	3.046376e-02	8.460013e-04	8.409325e-04	8.647193e-04
0	nP75	50	0	2500	2	1	0.260	2.383731e-01	3.811801e-02	4.704355e-10	4.611713e-10	6.277749e-10
0	nP85	50	0	2500	2	1	0.010	-1.570609e+00	1.971987e-01	2.493881e-15	2.415780e-15	5.298540e-15
0	nP93	50	0	2500	2	1	0.220	5.386658e-01	3.554844e-02	1.093460e-49	9.793114e-50	7.584490e-46
0	nP99	50	0	2500	2	1	0.160	8.653271e-01	3.564935e-02	4.896016e-117	3.758988e-117	6.085015e-97
0	nP118	50	0	2500	2	1	0.150	7.923757e-01	4.601063e-02	6.788694e-63	5.899026e-63	9.033295e-57
0	nP122	50	0	2500	2	1	0.110	6.642429e-01	5.412649e-02	1.168704e-33	1.085779e-33	6.496269e-32
0	nP134	50	0	2500	2	1	0.090	-1.063805e+00	5.459694e-02	7.864236e-79	6.588947e-79	2.490804e-69
0	nP148	50	0	2500	2	1	0.020	1.358928e+00	1.400482e-01	7.066265e-22	6.743799e-22	3.610010e-21
0	nP152	50	0	2500	2	1	0.140	-9.394375e-01	4.557282e-02	2.543312e-87	2.089899e-87	9.264844e-76
0	nP174	50	0	2500	2	1	0.010	1.433780e+00	1.976155e-01	5.319115e-13	5.179799e-13	8.959074e-13
0	nP183	50	0	2500	2	1	0.010	-1.449068e+00	1.975708e-01	2.994088e-13	2.914022e-13	5.159592e-13
0	nP188	50	0	2500	2	1	0.030	1.494344e+00	1.138564e-01	4.199601e-38	3.862184e-38	7.451856e-36
0	nP197	50	0	2500	2	1	0.030	-9.488233e-01	8.801667e-02	1.623102e-26	1.532733e-26	1.878973e-25
0	nP203	50	0	2500	2	1	0.010	-1.391643e-01	1.996674e-01	4.858800e-01	4.856617e-01	4.857478e-01
0	nP207	50	0	2500	2	1	0.010	1.459632e+00	1.975397e-01	2.005670e-13	1.951267e-13	3.512829e-13
0	nP216	50	0	2500	1	2	0.490	-3.228070e-01	3.279357e-02	1.860548e-22	1.773300e-22	1.043563e-21
0	nP221	50	0	2500	2	1	0.010	-1.104512e+00	1.984602e-01	2.894254e-08	2.848678e-08	3.467252e-08
0	nP228	50	0	2500	2	1	0.010	-1.550201e+00	1.972633e-01	5.726758e-15	5.551958e-15	1.170446e-14
0	nP234	50	0	2500	2	1	0.120	9.090861e-01	5.145498e-02	6.454333e-66	5.569837e-66	3.336478e-59
0	nP256	50	0	2500	2	1	0.170	-1.025300e+00	3.359501e-02	3.851017e-174	2.595575e-174	1.290928e-132
0	nP268	50	0	2500	2	1	0.020	6.554840e-01	9.897831e-02	4.308869e-11	4.214146e-11	6.192997e-11
0	nP273	50	0	2500	2	1	0.070	1.229509e+00	6.532476e-02	5.234073e-74	4.433955e-74	1.344315e-65
0	nP286	50	0	2500	2	1	0.190	-9.677218e-01	3.061546e-02	9.387237e-185	6.175909e-185	1.310867e-138
0	nP322	50	0	2500	2	1	0.100	6.571646e-01	5.552981e-02	1.766637e-31	1.649479e-31	5.850428e-30
0	nP332	50	0	2500	2	1	0.020	-1.400592e+00	1.398838e-01	3.647051e-23	3.470424e-23	2.300571e-22
0	nP350	50	0	2500	2	1	0.010	1.466014e+00	1.975208e-01	1.572258e-13	1.529245e-13	2.781336e-13
0	nP354	50	0	2500	2	1	0.180	-8.257865e-01	3.726209e-02	1.701860e-99	1.360066e-99	1.115814e-84
0	nP358	50	0	2500	2	1	0.030	1.472298e+00	1.139713e-01	5.296652e-37	4.883366e-37	6.959487e-35
0	nP372	50	0	2500	2	1	0.180	4.003584e-01	3.830244e-02	4.652045e-25	4.407666e-25	4.093625e-24
0	nP375	50	0	2500	2	1	0.100	-1.255038e+00	5.124345e-02	6.587285e-119	5.035915e-119	3.274856e-98
0	nP386	50	0	2500	2	1	0.020	-1.575768e+00	1.391358e-01	4.949711e-29	4.647364e-29	9.545004e-28
0	nP390	50	0	2500	2	1	0.040	-6.787193e-01	8.182542e-02	1.756668e-16	1.697209e-16	4.252507e-16
0	nP399	50	0	2500	2	1	0.060	1.091773e+00	6.993279e-02	1.689191e-52	1.503154e-52	3.265376e-48
0	nP420	50	0	2500	2	1	0.150	-5.574616e-01	5.070092e-02	1.704050e-27	1.605584e-27	2.392708e-26
0	nP428	50	0	2500	2	1	0.060	1.546957e+00	8.026838e-02	2.842332e-77	2.389913e-77	3.940209e-68
0	nP434	50	0	2500	2	1	0.210	1.589990e-01	4.388984e-02	2.973752e-04	2.953031e-04	3.066988e-04
0	nP440	50	0	2500	2	1	0.030	1.399968e+00	1.143355e-01	1.612669e-33	1.498722e-33	8.662231e-32
0	nP446	50	0	2500	2	1	0.170	7.975220e-01	4.217273e-02	1.191697e-74	1.008042e-74	4.244277e-66
0	nP460	50	0	2500	2	1	0.060	1.312253e+00	8.192469e-02	4.815494e-55	4.260265e-55	2.461275e-50
0	nP466	50	0	2500	2	1	0.040	8.952732e-01	8.098734e-02	9.081252e-28	8.551168e-28	1.347439e-26
0	nP477	50	0	2500	2	1	0.010	1.479011e+00	1.974820e-01	9.544050e-14	9.278391e-14	1.723708e-13
0	nP485	50	0	2500	2	1	0.030	-1.437632e+00	1.141483e-01	2.618077e-35	2.423159e-35	2.202848e-33
0	nP492	50	0	2500	2	1	0.010	1.321683e+00	1.979281e-01	2.982862e-11	2.916237e-11	4.339686e-11
0	nP508	50	0	2500	2	1	0.080	1.616396e+00	6.905901e-02	1.040882e-109	8.126432e-110	6.691220e-92
0	nP532	50	0	2500	2	1	0.070	1.164851e+00	6.579741e-02	3.659094e-66	3.155875e-66	2.118136e-59
0	nP536	50	0	2500	2	1	0.020	-1.592018e+00	1.390617e-01	1.295565e-29	1.214811e-29	2.830098e-28
0	nP551	50	0	2500	2	1	0.010	1.482298e+00	1.974721e-01	8.406230e-14	8.171222e-14	1.526324e-13
0	nP556	50	0	2500	2	1	0.040	-1.663170e+00	9.752692e-02	9.021787e-62	7.859649e-62	7.353154e-56
0	nP560	50	0	2500	2	1	0.070	7.153158e-01	7.928692e-02	3.595365e-19	3.452503e-19	1.228211e-18
0	nP565	50	0	2500	2	1	0.010	-1.435431e+00	1.976107e-01	5.000541e-13	4.869274e-13	8.443014e-13
0	nP574	50	0	2500	2	1	0.070	1.247412e+00	6.518874e-02	2.826770e-76	2.382259e-76	2.325774e-67
0	nP578	50	0	2500	1	2	0.440	-1.110639e+00	2.238387e-02	0.000000e+00	0.000000e+00	4.750311e-221
0	nP588	50	0	2500	2	1	0.050	-1.693879e+00	8.680577e-02	4.829227e-79	4.044145e-79	1.713190e-69
0	cM9	50	0	2500	2	1	0.120	-3.124596e-01	4.255783e-02	2.832715e-13	2.756814e-13	4.892401e-13
0	cM12	50	0	2500	2	1	0.200	-1.087894e-01	3.487734e-02	1.834116e-03	1.824443e-03	1.864170e-03
0	cM15	50	0	2500	2	1	0.020	1.949087e-01	9.976722e-02	5.085592e-02	5.074019e-02	5.093999e-02
0	cM19	50	0	2500	1	2	0.460	1.773601e-01	2.782064e-02	2.170189e-10	2.125843e-10	2.963666e-10
0	cM25	50	0	2500	2	1	0.020	-2.997006e-01	9.966318e-02	2.663521e-03	2.650392e-03	2.700657e-03
0	cM35	50	0	2500	2	1	0.400	-1.920312e-01	2.827276e-02	1.376409e-11	1.344646e-11	2.055781e-11
0	cM43	50	0	2500	1	2	0.380	-2.978701e-01	2.817439e-02	1.377651e-25	1.303709e-25	1.336627e-24
0	nM2	50	0	2500	2	1	0.160	-1.767707e-01	3.796394e-02	3.388284e-06	3.350337e-06	3.698249e-06
0	nM7	50	0	2500	2	1	0.080	1.907556e-01	5.138232e-02	2.097297e-04	2.081996e-04	2.170327e-04
0	nM11	50	0	2500	2	1	0.060	-7.366137e-02	5.883987e-02	2.107252e-01	2.104969e-01	2.106857e-01
0	nM23	50	0	2500	2	1	0.080	-9.826822e-02	5.148635e-02	5.642477e-02	5.630145e-02	5.650578e-02
0	nM29	50	0	2500	2	1	0.460	3.641314e-01	2.708323e-02	7.738780e-40	7.088838e-40	2.242714e-37
0	nM38	50	0	2500	2	1	0.040	-3.103777e-01	7.106074e-02	1.306344e-05	1.293389e-05	1.397312e-05
0	nM50	50	0	2500	2	1	0.260	-2.355131e-01	3.151696e-02	1.081246e-13	1.051278e-13	1.942630e-13
0	nM54	50	0	2500	2	1	0.460	-5.943298e-02	2.802083e-02	3.401762e-02	3.392824e-02	3.410694e-02
0	nM62	50	0	2500	2	1	0.060	2.051239e-01	5.871506e-02	4.849336e-04	4.817765e-04	4.979409e-04
0	nM68	50	0	2500	2	1	0.240	1.421804e-01	3.260531e-02	1.349310e-05	1.335971e-05	1.442619e-05
0	nM75	50	0	2500	2	1	0.060	-9.778466e-02	5.882580e-02	9.658307e-02	9.641638e-02	9.663392e-02
0	nM80	50	0	2500	2	1	0.060	-3.175220e-01	5.851446e-02	6.304091e-08	6.209515e-08	7.420873e-08
0	nM104	50	0	2500	2	1	0.060	3.604641e-01	5.841478e-02	7.904673e-10	7.752939e-10	1.039151e-09
0	nM113	50	0	2500	2	1	0.020	-2.199224e-01	9.974640e-02	2.755786e-02	2.748033e-02	2.764659e-02
0	nM116	50	0	2500	2	1	0.020	-1.750307e-01	9.978197e-02	7.953060e-02	7.938023e-02	7.959534e-02
0	nM119	50	0	2500	2	1	0.160	3.213611e-01	3.758228e-02	2.094616e-17	2.019477e-17	5.671669e-17
0	nM128	50	0	2500	2	1	0.040	-1.113581e-01	7.129677e-02	1.184394e-01	1.182553e-01	1.184718e-01
0	nM139	50	0	2500	2	1	0.020	-2.805881e-01	9.968545e-02	4.919995e-03	4.898514e-03	4.971020e-03
0	nM143	50	0	2500	2	1	0.080	6.305532e-02	5.150843e-02	2.210018e-01	2.207708e-01	2.209555e-01
0	nM171	50	0	2500	2	1	0.060	-1.783857e-01	5.875001e-02	2.419327e-03	2.407187e-03	2.454534e-03
0	nM204	50	0	2500	2	1	0.180	-1.120777e-02	3.638279e-02	7.580689e-01	7.579516e-01	7.579795e-01
0	nM216	50	0	2500	2	1	0.120	-2.861017e-01	4.263196e-02	2.383848e-11	2.330091e-11	3.494374e-11
0	nM231	50	0	2500	2	1	0.240	3.461215e-01	3.198813e-02	1.067481e-26	1.007629e-26	1.280232e-25
0	nM235	50	0	2500	2	1	0.160	1.065628e-01	3.806867e-02	5.161876e-03	5.139565e-03	5.214087e-03
0	nM244	50	0	2500	2	1	0.280	2.908611e-01	3.058288e-02	4.292807e-21	4.104226e-21	1.940775e-20
0	nM252	50	0	2500	2	1	0.140	-3.475947e-01	3.967928e-02	3.528126e-18	3.395587e-18	1.054619e-17
0	nM263	50	0	2500	2	1	0.420	-1.669521e-01	2.812333e-02	3.317585e-09	3.258462e-09	4.193097e-09
0	nM266	50	0	2500	2	1	0.060	-1.044994e-01	5.882118e-02	7.576225e-02	7.561586e-02	7.582991e-02
0	nM288	50	0	2500	2	1	0.240	3.827192e-01	3.182078e-02	1.972615e-32	1.837795e-32	8.156810e-31
0	nM293	50	0	2500	2	1	0.020	3.894182e-01	9.953893e-02	9.389233e-05	9.313635e-05	9.798217e-05
0	nM300	50	0	2500	1	2	0.420	-2.582151e-01	2.784580e-02	3.792994e-20	3.634192e-20	1.488684e-19
0	nM304	50	0	2500	2	1	0.060	2.870789e-01	5.857739e-02	1.015350e-06	1.002813e-06	1.131020e-06
0	nP66	56	0	2500	2	1	0.080	1.363017e+00	7.121346e-02	2.622340e-76	2.209811e-76	2.194475e-67
0	nP142	56	0	2500	2	1	0.100	8.076212e-01	5.472965e-02	2.585252e-47	2.327980e-47	7.859119e-44
0	nP112	57	0	2500	2	1	0.060	1.521353e+00	8.046405e-02	1.265224e-74	1.070302e-74	4.446731e-66
0	nP299	57	0	2500	2	1	0.010	1.482298e+00	1.974721e-01	8.406230e-14	8.171222e-14	1.526324e-13
0	nP515	57	0	2500	2	1	0.090	1.231605e+00	6.846755e-02	3.992293e-68	3.427827e-68	5.764250e-61
0	nP527	57	0	2500	2	1	0.010	-1.449068e+00	1.975708e-01	2.994088e-13	2.914022e-13	5.159592e-13
0	nP105	60	0	2500	2	1	0.040	1.099060e+00	1.006741e-01	3.880961e-27	3.659690e-27	5.074319e-26
0	nP169	60	0	2500	2	1	0.100	-9.661803e-01	5.944773e-02	1.537662e-56	1.355721e-56	1.419074e-51
0	nP262	60	0	2500	2	1	0.010	1.208622e+00	1.982172e-01	1.244896e-09	1.221541e-09	1.615751e-09
0	nP281	60	0	2500	2	1	0.180	8.208564e-01	3.246567e-02	8.854300e-126	6.663631e-126	8.258160e-103
0	nP292	60	0	2500	2	1	0.310	6.403998e-01	2.949852e-02	7.063403e-96	5.691707e-96	4.594835e-82
0	nP368	60	0	2500	2	1	0.180	8.208564e-01	3.246567e-02	8.854300e-126	6.663631e-126	8.258160e-103
0	nP473	60	0	2500	2	1	0.220	-8.454906e-01	2.919668e-02	3.089281e-159	2.154092e-159	7.004173e-124
0	nP503	60	0	2500	2	1	0.040	1.494754e+00	9.861241e-02	1.021773e-49	9.150467e-50	7.161836e-46
0	nM18	60	0	2500	2	1	0.040	-3.766652e-01	7.093235e-02	1.191598e-07	1.174447e-07	1.383650e-07
0	nP86	62	0	2500	2	1	0.070	1.282659e+00	6.491435e-02	7.297960e-81	6.086139e-81	6.935705e-71
0	nP400	62	0	2500	2	1	0.070	9.575620e-01	5.943795e-02	1.246166e-55	1.101003e-55	8.018139e-51
0	cP8	67	0	2500	2	1	0.120	5.442996e-01	5.827134e-02	2.048184e-20	1.961236e-20	8.361008e-20
0	cP12	67	0	2500	2	1	0.100	-7.482793e-01	6.069254e-02	6.010253e-34	5.580113e-34	3.587277e-32
0	cP21	67	0	2500	2	1	0.090	1.562646e+00	6.570772e-02	7.297135e-113	5.656151e-113	4.378829e-94
0	cP41	67	0	2500	1	2	0.250	-7.475498e-01	3.128367e-02	7.931134e-114	6.134053e-114	9.511082e-95
0	nP13	67	0	2500	2	1	0.020	1.044024e+00	1.411256e-01	1.880118e-13	1.829004e-13	3.301635e-13
0	nP19	67	0	2500	1	2	0.490	-5.622456e-01	3.147355e-02	2.882616e-67	2.479912e-67	2.782101e-60
0	nP43	67	0	2500	2	1	0.100	9.479417e-01	4.931037e-02	6.402881e-77	5.388070e-77	7.376190e-68
0	nP58	67	0	2500	2	1	0.040	1.108035e+00	1.006347e-01	1.448339e-27	1.364429e-27	2.062735e-26
0	nP67	67	0	2500	2	1	0.010	1.373910e+00	1.977857e-01	4.759576e-12	4.644900e-12	7.380480e-12
0	nP79	67	0	2500	2	1	0.170	-1.021535e+00	3.364091e-02	1.170038e-172	7.912702e-173	9.180830e-132
0	nP94	67	0	2500	2	1	0.010	-1.382664e+00	1.977612e-01	3.474902e-12	3.390132e-12	5.450341e-12
0	nP127	67	0	2500	2	1	0.200	-9.480610e-01	2.934878e-02	1.336882e-191	8.659425e-192	2.223282e-142
0	nP143	67	0	2500	2	1	0.120	1.702142e-01	5.446886e-02	1.798582e-03	1.789064e-03	1.828295e-03
0	nP157	67	0	2500	2	1	0.130	9.901744e-01	4.272342e-02	8.495762e-108	6.661901e-108	1.444840e-90
0	nP179	67	0	2500	2	1	0.370	6.214019e-01	2.800585e-02	1.036355e-99	8.278105e-100	7.813775e-85
0	nP193	67	0	2500	2	1	0.030	1.350230e+00	1.145748e-01	3.093701e-31	2.890142e-31	9.690064e-30
0	nP212	67	0	2500	2	1	0.030	1.471912e+00	1.139733e-01	5.535126e-37	5.103456e-37	7.235504e-35
0	nP235	67	0	2500	2	1	0.030	1.423972e+00	1.142168e-01	1.183309e-34	1.096852e-34	8.425576e-33
0	nP240	67	0	2500	2	1	0.070	1.168674e+00	6.577027e-02	1.301095e-66	1.121008e-66	9.264849e-60
0	nP244	67	0	2500	1	2	0.240	-9.295040e-01	2.927887e-02	4.169836e-186	2.734923e-186	2.327440e-139
0	nP248	67	0	2500	2	1	0.030	5.539749e-01	1.171937e-01	2.405116e-06	2.377396e-06	2.639795e-06
0	nP252	67	0	2500	2	1	0.120	1.054675e+00	4.286330e-02	6.903391e-120	5.265779e-120	7.139707e-99
0	nP306	67	0	2500	2	1	0.040	-1.447313e+00	9.889531e-02	1.352174e-46	1.219615e-46	3.226036e-43
0	nP310	67	0	2500	2	1	0.010	1.395828e+00	1.977242e-01	2.157054e-12	2.103448e-12	3.443408e-12
0	nP315	67	0	2500	2	1	0.020	1.343982e+00	1.401060e-01	1.999622e-21	1.910335e-21	9.515118e-21
0	nP319	67	0	2500	2	1	0.010	-1.540325e+00	1.972943e-01	8.528922e-15	8.271835e-15	1.711689e-14
0	nP326	67	0	2500	2	1	0.010	-1.435431e+00	1.976107e-01	5.000541e-13	4.869274e-13	8.443014e-13
0	nP339	67	0	2500	2	1	0.010	1.322330e+00	1.979264e-01	2.917098e-11	2.851881e-11	4.247170e-11
0	nP346	67	0	2500	2	1	0.020	-1.386560e+00	1.399398e-01	1.000175e-22	9.526875e-23	5.863989e-22
0	nP363	67	0	2500	2	1	0.020	5.591557e-01	1.422238e-01	8.670627e-05	8.600165e-05	9.056319e-05
0	nP379	67	0	2500	2	1	0.010	2.446170e-01	1.996268e-01	2.205509e-01	2.203201e-01	2.205049e-01
0	nP383	67	0	2500	2	1	0.010	-1.333861e+00	1.978954e-01	1.956756e-11	1.912260e-11	2.887557e-11
0	nP406	67	0	2500	2	1	0.050	3.220305e-02	6.780057e-02	6.348518e-01	6.346824e-01	6.347316e-01
0	nP412	67	0	2500	2	1	0.010	-1.531558e+00	1.973216e-01	1.212026e-14	1.175899e-14	2.394125e-14
0	nP417	67	0	2500	2	1	0.010	1.466014e+00	1.975208e-01	1.572258e-13	1.529245e-13	2.781336e-13
0	nP424	67	0	2500	2	1	0.050	-7.980890e-01	9.180887e-02	6.276690e-18	6.044335e-18	1.816244e-17
0	nP435	67	0	2500	2	1	0.050	1.498406e+00	8.823289e-02	2.675635e-61	2.333494e-61	1.778961e-55
0	nP447	67	0	2500	2	1	0.110	1.014035e+00	4.762945e-02	1.449324e-92	1.176747e-92	1.208758e-79
0	nP452	67	0	2500	2	1	0.070	5.506813e-01	6.892813e-02	2.053398e-15	1.988711e-15	4.403049e-15
0	nP467	67	0	2500	2	1	0.020	-1.462706e+00	1.396291e-01	3.682950e-25	3.488671e-25	3.301644e-24
0	nP481	67	0	2500	2	1	0.060	1.534994e+00	8.036026e-02	4.990409e-76	4.208041e-76	3.611934e-67
0	nP498	67	0	2500	2	1	0.030	-9.303888e-01	8.809542e-02	1.544810e-25	1.462062e-25	1.484967e-24
0	nP521	67	0	2500	2	1	0.220	-7.315629e-01	3.278086e-02	9.488583e-101	7.561240e-101	1.407759e-85
0	nP542	67	0	2500	2	1	0.030	2.872323e-01	8.985712e-02	1.408209e-03	1.400438e-03	1.433900e-03
0	nP546	67	0	2500	2	1	0.190	-9.029422e-01	3.286774e-02	2.080945e-145	1.497483e-145	1.991538e-115
0	nP570	67	0	2500	2	1	0.040	-1.638643e+00	9.769298e-02	6.417894e-60	5.614920e-60	2.371916e-54
0	nP583	67	0	2500	2	1	0.010	1.322330e+00	1.979264e-01	2.917098e-11	2.851881e-11	4.247170e-11
0	nP589	67	0	2500	2	1	0.010	1.435164e+00	1.976115e-01	5.050700e-13	4.918164e-13	8.524347e-13
0	cM31	67	0	2500	2	1	0.020	3.305116e-01	9.962417e-02	9.210066e-04	9.155612e-04	9.407626e-04
0	nM35	67	0	2500	2	1	0.100	2.451195e-01	4.633476e-02	1.328058e-07	1.309080e-07	1.538610e-07
0	nM47	67	0	2500	1	2	0.500	5.917451e-02	2.793107e-02	3.422353e-02	3.413380e-02	3.431284e-02
0	nM76	67	0	2500	2	1	0.140	-3.514562e-01	3.966566e-02	1.480629e-18	1.423786e-18	4.652178e-18
0	nM84	67	0	2500	2	1	0.100	-1.481145e-02	4.659265e-02	7.505931e-01	7.504725e-01	7.505015e-01
0	nM88	67	0	2500	2	1	0.040	3.894997e-01	7.090459e-02	4.344014e-08	4.277297e-08	5.156061e-08
0	nM123	67	0	2500	2	1	0.320	4.201038e-01	2.876222e-02	1.993804e-46	1.799037e-46	4.496103e-43
0	nM135	67	0	2500	2	1	0.040	2.708829e-01	7.112538e-02	1.431654e-04	1.420695e-04	1.487259e-04
0	nM149	67	0	2500	2	1	0.020	-3.755523e-01	9.956026e-02	1.656323e-04	1.643872e-04	1.718067e-04
0	nM157	67	0	2500	2	1	0.100	-1.339306e-01	4.651647e-02	4.020651e-03	4.002354e-03	4.066828e-03
0	nM167	67	0	2500	2	1	0.120	9.682388e-02	4.297091e-02	2.433027e-02	2.425914e-02	2.441784e-02
0	nM196	67	0	2500	2	1	0.060	-1.038282e-01	5.882165e-02	7.766309e-02	7.751468e-02	7.772929e-02
0	nM225	67	0	2500	2	1	0.040	-1.113581e-01	7.129677e-02	1.184394e-01	1.182553e-01	1.184718e-01
0	nM241	67	0	2500	2	1	0.140	-7.344242e-02	4.025734e-02	6.822254e-02	6.808460e-02	6.829578e-02
0	nM272	67	0	2500	2	1	0.020	2.415572e-01	9.972636e-02	1.549760e-02	1.544606e-02	1.557740e-02
0	nM282	67	0	2500	2	1	0.180	-3.597596e-03	3.638341e-02	9.212414e-01	9.212021e-01	9.212101e-01
0	nP113	71	0	2500	2	1	0.010	-1.104512e+00	1.984602e-01	2.894254e-08	2.848678e-08	3.467252e-08
0	nP300	71	0	2500	2	1	0.010	1.433780e+00	1.976155e-01	5.319115e-13	5.179799e-13	8.959074e-13
0	nP516	71	0	2500	2	1	0.020	-1.575768e+00	1.391358e-01	4.949711e-29	4.647364e-29	9.545004e-28
0	nP528	71	0	2500	2	1	0.080	1.205925e+00	7.233886e-02	3.032363e-59	2.657066e-59	8.447738e-54
0	cP4	75	0	2500	2	1	0.280	-8.330054e-01	2.934000e-02	6.434171e-154	4.541144e-154	1.137348e-120
0	cP27	75	0	2500	2	1	0.010	1.340706e+00	1.978769e-01	1.541279e-11	1.505878e-11	2.293075e-11
0	cP32	75	0	2500	2	1	0.180	8.208564e-01	3.246567e-02	8.854300e-126	6.663631e-126	8.258160e-103
0	nP6	75	0	2500	2	1	0.010	-1.410156e+00	1.976835e-01	1.277135e-12	1.244755e-12	2.079400e-12
0	nP25	75	0	2500	2	1	0.240	6.399178e-01	3.475871e-02	4.431697e-71	3.779467e-71	2.647484e-63
0	nP33	75	0	2500	2	1	0.280	7.068385e-01	3.299730e-02	1.353332e-93	1.096224e-93	2.124194e-80
0	nP39	75	0	2500	2	1	0.250	-8.307094e-01	2.926472e-02	7.230279e-154	5.103616e-154	1.221008e-120
0	nP87	75	0	2500	2	1	0.020	-1.596256e+00	1.390422e-01	9.111756e-30	8.540831e-30	2.057501e-28
0	nP100	75	0	2500	2	1	0.010	-1.333861e+00	1.978954e-01	1.956756e-11	1.912260e-11	2.887557e-11
0	nP123	75	0	2500	2	1	0.010	1.435164e+00	1.976115e-01	5.050700e-13	4.918164e-13	8.524347e-13
0	nP153	75	0	2500	2	1	0.080	-1.393872e+00	6.085697e-02	1.515980e-105	1.194879e-105	5.514206e-89
0	nP175	75	0	2500	2	1	0.210	7.288819e-01	3.935924e-02	7.575004e-72	6.448832e-72	6.599202e-64
0	nP184	75	0	2500	2	1	0.100	1.140591e+00	5.230343e-02	1.179618e-96	9.488517e-97	1.253222e-82
0	nP198	75	0	2500	2	1	0.140	-1.057965e+00	3.870410e-02	3.768713e-144	2.719823e-144	1.217899e-114
0	nP208	75	0	2500	2	1	0.010	6.547768e-01	1.992566e-01	1.029907e-03	1.023925e-03	1.051103e-03
0	nP217	75	0	2500	2	1	0.250	7.753281e-01	3.680145e-02	7.903400e-91	6.442524e-91	2.298761e-78
0	nP222	75	0	2500	2	1	0.020	1.464714e+00	1.396207e-01	3.163219e-25	2.995905e-25	2.870365e-24
0	nP229	75	0	2500	2	1	0.010	1.395828e+00	1.977242e-01	2.157054e-12	2.103448e-12	3.443408e-12
0	nP257	75	0	2500	2	1	0.010	1.461386e+00	1.975345e-01	1.876029e-13	1.825022e-13	3.294748e-13
0	nP269	75	0	2500	2	1	0.010	1.717518e+00	1.967077e-01	4.518552e-18	4.349869e-18	1.331882e-17
0	nP274	75	0	2500	2	1	0.040	1.042381e+00	1.009152e-01	1.606046e-24	1.523546e-24	1.282245e-23
0	nP287	75	0	2500	2	1	0.230	9.739759e-01	3.692170e-02	1.708995e-135	1.257960e-135	3.790799e-109
0	nP333	75	0	2500	2	1	0.180	8.208564e-01	3.246567e-02	8.854300e-126	6.663631e-126	8.258160e-103
0	nP351	75	0	2500	2	1	0.170	8.374353e-01	3.398334e-02	3.314041e-120	2.526050e-120	4.354146e-99
0	nP359	75	0	2500	2	1	0.020	1.401575e+00	1.398799e-01	3.396940e-23	3.232199e-23	2.153987e-22
0	nP391	75	0	2500	2	1	0.030	-1.459425e+00	1.140375e-01	2.282053e-36	2.107042e-36	2.531561e-34
0	nP401	75	0	2500	2	1	0.030	1.413863e+00	1.142671e-01	3.576786e-34	3.319094e-34	2.257719e-32
0	nP429	75	0	2500	2	1	0.010	1.321683e+00	1.979281e-01	2.982862e-11	2.916237e-11	4.339686e-11
0	nP441	75	0	2500	2	1	0.020	-1.591803e+00	1.390627e-01	1.318874e-29	1.236689e-29	2.876194e-28
0	nP461	75	0	2500	2	1	0.020	5.946439e-01	1.421662e-01	2.979540e-05	2.952320e-05	3.152095e-05
0	nP486	75	0	2500	2	1	0.070	-8.752462e-01	5.426194e-02	9.330821e-56	8.241521e-56	6.308725e-51
0	nP493	75	0	2500	2	1	0.040	4.149545e-01	8.252806e-02	5.306471e-07	5.237665e-07	5.981496e-07
0	nP509	75	0	2500	2	1	0.010	-1.539192e+00	1.972978e-01	8.926025e-15	8.657355e-15	1.787687e-14
0	nP537	75	0	2500	2	1	0.180	-9.913255e-01	3.203991e-02	3.198529e-178	2.135858e-178	6.092437e-135
0	nP561	75	0	2500	2	1	0.170	8.426083e-01	3.393211e-02	7.604908e-122	5.775002e-122	3.447573e-100
0	nP566	75	0	2500	2	1	0.070	1.318706e-01	6.975330e-02	5.880306e-02	5.867664e-02	5.888263e-02
0	nP579	75	0	2500	2	1	0.200	-9.480610e-01	2.934878e-02	1.336882e-191	8.659425e-192	2.223282e-142
0	cM20	75	0	2500	2	1	0.340	8.025370e-02	2.946402e-02	6.498744e-03	6.472020e-03	6.556791e-03
0	cM26	75	0	2500	2	1	0.020	-1.757293e-01	9.978148e-02	7.833685e-02	7.818773e-02	7.840253e-02
0	cM36	75	0	2500	2	1	0.400	3.513826e-01	2.765291e-02	6.818493e-36	6.302428e-36	6.675233e-34
0	nM140	75	0	2500	2	1	0.140	8.234562e-02	4.025044e-02	4.087749e-02	4.077668e-02	4.096559e-02
0	nM232	75	0	2500	2	1	0.060	3.285391e-01	5.849011e-02	2.158067e-08	2.123477e-08	2.603080e-08
0	nM305	75	0	2500	2	1	0.060	1.413490e-01	5.879034e-02	1.627635e-02	1.622293e-02	1.635719e-02
0	nP68	78	0	2500	2	1	0.010	-1.382664e+00	1.977612e-01	3.474902e-12	3.390132e-12	5.450341e-12
0	nP144	78	0	2500	2	1	0.050	1.063602e+00	7.455894e-02	1.911686e-44	1.732779e-44	2.254771e-41
0	nP106	80	0	2500	2	1	0.090	4.733857e-01	5.782863e-02	4.254783e-16	4.114357e-16	9.850048e-16
0	nP170	80	0	2500	2	1	0.020	5.591557e-01	1.422238e-01	8.670627e-05	8.600165e-05	9.056319e-05
0	nP263	80	0	2500	2	1	0.080	1.006022e+00	5.692202e-02	5.863330e-66	5.059342e-66	3.089481e-59
0	nP282	80	0	2500	2	1	0.150	-7.775111e-01	5.370459e-02	1.126281e-45	1.018009e-45	1.979916e-42
0	nP293	80	0	2500	2	1	0.080	-1.124979e+00	5.602354e-02	2.879595e-83	2.388272e-83	1.034676e-72
0	nP369	80	0	2500	2	1	0.050	8.770221e-01	7.552472e-02	2.120702e-30	1.984950e-30	5.503358e-29
0	nP474	80	0	2500	2	1	0.020	-1.606672e+00	1.389942e-01	3.818994e-30	3.576617e-30	9.366325e-29
0	nP504	80	0	2500	2	1	0.020	6.703530e-01	9.893843e-02	1.541279e-11	1.505878e-11	2.293075e-11
0	nM19	80	0	2500	2	1	0.060	-1.133564e-01	5.881461e-02	5.404908e-02	5.392894e-02	5.413145e-02
0	cP22	83	0	2500	2	1	0.150	8.952630e-01	3.762865e-02	5.975174e-113	4.630555e-113	3.815531e-94
0	nP20	83	0	2500	2	1	0.070	-8.779207e-01	5.992819e-02	1.107348e-46	9.985922e-47	2.719858e-43
0	nP59	83	0	2500	2	1	0.140	-1.060378e+00	3.867766e-02	6.820021e-145	4.913577e-145	4.179477e-115
0	nP95	83	0	2500	2	1	0.120	-1.205068e+00	4.475643e-02	2.039225e-140	1.484266e-140	2.735736e-112
0	nP236	83	0	2500	2	1	0.030	4.085507e-01	1.174325e-01	5.118540e-04	5.085474e-04	5.253391e-04
0	nP436	83	0	2500	2	1	0.010	-1.540325e+00	1.972943e-01	8.528922e-15	8.271835e-15	1.711689e-14
0	nP448	83	0	2500	2	1	0.010	1.459632e+00	1.975397e-01	2.005670e-13	1.951267e-13	3.512829e-13
0	nP468	83	0	2500	2	1	0.220	7.837575e-01	3.367406e-02	1.291740e-108	1.011018e-108	3.871806e-91
0	nP590	83	0	2500	2	1	0.010	-1.391643e-01	1.996674e-01	4.858800e-01	4.856617e-01	4.857478e-01
0	nM77	83	0	2500	2	1	0.020	-8.338249e-03	9.984327e-02	9.334500e-01	9.334168e-01	9.334235e-01
0	nP114	86	0	2500	2	1	0.020	1.097586e+00	9.739837e-02	9.113379e-29	8.561882e-29	1.661778e-27
0	nP301	86	0	2500	2	1	0.240	6.626097e-01	3.605508e-02	7.523801e-71	6.419870e-71	4.017028e-63
0	nP517	86	0	2500	2	1	0.010	2.528441e-01	1.996227e-01	2.054129e-01	2.051862e-01	2.053771e-01
0	nP529	86	0	2500	2	1	0.050	-1.001931e+00	7.490013e-02	1.820518e-39	1.669039e-39	4.741334e-37
0	nP88	88	0	2500	2	1	0.020	1.067987e-01	1.426471e-01	4.541138e-01	4.538880e-01	4.539838e-01
0	nP402	88	0	2500	2	1	0.130	-1.115720e+00	4.146627e-02	2.991873e-140	2.178486e-140	3.487774e-112
0	nP69	89	0	2500	2	1	0.010	1.340706e+00	1.978769e-01	1.541279e-11	1.505878e-11	2.293075e-11
0	nP145	89	0	2500	2	1	0.010	-1.449068e+00	1.975708e-01	2.994088e-13	2.914022e-13	5.159592e-13
0	cP5	100	0	2500	2	1	0.010	2.195172e+00	1.947967e-01	9.113379e-29	8.561882e-29	1.661778e-27
0	cP9	100	0	2500	2	1	0.030	1.515459e+00	1.137446e-01	3.561114e-39	3.266982e-39	8.534795e-37
0	cP13	100	0	2500	2	1	0.180	8.208564e-01	3.246567e-02	8.854300e-126	6.663631e-126	8.258160e-103
0	cP16	100	0	2500	2	1	0.090	1.398686e+00	5.816246e-02	4.074464e-115	3.141982e-115	1.242460e-95
0	cP23	100	0	2500	2	1	0.010	1.435164e+00	1.976115e-01	5.050700e-13	4.918164e-13	8.524347e-13
0	cP28	100	0	2500	2	1	0.170	8.419467e-01	3.393868e-02	1.234751e-121	9.380942e-122	4.771161e-100
0	cP33	100	0	2500	2	1	0.010	-1.206557e+00	1.982222e-01	1.328650e-09	1.303807e-09	1.721341e-09
0	cP36	100	0	2500	2	1	0.070	1.663607e+00	7.337117e-02	1.176481e-103	9.313035e-104	1.196115e-87
0	cP38	100	0	2500	2	1	0.090	1.860767e+00	6.252152e-02	7.304581e-167	5.005575e-167	2.131121e-128
0	cP42	100	0	2500	2	1	0.140	-1.160623e+00	4.728772e-02	2.345425e-119	1.791219e-119	1.629677e-98
0	nP2	100	0	2500	2	1	0.260	5.431778e-01	4.025176e-02	4.136718e-40	3.786939e-40	1.297149e-37
0	nP7	100	0	2500	2	1	0.010	-1.579864e+00	1.971691e-01	1.704317e-15	1.650323e-15	3.687127e-15
0	nP9	100	0	2500	2	1	0.220	-8.367749e-01	3.047580e-02	2.854464e-145	2.054764e-145	2.425818e-115
0	nP14	100	0	2500	2	1	0.010	1.661021e+00	1.969019e-01	5.486196e-17	5.294421e-17	1.410899e-16
0	nP21	100	0	2500	2	1	0.030	1.493286e+00	1.138619e-01	4.747349e-38	4.366455e-38	8.300646e-36
0	nP26	100	0	2500	2	1	0.010	1.310968e+00	1.979566e-01	4.308869e-11	4.214146e-11	6.192997e-11
0	nP29	100	0	2500	2	1	0.070	9.439868e-01	5.952481e-02	4.853471e-54	4.303733e-54	1.682355e-49
0	nP34	100	0	2500	2	1	0.180	8.208564e-01	3.246567e-02	8.854300e-126	6.663631e-126	8.258160e-103
0	nP40	100	0	2500	2	1	0.020	1.001506e+00	1.412489e-01	1.733847e-12	1.690396e-12	2.790548e-12
0	nP44	100	0	2500	2	1	0.210	-8.909207e-01	3.269487e-02	2.262306e-143	1.635573e-143	3.747167e-114
0	nP49	100	0	2500	2	1	0.020	1.622565e+00	1.389203e-01	1.001303e-30	9.365099e-31	2.794495e-29
0	nP52	100	0	2500	2	1	0.080	9.307493e-01	6.430047e-02	1.165519e-45	1.053510e-45	2.038904e-42
0	nP60	100	0	2500	2	1	0.060	-1.242523e+00	6.891825e-02	2.079912e-68	1.784678e-68	3.433109e-61
0	nP70	100	0	2500	2	1	0.020	1.112251e+00	1.409168e-01	4.377354e-15	4.242619e-15	9.058337e-15
0	nP73	100	0	2500	2	1	0.050	1.352014e+00	7.266453e-02	1.808626e-72	1.537549e-72	2.144948e-64
0	nP76	100	0	2500	2	1	0.010	6.547768e-01	1.992566e-01	1.029907e-03	1.023925e-03	1.051103e-03
0	nP80	100	0	2500	2	1	0.090	1.057466e+00	5.464621e-02	7.532706e-78	6.325363e-78	1.415521e-68
0	nP89	100	0	2500	2	1	0.030	3.789307e-01	1.174722e-01	1.272855e-03	1.265712e-03	1.297016e-03
0	nP96	100	0	2500	2	1	0.010	7.453241e-01	1.991292e-01	1.859987e-04	1.846208e-04	1.927057e-04
0	nP101	100	0	2500	2	1	0.010	1.435164e+00	1.976115e-01	5.050700e-13	4.918164e-13	8.524347e-13
0	nP107	100	0	2500	2	1	0.120	7.269543e-01	4.871268e-02	2.632904e-48	2.365515e-48	1.124759e-44
0	nP115	100	0	2500	2	1	0.030	2.959562e-01	8.984579e-02	1.001347e-03	9.955040e-04	1.022172e-03
0	nP119	100	0	2500	2	1	0.050	5.423741e-01	9.255317e-02	5.233884e-09	5.142896e-09	6.537130e-09
0	nP124	100	0	2500	2	1	0.040	-1.473251e+00	9.874187e-02	2.747200e-48	2.468308e-48	1.166112e-44
0	nP128	100	0	2500	2	1	0.180	8.208564e-01	3.246567e-02	8.854300e-126	6.663631e-126	8.258160e-103
0	nP130	100	0	2500	2	1	0.080	-1.389236e+00	6.089939e-02	8.671870e-105	6.846916e-105	1.888344e-88
0	nP132	100	0	2500	2	1	0.200	-9.480610e-01	2.934878e-02	1.336882e-191	8.659425e-192	2.223282e-142
0	nP135	100	0	2500	2	1	0.030	1.400127e+00	1.143348e-01	1.585298e-33	1.473259e-33	8.530698e-32
0	nP146	100	0	2500	2	1	0.050	1.854270e-01	9.311330e-02	4.654426e-02	4.643475e-02	4.663034e-02
0	nP149	100	0	2500	2	1	0.020	7.913682e-01	1.417818e-01	2.640371e-08	2.598561e-08	3.169844e-08
0	nP154	100	0	2500	2	1	0.030	1.867587e+00	1.116286e-01	1.229816e-59	1.076644e-59	4.036331e-54
0	nP158	100	0	2500	2	1	0.010	1.321683e+00	1.979281e-01	2.982862e-11	2.916237e-11	4.339686e-11
0	nP160	100	0	2500	2	1	0.030	3.387871e-01	1.175213e-01	3.975623e-03	3.957489e-03	4.021536e-03
0	nP163	100	0	2500	2	1	0.010	-1.542197e+00	1.972884e-01	7.910120e-15	7.671115e-15	1.592950e-14
0	nP165	100	0	2500	2	1	0.020	-1.286838e+00	1.403206e-01	9.547538e-20	9.156159e-20	3.536580e-19
0	nP171	100	0	2500	2	1	0.020	-1.382039e+00	1.399577e-01	1.381123e-22	1.315968e-22	7.912549e-22
0	nP176	100	0	2500	2	1	0.010	1.395828e+00	1.977242e-01	2.157054e-12	2.103448e-12	3.443408e-12
0	nP180	100	0	2500	2	1	0.160	-9.119216e-01	3.922516e-02	2.143046e-108	1.678161e-108	5.514141e-91
0	nP185	100	0	2500	2	1	0.310	8.154761e-01	2.771508e-02	1.225124e-163	8.457266e-164	1.683049e-126
0	nP189	100	0	2500	2	1	0.030	1.606341e+00	1.132442e-01	5.541762e-44	5.028442e-44	5.640763e-41
0	nP194	100	0	2500	2	1	0.020	3.273884e-01	9.962830e-02	1.029907e-03	1.023925e-03	1.051103e-03
0	nP199	100	0	2500	2	1	0.030	-1.603081e+00	1.132627e-01	8.349939e-44	7.579590e-44	8.033265e-41
0	nP201	100	0	2500	2	1	0.150	1.136261e+00	4.302875e-02	9.675165e-136	7.117693e-136	2.629945e-109
0	nP204	100	0	2500	2	1	0.090	1.102156e+00	6.066084e-02	2.191335e-69	1.876086e-69	5.761851e-62
0	nP209	100	0	2500	2	1	0.040	1.216252e+00	1.001332e-01	5.021944e-33	4.672369e-33	2.393123e-31
0	nP213	100	0	2500	2	1	0.020	5.591557e-01	1.422238e-01	8.670627e-05	8.600165e-05	9.056319e-05
0	nP218	100	0	2500	2	1	0.010	-1.314826e+00	1.979464e-01	3.775700e-11	3.692220e-11	5.450346e-11
0	nP223	100	0	2500	2	1	0.020	5.802410e-02	1.426584e-01	6.842379e-01	6.840884e-01	6.841282e-01
0	nP225	100	0	2500	2	1	0.010	1.373910e+00	1.977857e-01	4.759576e-12	4.644900e-12	7.380480e-12
0	nP230	100	0	2500	2	1	0.010	1.717518e+00	1.967077e-01	4.518552e-18	4.349869e-18	1.331882e-17
0	nP237	100	0	2500	2	1	0.010	2.528441e-01	1.996227e-01	2.054129e-01	2.051862e-01	2.053771e-01
0	nP241	100	0	2500	2	1	0.150	-9.757444e-01	3.905221e-02	3.541818e-123	2.681411e-123	4.433379e-101
0	nP245	100	0	2500	2	1	0.020	1.480809e+00	1.395527e-01	9.270506e-26	8.769487e-26	9.289076e-25
0	nP249	100	0	2500	2	1	0.020	-1.179608e+00	1.406973e-01	8.426972e-17	8.135844e-17	2.118890e-16
0	nP253	100	0	2500	2	1	0.180	8.208564e-01	3.246567e-02	8.854300e-126	6.663631e-126	8.258160e-103
0	nP258	100	0	2500	2	1	0.030	-1.588608e+00	1.133443e-01	5.092412e-43	4.630906e-43	3.830645e-40
0	nP264	100	0	2500	2	1	0.090	1.141992e+00	6.036515e-02	1.057129e-74	8.941068e-75	3.866411e-66
0	nP270	100	0	2500	2	1	0.270	1.489258e-01	4.364402e-02	6.544627e-04	6.503850e-04	6.703218e-04
0	nP275	100	0	2500	2	1	0.010	1.310778e+00	1.979571e-01	4.336915e-11	4.241602e-11	6.231979e-11
0	nP277	100	0	2500	2	1	0.180	8.208564e-01	3.246567e-02	8.854300e-126	6.663631e-126	8.258160e-103
0	nP283	100	0	2500	2	1	0.200	-9.480610e-01	2.934878e-02	1.336882e-191	8.659425e-192	2.223282e-142
0	nP288	100	0	2500	2	1	0.060	1.616535e+00	7.971762e-02	9.229155e-85	7.628342e-85	7.704973e-74
0	nP294	100	0	2500	2	1	0.310	-4.787727e-01	3.070141e-02	2.161121e-52	1.923580e-52	4.014021e-48
0	nP302	100	0	2500	2	1	0.030	1.784701e+00	1.121701e-01	2.286629e-54	2.026113e-54	8.988550e-50
0	nP307	100	0	2500	2	1	0.010	-1.104512e+00	1.984602e-01	2.894254e-08	2.848678e-08	3.467252e-08
0	nP311	100	0	2500	2	1	0.090	-1.283283e+00	5.921801e-02	1.443387e-95	1.163910e-95	7.726165e-82
0	nP316	100	0	2500	2	1	0.110	-3.787335e-01	5.521670e-02	8.707988e-12	8.503219e-12	1.321539e-11
0	nP320	100	0	2500	2	1	0.190	9.794948e-01	3.755147e-02	7.505167e-133	5.557834e-133	1.924953e-107
0	nP323	100	0	2500	2	1	0.140	8.662442e-01	4.313890e-02	2.885220e-83	2.392942e-83	1.036205e-72
0	nP327	100	0	2500	2	1	0.270	-7.470508e-01	3.133582e-02	2.345411e-113	1.815927e-113	2.004290e-94
0	nP329	100	0	2500	2	1	0.010	8.508717e-01	1.989598e-01	1.969003e-05	1.950242e-05	2.094333e-05
0	nP334	100	0	2500	2	1	0.230	-8.398617e-01	3.038048e-02	5.373359e-147	3.852778e-147	2.044662e-116
0	nP336	100	0	2500	2	1	0.090	1.073718e+00	5.451920e-02	2.217345e-80	1.851199e-80	1.619854e-70
0	nP340	100	0	2500	2	1	0.090	1.429857e+00	6.690725e-02	3.371792e-93	2.733691e-93	4.146011e-80
0	nP343	100	0	2500	2	1	0.140	8.985806e-01	4.028455e-02	1.163273e-100	9.271739e-101	1.628779e-85
0	nP347	100	0	2500	2	1	0.200	1.025118e+00	3.474966e-02	2.294185e-164	1.581096e-164	6.257602e-127
0	nP352	100	0	2500	2	1	0.120	-1.046873e+00	4.632226e-02	4.742854e-103	3.759647e-103	3.217766e-87
0	nP355	100	0	2500	2	1	0.030	8.030962e-01	1.166148e-01	7.196337e-12	7.025800e-12	1.099514e-11
0	nP360	100	0	2500	2	1	0.070	1.193406e+00	6.559224e-02	1.461208e-69	1.250492e-69	4.180651e-62
0	nP364	100	0	2500	2	1	0.010	1.310778e+00	1.979571e-01	4.336915e-11	4.241602e-11	6.231979e-11
0	nP370	100	0	2500	2	1	0.020	5.382483e-02	1.426591e-01	7.059851e-01	7.058448e-01	7.058809e-01
0	nP373	100	0	2500	2	1	0.260	-6.510595e-01	3.214705e-02	1.445565e-84	1.195362e-84	1.080403e-73
0	nP376	100	0	2500	2	1	0.100	-1.273124e+00	5.106454e-02	1.042682e-122	7.902308e-123	9.118968e-101
0	nP380	100	0	2500	2	1	0.420	-3.525914e-01	3.016440e-02	9.040304e-31	8.454460e-31	2.548288e-29
0	nP384	100	0	2500	2	1	0.060	2.266369e-01	7.312457e-02	1.961221e-03	1.951000e-03	1.992467e-03
0	nP387	100	0	2500	2	1	0.180	8.208564e-01	3.246567e-02	8.854300e-126	6.663631e-126	8.258160e-103
0	nP392	100	0	2500	2	1	0.200	-9.480610e-01	2.934878e-02	1.336882e-191	8.659425e-192	2.223282e-142
0	nP394	100	0	2500	2	1	0.180	-9.426778e-01	3.428560e-02	1.283259e-145	9.230127e-146	1.473072e-115
0	nP403	100	0	2500	2	1	0.010	-1.382664e+00	1.977612e-01	3.474902e-12	3.390132e-12	5.450341e-12
0	nP407	100	0	2500	2	1	0.150	1.041930e+00	3.836165e-02	1.463139e-142	1.059760e-142	1.211460e-113
0	nP409	100	0	2500	2	1	0.040	-9.446716e-01	8.076239e-02	8.273754e-31	7.736904e-31	2.352476e-29
0	nP413	100	0	2500	2	1	0.050	1.354390e+00	8.916005e-02	6.475874e-50	5.796826e-50	4.870894e-46
0	nP418	100	0	2500	2	1	0.080	-1.138075e+00	5.591755e-02	2.511665e-85	2.073331e-85	2.893906e-74
0	nP421	100	0	2500	2	1	0.010	7.453241e-01	1.991292e-01	1.859987e-04	1.846208e-04	1.927057e-04
0	nP425	100	0	2500	2	1	0.150	8.719279e-01	4.889419e-02	4.724431e-67	4.066421e-67	4.125921e-60
0	nP430	100	0	2500	2	1	0.010	6.547768e-01	1.992566e-01	1.029907e-03	1.023925e-03	1.051103e-03
0	nP437	100	0	2500	2	1	0.130	9.925570e-01	4.270128e-02	2.322017e-108	1.818453e-108	5.832007e-91
0	nP442	100	0	2500	2	1	0.080	-1.137937e+00	5.591867e-02	2.641141e-85	2.180319e-85	3.005357e-74
0	nP449	100	0	2500	2	1	0.120	3.313825e-01	5.040356e-02	5.919616e-11	5.791285e-11	8.420453e-11
0	nP453	100	0	2500	2	1	0.200	-9.480610e-01	2.934878e-02	1.336882e-191	8.659425e-192	2.223282e-142
0	nP455	100	0	2500	2	1	0.010	-1.548026e+00	1.972701e-01	6.252971e-15	6.062634e-15	1.272841e-14
0	nP457	100	0	2500	2	1	0.190	-8.930860e-01	3.459051e-02	1.712074e-130	1.274693e-130	6.577960e-106
0	nP462	100	0	2500	2	1	0.010	-1.548026e+00	1.972701e-01	6.252971e-15	6.062634e-15	1.272841e-14
0	nP469	100	0	2500	2	1	0.010	1.340706e+00	1.978769e-01	1.541279e-11	1.505878e-11	2.293075e-11
0	nP475	100	0	2500	2	1	0.020	1.460732e+00	1.396374e-01	4.275983e-25	4.051021e-25	3.787987e-24
0	nP478	100	0	2500	2	1	0.010	1.435164e+00	1.976115e-01	5.050700e-13	4.918164e-13	8.524347e-13
0	nP482	100	0	2500	2	1	0.020	-1.550957e+00	1.392473e-01	3.722437e-28	3.502056e-28	5.977841e-27
0	nP487	100	0	2500	2	1	0.010	-1.542197e+00	1.972884e-01	7.910120e-15	7.671115e-15	1.592950e-14
0	nP489	100	0	2500	2	1	0.110	9.446958e-01	5.243129e-02	2.486086e-68	2.133576e-68	3.955824e-61
0	nP494	100	0	2500	2	1	0.170	8.426316e-01	3.393188e-02	7.476211e-122	5.677175e-122	3.408362e-100
0	nP499	100	0	2500	2	1	0.010	-1.449068e+00	1.975708e-01	2.994088e-13	2.914022e-13	5.159592e-13
0	nP505	100	0	2500	2	1	0.020	1.381594e+00	1.399594e-01	1.425609e-22	1.358398e-22	8.148964e-22
0	nP510	100	0	2500	2	1	0.180	8.208564e-01	3.246567e-02	8.854300e-126	6.663631e-126	8.258160e-103
0	nP518	100	0	2500	2	1	0.060	1.051725e+00	8.341586e-02	2.221259e-35	2.055549e-35	1.903624e-33
0	nP522	100	0	2500	2	1	0.090	9.164760e-01	5.083638e-02	2.112800e-68	1.812927e-68	3.476164e-61
0	nP530	100	0	2500	2	1	0.020	1.381594e+00	1.399594e-01	1.425609e-22	1.358398e-22	8.148964e-22
0	nP533	100	0	2500	2	1	0.360	-4.080705e-01	3.188123e-02	2.228889e-36	2.057908e-36	2.479293e-34
0	nP538	100	0	2500	2	1	0.120	-6.823131e-01	5.284019e-02	5.655656e-37	5.214698e-37	7.374485e-35
0	nP543	100	0	2500	2	1	0.180	8.208564e-01	3.246567e-02	8.854300e-126	6.663631e-126	8.258160e-103
0	nP547	100	0	2500	2	1	0.050	-1.676940e+00	8.693733e-02	2.143877e-77	1.802128e-77	3.169802e-68
0	nP549	100	0	2500	2	1	0.090	1.801497e-01	5.848819e-02	2.091806e-03	2.081029e-03	2.124232e-03
0	nP552	100	0	2500	2	1	0.030	1.748177e+00	1.124001e-01	3.894943e-52	3.468857e-52	6.577222e-48
0	nP554	100	0	2500	2	1	0.010	1.466014e+00	1.975208e-01	1.572258e-13	1.529245e-13	2.781336e-13
0	nP557	100	0	2500	2	1	0.100	9.825850e-01	5.357187e-02	1.355281e-70	1.157104e-70	6.388534e-63
0	nP562	100	0	2500	2	1	0.200	-9.480610e-01	2.934878e-02	1.336882e-191	8.659425e-192	2.223282e-142
0	nP567	100	0	2500	2	1	0.060	1.523785e+00	8.044562e-02	7.128262e-75	6.026635e-75	2.845587e-66
0	nP571	100	0	2500	2	1	0.050	1.802958e+00	8.592175e-02	3.565602e-90	2.910883e-90	7.003039e-78
0	nP575	100	0	2500	2	1	0.070	4.204147e-01	6.929451e-02	1.500666e-09	1.472782e-09	1.937670e-09
0	nP580	100	0	2500	2	1	0.040	-9.355727e-01	8.080478e-02	3.098177e-30	2.900946e-30	7.752200e-29
0	nP584	100	0	2500	2	1	0.010	-1.542197e+00	1.972884e-01	7.910120e-15	7.671115e-15	1.592950e-14
0	nP591	100	0	2500	2	1	0.010	1.661021e+00	1.969019e-01	5.486196e-17	5.294421e-17	1.410899e-16
0	cM5	100	0	2500	2	1	0.260	-3.360259e-01	3.114999e-02	1.504327e-26	1.420465e-26	1.752644e-25
0	cM7	100	0	2500	2	1	0.380	-3.760750e-02	2.878800e-02	1.915504e-01	1.913283e-01	1.915243e-01
0	cM10	100	0	2500	2	1	0.400	-3.318835e-01	2.774918e-02	4.249744e-32	3.962308e-32	1.624640e-30
0	cM13	100	0	2500	2	1	0.380	-3.059110e-01	2.813987e-02	6.281385e-27	5.926082e-27	7.880725e-26
0	cM16	100	0	2500	1	2	0.240	-3.313216e-01	3.205080e-02	1.480916e-24	1.404731e-24	1.189819e-23
0	cM21	100	0	2500	2	1	0.060	4.170717e-01	5.826377e-02	1.068997e-12	1.041713e-12	1.752380e-12
0	cM27	100	0	2500	2	1	0.080	-2.549248e-01	5.127079e-02	7.071397e-07	6.981643e-07	7.928607e-07
0	cM32	100	0	2500	2	1	0.140	2.789979e-01	3.989551e-02	3.435480e-12	3.351634e-12	5.390756e-12
0	cM37	100	0	2500	2	1	0.020	3.356515e-01	9.961729e-02	7.647301e-04	7.600764e-04	7.822746e-04
0	cM39	100	0	2500	2	1	0.440	-1.873816e-01	2.790895e-02	2.335136e-11	2.282431e-11	3.425354e-11
0	cM41	100	0	2500	1	2	0.460	-4.023449e-01	2.686589e-02	1.272772e-48	1.142688e-48	6.067190e-45
0	cM44	100	0	2500	2	1	0.120	-2.659595e-01	4.268414e-02	5.426569e-10	5.320447e-10	7.211415e-10
0	cM48	100	0	2500	2	1	0.100	-3.000666e-01	4.620517e-02	1.003569e-10	9.823202e-11	1.403658e-10
0	nM3	100	0	2500	2	1	0.060	-1.126927e-02	5.885789e-02	8.481762e-01	8.481012e-01	8.481173e-01
0	nM5	100	0	2500	2	1	0.140	1.323772e-01	4.019698e-02	1.004307e-03	9.984501e-04	1.025171e-03
0	nM8	100	0	2500	2	1	0.240	3.386879e-01	3.201997e-02	1.308737e-25	1.238430e-25	1.275062e-24
0	nM12	100	0	2500	2	1	0.080	-2.517906e-01	5.127699e-02	9.675655e-07	9.555741e-07	1.078718e-06
0	nM20	100	0	2500	2	1	0.020	-1.390053e-01	9.980466e-02	1.638122e-01	1.636015e-01	1.638072e-01
0	nM24	100	0	2500	2	1	0.080	1.767878e-01	5.140232e-02	5.927915e-04	5.890433e-04	6.076539e-04
0	nM27	100	0	2500	2	1	0.320	-3.016188e-01	2.935128e-02	2.727732e-24	2.588972e-24	2.090444e-23
0	nM30	100	0	2500	2	1	0.040	-2.263896e-01	7.118761e-02	1.489856e-03	1.481712e-03	1.516432e-03
0	nM36	100	0	2500	2	1	0.060	-9.266098e-02	5.882912e-02	1.153630e-01	1.151811e-01	1.153980e-01
0	nM39	100	0	2500	2	1	0.060	-1.915764e-01	5.873338e-02	1.121980e-03	1.115552e-03	1.144336e-03
0	nM41	100	0	2500	2	1	0.140	-3.301040e-01	3.973903e-02	1.591269e-16	1.537259e-16	3.871665e-16
0	nM43	100	0	2500	2	1	0.100	1.534305e-01	4.649235e-02	9.800021e-04	9.742645e-04	1.000547e-03
0	nM48	100	0	2500	2	1	0.180	2.389223e-01	3.606807e-02	4.260353e-11	4.166650e-11	6.125544e-11
0	nM51	100	0	2500	2	1	0.020	3.305116e-01	9.962417e-02	9.210066e-04	9.155612e-04	9.407626e-04
0	nM55	100	0	2500	2	1	0.420	-7.604822e-02	2.828011e-02	7.211981e-03	7.183008e-03	7.272722e-03
0	nM57	100	0	2500	2	1	0.140	-1.038555e-01	4.023052e-02	9.893420e-03	9.856511e-03	9.962373e-03
0	nM59	100	0	2500	1	2	0.460	1.250590e-01	2.793420e-02	7.913020e-06	7.830781e-06	8.525155e-06
0	nM63	100	0	2500	2	1	0.180	1.383651e-01	3.627801e-02	1.400348e-04	1.389600e-04	1.455074e-04
0	nM69	100	0	2500	2	1	0.020	-2.199224e-01	9.974640e-02	2.755786e-02	2.748033e-02	2.764659e-02
0	nM78	100	0	2500	2	1	0.020	-1.874986e-01	9.977291e-02	6.032625e-02	6.019789e-02	6.040486e-02
0	nM81	100	0	2500	2	1	0.120	2.359487e-01	4.275472e-02	3.767932e-08	3.709549e-08	4.486698e-08
0	nM85	100	0	2500	2	1	0.020	2.415572e-01	9.972636e-02	1.549760e-02	1.544606e-02	1.557740e-02
0	nM89	100	0	2500	2	1	0.040	2.776379e-01	7.111495e-02	9.709172e-05	9.631305e-05	1.012835e-04
0	nM92	100	0	2500	1	2	0.440	-1.662993e-01	2.796237e-02	3.108400e-09	3.052810e-09	3.935468e-09
0	nM96	100	0	2500	2	1	0.020	-8.338249e-03	9.984327e-02	9.334500e-01	9.334168e-01	9.334235e-01
0	nM100	100	0	2500	1	2	0.080	6.369113e-02	5.150811e-02	2.163793e-01	2.161495e-01	2.163360e-01
0	nM105	100	0	2500	2	1	0.140	-2.530214e-01	3.996479e-02	2.876394e-10	2.818394e-10	3.894786e-10
0	nM108	100	0	2500	2	1	0.020	3.023865e-01	9.965993e-02	2.436722e-03	2.424511e-03	2.472070e-03
0	nM111	100	0	2500	1	2	0.040	-2.810268e-01	7.110962e-02	7.964349e-05	7.898989e-05	8.326568e-05
0	nM114	100	0	2500	2	1	0.500	1.067319e-01	2.787447e-02	1.318185e-04	1.307993e-04	1.370571e-04
0	nM117	100	0	2500	2	1	0.020	-3.237928e-01	9.963301e-02	1.169964e-03	1.163307e-03	1.192907e-03
0	nM120	100	0	2500	2	1	0.380	2.068431e-01	2.849891e-02	5.222656e-13	5.085775e-13	8.802947e-13
0	nM124	100	0	2500	2	1	0.020	2.133929e-01	9.975208e-02	3.251353e-02	3.242681e-02	3.260289e-02
0	nM129	100	0	2500	2	1	0.100	2.241268e-02	4.659143e-02	6.305250e-01	6.303539e-01	6.304040e-01
0	nM136	100	0	2500	2	1	0.040	-2.417639e-01	7.116737e-02	6.916587e-04	6.873849e-04	7.080993e-04
0	nM141	100	0	2500	2	1	0.200	-3.282709e-01	3.432240e-02	2.603962e-21	2.488340e-21	1.217237e-20
0	nM144	100	0	2500	2	1	0.300	2.270530e-01	3.016247e-02	7.168631e-14	6.967130e-14	1.310388e-13
0	nM150	100	0	2500	2	1	0.300	-3.084810e-01	2.987169e-02	1.645226e-24	1.560751e-24	1.311070e-23
0	nM152	100	0	2500	2	1	0.040	2.481330e-01	7.115860e-02	4.968266e-04	4.936033e-04	5.100463e-04
0	nM154	100	0	2500	2	1	0.020	-6.877388e-04	9.984341e-02	9.945046e-01	9.945019e-01	9.945024e-01
0	nM158	100	0	2500	2	1	0.200	-1.577580e-01	3.480235e-02	6.090072e-06	6.025264e-06	6.586868e-06
0	nM161	100	0	2500	1	2	0.020	3.469705e-01	9.960177e-02	5.032694e-04	5.000104e-04	5.166034e-04
0	nM168	100	0	2500	2	1	0.020	2.679058e-01	9.969942e-02	7.254545e-03	7.225440e-03	7.315440e-03
0	nM172	100	0	2500	2	1	0.020	-1.750307e-01	9.978197e-02	7.953060e-02	7.938023e-02	7.959534e-02
0	nM175	100	0	2500	1	2	0.100	-1.572182e-01	4.648729e-02	7.307812e-04	7.263031e-04	7.478189e-04
0	nM177	100	0	2500	1	2	0.460	-8.646935e-03	2.804551e-02	7.578661e-01	7.577488e-01	7.577767e-01
0	nM179	100	0	2500	2	1	0.120	-3.124596e-01	4.255783e-02	2.832715e-13	2.756814e-13	4.892401e-13
0	nM181	100	0	2500	2	1	0.040	-2.451033e-01	7.116280e-02	5.820605e-04	5.783703e-04	5.967451e-04
0	nM185	100	0	2500	2	1	0.060	8.127145e-03	5.885810e-02	8.901881e-01	8.901335e-01	8.901448e-01
0	nM189	100	0	2500	2	1	0.240	-2.470123e-01	3.235387e-02	3.199933e-14	3.107520e-14	6.055277e-14
0	nM192	100	0	2500	2	1	0.080	-3.378106e-01	5.107863e-02	4.573333e-11	4.473057e-11	6.560278e-11
0	nM197	100	0	2500	2	1	0.460	3.996053e-01	2.688226e-02	5.864955e-48	5.273524e-48	2.222089e-44
0	nM202	100	0	2500	1	2	0.500	-3.108627e-01	2.725548e-02	2.068863e-29	1.940810e-29	4.325585e-28
0	nM205	100	0	2500	2	1	0.400	2.915377e-01	2.793002e-02	5.380501e-25	5.098590e-25	4.680344e-24
0	nM207	100	0	2500	1	2	0.060	7.846250e-02	5.883738e-02	1.824735e-01	1.822547e-01	1.824541e-01
0	nM209	100	0	2500	2	1	0.020	-2.592343e-01	9.970859e-02	9.379505e-03	9.344060e-03	9.447082e-03
0	nM211	100	0	2500	2	1	0.440	-2.578998e-01	2.768283e-02	2.561718e-20	2.453514e-20	1.030852e-19
0	nM213	100	0	2500	2	1	0.220	1.038522e-01	3.367936e-02	2.067787e-03	2.057111e-03	2.099999e-03
0	nM217	100	0	2500	2	1	0.020	1.949087e-01	9.976722e-02	5.085592e-02	5.074019e-02	5.093999e-02
0	nM220	100	0	2500	2	1	0.280	-2.694390e-01	3.066134e-02	2.784183e-18	2.678965e-18	8.435468e-18
0	nM226	100	0	2500	2	1	0.020	2.133929e-01	9.975208e-02	3.251353e-02	3.242681e-02	3.260289e-02
0	nM228	100	0	2500	2	1	0.240	-2.775146e-01	3.225474e-02	1.339336e-17	1.290721e-17	3.716124e-17
0	nM233	100	0	2500	2	1	0.040	-1.954248e-01	7.122433e-02	6.116790e-03	6.091299e-03	6.173283e-03
0	nM236	100	0	2500	1	2	0.300	-1.625330e-02	3.050093e-02	5.941649e-01	5.939803e-01	5.940382e-01
0	nM238	100	0	2500	2	1	0.120	2.806075e-01	4.264658e-02	5.717758e-11	5.593613e-11	8.142460e-11
0	nM242	100	0	2500	2	1	0.040	-2.204321e-01	7.119510e-02	1.982135e-03	1.971824e-03	2.013573e-03
0	nM245	100	0	2500	2	1	0.040	-2.926178e-01	7.109090e-02	3.978188e-05	3.942933e-05	4.193352e-05
0	nM250	100	0	2500	2	1	0.140	2.393612e-01	3.999846e-02	2.485877e-09	2.440888e-09	3.166082e-09
0	nM253	100	0	2500	2	1	0.080	-3.012819e-02	5.152035e-02	5.587469e-01	5.585502e-01	5.586165e-01
0	nM256	100	0	2500	2	1	0.100	-3.130003e-01	4.617081e-02	1.502762e-11	1.468209e-11	2.237716e-11
0	nM258	100	0	2500	1	2	0.480	-2.138815e-01	2.764935e-02	1.482916e-14	1.438999e-14	2.902875e-14
0	nM260	100	0	2500	2	1	0.040	-2.852897e-01	7.110282e-02	6.188364e-05	6.136105e-05	6.488583e-05
0	nM264	100	0	2500	2	1	0.100	-1.268706e-01	4.652439e-02	6.436564e-03	6.410039e-03	6.494363e-03
0	nM267	100	0	2500	2	1	0.300	3.131626e-01	2.985218e-02	3.170378e-25	3.002692e-25	2.876341e-24
0	nM273	100	0	2500	2	1	0.160	-1.879182e-01	3.794250e-02	7.807381e-07	7.709023e-07	8.738001e-07
0	nM275	100	0	2500	2	1	0.040	3.400208e-01	7.100642e-02	1.777708e-06	1.756707e-06	1.961057e-06
0	nM283	100	0	2500	2	1	0.020	1.504866e-01	9.979800e-02	1.317034e-01	1.315103e-01	1.317245e-01
0	nM286	100	0	2500	2	1	0.180	-1.699042e-01	3.622432e-02	2.874516e-06	2.841874e-06	3.145804e-06
0	nM289	100	0	2500	1	2	0.280	3.351832e-01	3.040073e-02	1.235177e-27	1.163433e-27	1.783836e-26
0	nM291	100	0	2500	2	1	0.080	-2.015615e-02	5.152230e-02	6.956738e-01	6.955291e-01	6.955669e-01
0	nM294	100	0	2500	2	1	0.040	-1.113581e-01	7.129677e-02	1.184394e-01	1.182553e-01	1.184718e-01
0	nM297	100	0	2500	2	1	0.020	-3.755523e-01	9.956026e-02	1.656323e-04	1.643872e-04	1.718067e-04
0	nM301	100	0	2500	2	1	0.020	2.138553e-01	9.975168e-02	3.213902e-02	3.205298e-02	3.222837e-02
0	nM306	100	0	2500	2	1	0.180	-1.699042e-01	3.622432e-02	2.874516e-06	2.841874e-06	3.145804e-06
